1 2 35019.7500000 983.3306274 0.2260464 
1 3 35014.1757812 982.2089233 0.2249674 
1 4 35006.4648438 981.9347534 0.2249532 
1 5 34997.8593750 982.1425781 0.2248039 
1 6 34989.9375000 983.8577881 0.2257502 
1 7 34982.8984375 985.9039307 0.2251883 
1 8 34978.7109375 987.9107666 0.2238021 
1 9 34972.8281250 989.2800293 0.2242810 
1 10 34966.2265625 990.1268311 0.2242518 
1 11 34960.0000000 990.0000610 0.2242593 
1 12 34954.1875000 989.9706421 0.2244285 
1 13 34948.5703125 989.4458618 0.2246991 
1 14 34945.0820312 988.7576294 0.2252529 
1 15 34941.1484375 985.4381104 0.2242907 
1 16 34936.0742188 982.8909302 0.2263664 
1 17 34931.9375000 978.0771484 0.2246588 
1 18 34931.9375000 978.0771484 0.2246588 
1 19 34930.2578125 973.1156006 0.2247842 
1 20 34927.9609375 968.0615845 0.2248921 
1 21 34924.5351562 959.8662720 0.2233112 
1 22 34921.8984375 953.0394287 0.2234994 
1 23 34920.4687500 947.8228149 0.2235504 
1 24 34920.1328125 944.0252686 0.2234946 
1 25 34920.3437500 939.7311401 0.2233849 
1 26 34920.9335938 936.2587891 0.2233219 
1 27 34919.8906250 933.5100708 0.2227404 
1 28 34920.5195312 928.7666016 0.2229199 
1 29 34921.4609375 924.2432251 0.2231240 
1 30 34921.9726562 920.3113403 0.2230593 
1 31 34923.0742188 914.3468628 0.2235281 
1 32 34924.9609375 910.6141357 0.2237627 
1 33 34926.1015625 907.7466431 0.2238041 
1 34 34926.8203125 905.4840698 0.2247516 
1 35 34926.4335938 905.1217651 0.2268167 
1 36 34922.8281250 904.0606079 0.2277943 
1 37 34918.5273438 903.9196777 0.2281645 
1 38 34912.9062500 904.8291016 0.2283389 
1 39 34908.2851562 906.3900146 0.2283910 
1 40 34903.4140625 908.0186768 0.2283057 
1 41 34898.0078125 909.4504395 0.2281913 
1 42 34892.6250000 910.7084961 0.2280371 
1 43 34892.6250000 910.7084961 0.2280371 
1 44 34887.8945312 912.0898438 0.2278059 
1 45 34883.9414062 913.5202026 0.2273746 
1 46 34878.0781250 916.0086060 0.2261604 
1 47 34872.6601562 918.8251953 0.2252484 
1 48 34866.2695312 921.0488281 0.2246255 
1 49 34858.4140625 922.1174316 0.2234264 
1 50 34853.8945312 923.8953247 0.2229025 
1 51 34850.5742188 926.4425659 0.2224483 
1 52 34848.2734375 928.7173462 0.2221462 
1 53 34846.9375000 931.0118408 0.2218215 
1 54 34846.7812500 933.1083984 0.2216487 
1 55 34846.3515625 935.2453003 0.2214101 
1 56 34846.0234375 938.2054443 0.2213577 
1 57 34846.5546875 941.3284912 0.2217608 
1 58 34847.1250000 944.9305420 0.2221459 
1 59 34848.3437500 948.3196411 0.2225636 
1 60 34849.1679688 951.7023315 0.2227452 
1 61 34849.3476562 955.1623535 0.2228618 
1 62 34849.2929688 958.7723389 0.2233257 
1 63 34847.7578125 960.7131958 0.2232146 
1 64 34847.0742188 962.7796631 0.2230275 
1 65 34845.2421875 963.9826660 0.2227693 
1 66 34844.9296875 964.9203491 0.2228129 
1 67 34844.6640625 966.2541504 0.2227861 
1 68 34844.6640625 966.2541504 0.2227861 
1 69 34844.9335938 967.5880127 0.2228426 
1 70 34847.3476562 968.9824829 0.2236389 
1 71 34849.8320312 969.7199707 0.2247115 
1 72 34848.7617188 962.4913330 0.2252648 
1 73 34855.5625000 963.3837891 0.2278184 
1 74 34867.6328125 965.1359863 0.2332399 
1 75 34871.3437500 964.4600830 0.2350707 
1 76 34873.7851562 965.1225586 0.2362616 
1 77 34875.0390625 967.5689697 0.2367811 
1 78 34873.9687500 971.3622437 0.2363515 
1 79 34870.9218750 975.0612793 0.2359806 
1 80 34866.5234375 977.3612061 0.2357559 
1 81 34863.8632812 978.4067383 0.2356168 
1 82 34861.4921875 981.1142578 0.2354209 
1 83 34858.8281250 982.8048706 0.2355244 
1 84 34854.7109375 985.1289062 0.2352595 
1 85 34848.6953125 987.5905762 0.2346017 
1 86 34842.6718750 988.6699219 0.2340697 
1 87 34838.8867188 988.9016113 0.2339453 
1 88 34835.7070312 988.7929688 0.2339850 
1 89 34832.3242188 987.4311523 0.2341457 
1 90 34830.1250000 986.7248535 0.2342498 
1 91 34827.4882812 985.8620605 0.2345374 
1 92 34825.5312500 985.0328369 0.2346649 
1 93 34825.5312500 985.0328369 0.2346649 
1 94 34823.5781250 985.5386963 0.2349738 
1 95 34822.2617188 985.7631836 0.2349385 
1 96 34819.6289062 985.6274414 0.2343678 
1 97 34819.4843750 985.8365479 0.2345782 
1 98 34823.9218750 990.8372803 0.2379670 
1 99 34832.4921875 997.7723389 0.2429382 
1 100 34852.1914062 998.9287720 0.2427980 
1 101 34871.7773438 1006.7160645 0.2528706 
1 102 34893.2578125 1013.0952148 0.2600732 
1 103 34919.0273438 1021.6079102 0.2708716 
1 104 34948.0234375 1027.2742920 0.2801808 
1 105 34988.4570312 1051.1164551 0.2960854 
1 106 34988.4570312 1051.1164551 0.2960854 
1 107 34988.4570312 1049.9914551 0.2960854 
1 108 34991.8320312 1048.4388428 0.2960854 
1 109 35002.1171875 1047.6351318 0.2960854 
1 110 35016.2304688 1046.9278564 0.2960854 
1 111 35033.1484375 1045.1804199 0.2960854 
1 112 35054.2265625 1043.6520996 0.2960854 
1 113 35077.2773438 1042.3070068 0.2960854 
1 114 35101.5000000 1039.9984131 0.2960854 
1 115 35124.5000000 1036.8415527 0.2960854 
1 116 35145.2695312 1033.4648438 0.2960854 
1 117 35162.4218750 1029.9306641 0.2960854 
1 118 35177.5156250 1026.8208008 0.2960854 
1 119 35187.9882812 1022.9650879 0.2960854 
1 120 35193.2656250 1019.5720215 0.2960854 
1 121 35193.4101562 1016.0235596 0.2960854 
1 122 35187.9375000 1012.3353271 0.2960854 
1 123 35176.9296875 1007.9645386 0.2960854 
1 124 35158.8085938 1002.9931641 0.2960854 
1 125 35136.1093750 997.4932251 0.2960854 
1 126 35113.4062500 991.9932861 0.2960854 
1 127 35088.3671875 989.4035645 0.2960854 
1 128 35060.7109375 985.9994507 0.2960854 
1 129 35031.8710938 982.4413452 0.2960854 
1 130 35001.4296875 979.8727417 0.2960854 
1 131 34967.8867188 977.0498047 0.2960854 
1 132 34934.3476562 974.2268066 0.2960854 
1 133 34900.8085938 971.4038696 0.2960854 
1 134 34867.3515625 969.4822998 0.2960854 
1 135 34835.1015625 967.7911987 0.2960854 
1 136 34803.9101562 966.8657227 0.2960854 
1 137 34772.5195312 966.0512695 0.2960854 
1 138 34739.2734375 965.3345337 0.2960854 
1 139 34706.6367188 964.1412354 0.2960854 
1 140 34675.6718750 963.6536255 0.2960854 
1 141 34647.8867188 963.2244873 0.2960854 
1 142 34623.9960938 962.8468018 0.2960854 
1 143 34602.9726562 962.5145264 0.2960854 
1 144 34583.9101562 962.2220459 0.2960854 
1 145 34567.6992188 961.9646606 0.2960854 
1 146 34552.3085938 961.7380371 0.2960854 
1 147 34537.0781250 961.5386963 0.2960854 
1 148 34521.9843750 960.2380981 0.2960854 
1 149 34506.4531250 958.5310059 0.2960854 
1 150 34491.0976562 955.9036865 0.2960854 
1 151 34477.0234375 952.4664917 0.2960854 
1 152 34465.7617188 948.3167114 0.2960854 
1 153 34458.6640625 944.1022949 0.2960854 
1 154 34455.7929688 939.8310547 0.2960854 
1 155 34457.7695312 935.5098877 0.2960854 
1 156 34464.5703125 931.7072144 0.2960854 
1 157 34475.0625000 928.3389282 0.2960854 
1 158 34488.2343750 925.3747559 0.2960854 
1 159 34503.7656250 922.2037354 0.2960854 
1 160 34520.2421875 918.8507080 0.2960854 
1 161 34536.4531250 915.8427734 0.2960854 
1 162 34551.2851562 912.6331787 0.2960854 
1 163 34564.3320312 909.2462158 0.2960854 
1 164 34574.6914062 906.2655029 0.2960854 
1 165 34582.6835938 903.0798950 0.2960854 
1 166 34588.0273438 899.7140503 0.2960854 
1 167 34591.0429688 896.1895752 0.2960854 
1 168 34593.6953125 893.0880127 0.2960854 
1 169 34594.3437500 889.7960815 0.2960854 
1 170 34593.2265625 886.3366089 0.2960854 
1 171 34590.5546875 882.7296143 0.2960854 
1 172 34586.5156250 878.9929810 0.2960854 
1 173 34581.2734375 875.7047119 0.2960854 
1 174 34574.4101562 872.8099976 0.2960854 
1 175 34566.1250000 870.2625732 0.2960854 
1 176 34556.0156250 868.0209351 0.2960854 
1 177 34544.3281250 866.0499268 0.2960854 
1 178 34531.7890625 864.8778687 0.2960854 
1 179 34517.3828125 864.4090576 0.2960854 
1 180 34502.4531250 864.5590210 0.2960854 
1 181 34487.0664062 864.6910400 0.2960854 
1 182 34472.3984375 864.8071289 0.2960854 
1 183 34458.3671875 864.9093628 0.2960854 
1 184 34444.8984375 864.9993286 0.2960854 
1 185 34431.9179688 865.6409912 0.2960854 
1 186 34419.9296875 866.2057495 0.2960854 
1 187 34408.2578125 866.7027588 0.2960854 
1 188 34396.9531250 867.1403809 0.2960854 
1 189 34386.4414062 867.5255127 0.2960854 
1 190 34376.6289062 867.8651123 0.2960854 
1 191 34367.4296875 868.1640625 0.2960854 
1 192 34358.7734375 868.4271240 0.2960854 
1 193 34351.1562500 868.6585693 0.2960854 
1 194 34343.8906250 868.8623047 0.2960854 
1 195 34336.9296875 869.0413818 0.2960854 
1 196 34329.6835938 869.1987305 0.2960854 
1 197 34322.1835938 868.7747192 0.2960854 
1 198 34314.4570312 868.4014282 0.2960854 
1 199 34305.9687500 867.5103760 0.2960854 
1 200 34296.8125000 866.1636963 0.2960854 
1 201 34287.0664062 864.4160156 0.2960854 
1 202 34276.2421875 862.3156128 0.2960854 
1 203 34264.4648438 859.9046631 0.2960854 
1 204 34251.8515625 856.6580811 0.2960854 
1 205 34238.5000000 852.6760254 0.2960854 
1 206 34224.5000000 848.0466309 0.2960854 
1 207 34210.4960938 842.8476562 0.2960854 
1 208 34197.0468750 837.1474609 0.2960854 
1 209 34185.2109375 831.0058594 0.2960854 
1 210 34174.7929688 824.4760742 0.2960854 
1 211 34166.1875000 817.6049194 0.2960854 
1 212 34159.1796875 810.9957275 0.2960854 
1 213 34154.1367188 804.6170654 0.2960854 
1 214 34150.8242188 799.0038452 0.2960854 
1 215 34149.5937500 794.0642090 0.2960854 
1 216 34150.7656250 789.7172852 0.2960854 
1 217 34154.0429688 786.4545288 0.2960854 
1 218 34156.9296875 783.5833740 0.2960854 
1 219 34162.8437500 781.6192627 0.2960854 
1 220 34171.9882812 781.0159302 0.2960854 
1 221 34184.5351562 781.0478516 0.2960854 
1 222 34200.0781250 782.2009277 0.2960854 
1 223 34218.8203125 784.3408203 0.2960854 
1 224 34239.8125000 787.3489990 0.2960854 
1 225 34262.7890625 791.1213379 0.2960854 
1 226 34287.5078125 796.1286621 0.2960854 
1 227 34313.7617188 802.2142334 0.2960854 
1 228 34341.3632812 809.2570801 0.2960854 
1 229 34370.6757812 816.0174561 0.2960854 
1 230 34400.9726562 822.5292358 0.2960854 
1 231 34431.5703125 829.3847046 0.2960854 
1 232 34462.9960938 837.6677246 0.2960854 
1 233 34494.5859375 847.2070312 0.2960854 
1 234 34525.7656250 858.9770508 0.2960854 
1 235 34554.8867188 873.8351440 0.2960854 
1 236 34581.0781250 890.8482666 0.2960854 
1 237 34604.6914062 907.5073853 0.2960854 
1 238 34624.9062500 923.8552246 0.2960854 
1 239 34641.5703125 938.8038330 0.2960854 
1 240 34655.1093750 951.3963623 0.2960854 
1 241 34663.0859375 960.2274170 0.2960854 
1 242 34668.4179688 966.3110962 0.2960854 
1 243 34673.1093750 971.6647339 0.2960854 
1 244 34676.6757812 975.2508545 0.2960854 
1 245 34679.7890625 977.4501953 0.2960854 
1 246 34682.5312500 978.8229980 0.2960854 
1 247 34682.6914062 978.8956299 0.2960854 
1 248 34678.3320312 977.2718506 0.2960854 
1 249 34672.8085938 970.2172852 0.2960854 
1 250 34667.9492188 961.1964111 0.2960854 
1 251 34662.5468750 952.6956177 0.2960854 
1 252 34658.3515625 945.2149048 0.2960854 
1 253 34656.3476562 937.5067749 0.2960854 
1 254 34657.9609375 930.1610718 0.2960854 
1 255 34662.7539062 923.1342163 0.2960854 
1 256 34671.4765625 916.9506226 0.2960854 
1 257 34682.5234375 912.0715942 0.2960854 
1 258 34695.0625000 908.9031982 0.2960854 
1 259 34708.7343750 907.2736206 0.2960854 
1 260 34723.0117188 907.5272217 0.2960854 
1 261 34737.2695312 908.8756104 0.2960854 
1 262 34750.9375000 911.7498169 0.2960854 
1 263 34764.0937500 915.9667969 0.2960854 
1 264 34776.7929688 921.9280396 0.2960854 
1 265 34788.5312500 929.4241333 0.2960854 
1 266 34799.4218750 938.2709351 0.2960854 
1 267 34809.0078125 948.3063965 0.2960854 
1 268 34817.4453125 957.1375732 0.2960854 
1 269 34825.4296875 966.5967407 0.2960854 
1 270 34833.0195312 977.1710205 0.2960854 
1 271 34840.2617188 987.6015625 0.2960854 
1 272 34847.1953125 998.4680786 0.2960854 
1 273 34853.3007812 1009.1558228 0.2960854 
1 274 34858.6718750 1019.1235352 0.2960854 
1 275 34862.8359375 1028.4576416 0.2960854 
1 276 34865.9335938 1036.6716309 0.2960854 
1 277 34868.1015625 1043.9000244 0.2960854 
1 278 34870.0078125 1050.2609863 0.2960854 
1 279 34871.6835938 1055.8585205 0.2960854 
1 280 34873.1601562 1060.7844238 0.2960854 
1 281 34873.8984375 1064.5566406 0.2960854 
1 282 34873.9843750 1067.3135986 0.2960854 
1 283 34872.9335938 1068.0520020 0.2960854 
1 284 34870.3203125 1066.4516602 0.2960854 
1 285 34867.7109375 1064.8513184 0.2960854 
1 286 34865.0976562 1063.2509766 0.2960854 
1 287 34861.6757812 1059.5925293 0.2960854 
1 288 34858.1015625 1054.6853027 0.2960854 
1 289 34854.3906250 1049.8044434 0.2960854 
1 290 34851.1289062 1044.3841553 0.2960854 
1 291 34848.2500000 1039.0512695 0.2960854 
1 292 34846.2851562 1034.3577881 0.2960854 
1 293 34844.5546875 1030.2274170 0.2960854 
1 294 34843.0312500 1026.5927734 0.2960854 
1 295 34841.1250000 1023.3941650 0.2960854 
1 296 34838.3242188 1020.5794678 0.2960854 
1 297 34833.6093750 1017.5399780 0.2960854 
1 298 34827.2109375 1014.8651733 0.2960854 
1 299 34819.8906250 1011.9488525 0.2960854 
1 300 34788.2500000 890.8246460 0.2960854 
1 301 34790.5468750 892.9484863 0.2970107 
1 302 34795.3554688 895.4968872 0.2969139 
1 303 34799.2187500 897.2358398 0.2969441 
1 304 34803.6640625 898.6571045 0.2969452 
1 305 34808.4921875 900.2175293 0.2969194 
1 306 34813.9023438 901.4746704 0.2968748 
1 307 34817.9492188 903.0677490 0.2967871 
1 308 34820.1992188 905.2197876 0.2967971 
1 309 34820.9804688 908.4992676 0.2967435 
1 310 34819.9882812 913.8741455 0.2967012 
1 311 34819.2695312 922.5955200 0.2971994 
1 312 34815.5898438 934.0306396 0.2968884 
1 313 34812.8750000 947.0327148 0.2969072 
1 314 34810.2031250 959.8575439 0.2968647 
1 315 34807.2109375 972.2419434 0.2967126 
1 316 34803.3398438 983.6160889 0.2965943 
1 317 34799.0585938 994.2523193 0.2964926 
1 318 34799.0585938 994.2523193 0.2964926 
1 319 34794.1367188 1003.9677734 0.2964211 
1 320 34788.4570312 1012.1831665 0.2962299 
1 321 34781.1250000 1019.0780640 0.2959606 
1 322 34772.8789062 1023.6749268 0.2959567 
1 323 34763.2421875 1026.8153076 0.2956917 
1 324 34753.6367188 1027.1064453 0.2956183 
1 325 34743.4296875 1026.2530518 0.2954189 
1 326 34732.9726562 1024.7246094 0.2953809 
1 327 34721.8398438 1022.8555908 0.2950823 
1 328 34710.1640625 1020.0922852 0.2947647 
1 329 34697.6015625 1017.9219971 0.2945912 
1 330 34684.7343750 1015.7705688 0.2972760 
1 331 34679.0742188 1012.8349609 0.2918785 
1 332 34672.0351562 1009.3316040 0.2853225 
1 333 34662.9648438 1006.4023438 0.2804830 
1 334 34638.8046875 1003.7891846 0.2859654 
1 335 34618.1718750 1000.0491333 0.2854459 
1 336 34591.7421875 996.4140625 0.2874953 
1 337 34569.9726562 992.6229858 0.2875764 
1 338 34548.8867188 989.2144775 0.2878240 
1 339 34532.3593750 986.4869385 0.2875087 
1 340 34515.8828125 983.4942017 0.2871259 
1 341 34498.6328125 979.4129639 0.2866848 
1 342 34478.5937500 975.8633423 0.2863797 
1 343 34478.5937500 975.8633423 0.2863797 
1 344 34460.1250000 972.0891113 0.2860233 
1 345 34448.8828125 969.5909424 0.2821271 
1 346 34439.9531250 968.2806396 0.2796549 
1 347 34427.5312500 968.4078369 0.2799692 
1 348 34415.3281250 972.4166260 0.2799431 
1 349 34401.8007812 981.6815796 0.2800228 
1 350 34387.3789062 996.3617554 0.2802890 
1 351 34373.5351562 1016.4476318 0.2805969 
1 352 34358.8085938 1042.9014893 0.2816684 
1 353 34341.7656250 1077.8006592 0.2834576 
1 354 34326.4609375 1115.9199219 0.2834531 
1 355 34309.2968750 1156.9530029 0.2826854 
1 356 34291.6054688 1199.6390381 0.2808057 
1 357 34276.1757812 1239.0772705 0.2802695 
1 358 34276.1757812 1239.0772705 0.2794247 
1 359 34276.1757812 1239.0772705 0.2794247 
1 360 34276.1757812 1239.0772705 0.2794247 
1 361 34276.1757812 1239.0772705 0.2794247 
1 362 34276.1757812 1239.0772705 0.2794247 
1 363 34276.1757812 1239.0772705 0.2794247 
1 364 34276.1757812 1239.0772705 0.2794247 
1 365 34276.1757812 1239.0772705 0.2794247 
1 366 34276.1757812 1239.0772705 0.2794247 
1 367 34276.1757812 1239.0772705 0.2794247 
1 368 34276.1757812 1239.0772705 0.2794247 
1 369 34276.1757812 1239.0772705 0.2794247 
1 370 34276.1757812 1239.0772705 0.2794247 
1 371 34276.1757812 1239.0772705 0.2794247 
1 372 34276.1757812 1239.0772705 0.2794247 
1 373 34276.1757812 1239.0772705 0.2794247 
1 374 34276.1757812 1239.0772705 0.2794247 
1 375 34276.1757812 1239.0772705 0.2794247 
1 376 34276.1757812 1239.0772705 0.2794247 
1 377 34276.1757812 1239.0772705 0.2794247 
1 378 34276.1757812 1239.0772705 0.2794247 
1 379 34276.1757812 1239.0772705 0.2794247 
1 380 34276.1757812 1239.0772705 0.2794247 
1 381 34276.1757812 1239.0772705 0.2794247 
1 382 34276.1757812 1239.0772705 0.2794247 
1 383 34276.1757812 1239.0772705 0.2794247 
1 384 34276.1757812 1239.0772705 0.2794247 
1 385 34276.1757812 1239.0772705 0.2794247 
1 386 34276.1757812 1239.0772705 0.2794247 
1 387 34276.1757812 1239.0772705 0.2794247 
1 388 34276.1757812 1239.0772705 0.2794247 
1 389 34276.1757812 1239.0772705 0.2794247 
1 390 34276.1757812 1239.0772705 0.2794247 
1 391 34276.1757812 1239.0772705 0.2794247 
1 392 34276.1757812 1239.0772705 0.2794247 
1 393 34276.1757812 1239.0772705 0.2794247 
1 394 34276.1757812 1239.0772705 0.2794247 
1 395 34276.1757812 1239.0772705 0.2794247 
1 396 34276.1757812 1239.0772705 0.2794247 
1 397 34276.1757812 1239.0772705 0.2794247 
1 398 34276.1757812 1239.0772705 0.2794247 
1 399 34276.1757812 1239.0772705 0.2794247 
1 400 34276.1757812 1239.0772705 0.2794247 
1 401 34276.1757812 1239.0772705 0.2794247 
1 402 34276.1757812 1239.0772705 0.2794247 
1 403 34276.1757812 1239.0772705 0.2794247 
1 404 34276.1757812 1239.0772705 0.2794247 
1 405 34276.1757812 1239.0772705 0.2794247 
1 406 34276.1757812 1239.0772705 0.2794247 
1 407 34276.1757812 1239.0772705 0.2794247 
1 408 34276.1757812 1239.0772705 0.2794247 
1 409 34276.1757812 1239.0772705 0.2794247 
1 410 34276.1757812 1239.0772705 0.2794247 
1 411 34276.1757812 1239.0772705 0.2794247 
1 412 34276.1757812 1239.0772705 0.2794247 
1 413 34276.1757812 1239.0772705 0.2794247 
1 414 34276.1757812 1239.0772705 0.2794247 
1 415 34276.1757812 1239.0772705 0.2794247 
1 416 34276.1757812 1239.0772705 0.2794247 
1 417 34276.1757812 1239.0772705 0.2794247 
1 418 34276.1757812 1239.0772705 0.2794247 
1 419 34276.1757812 1239.0772705 0.2794247 
1 420 34276.1757812 1239.0772705 0.2794247 
1 421 34276.1757812 1239.0772705 0.2794247 
1 422 34276.1757812 1239.0772705 0.2794247 
1 423 34276.1757812 1239.0772705 0.2794247 
1 424 34276.1757812 1239.0772705 0.2794247 
1 425 34276.1757812 1239.0772705 0.2794247 
1 426 34276.1757812 1239.0772705 0.2794247 
1 427 34276.1757812 1239.0772705 0.2794247 
1 428 34276.1757812 1239.0772705 0.2794247 
1 429 34276.1757812 1239.0772705 0.2794247 
1 430 34276.1757812 1239.0772705 0.2794247 
1 431 34276.1757812 1239.0772705 0.2794247 
1 432 34276.1757812 1239.0772705 0.2794247 
1 433 34276.1757812 1239.0772705 0.2794247 
1 434 34276.1757812 1239.0772705 0.2794247 
1 435 34276.1757812 1239.0772705 0.2794247 
1 436 34276.1757812 1239.0772705 0.2794247 
1 437 34276.1757812 1239.0772705 0.2794247 
1 438 34276.1757812 1239.0772705 0.2794247 
1 439 34276.1757812 1239.0772705 0.2794247 
1 440 34276.1757812 1239.0772705 0.2794247 
1 441 34276.1757812 1239.0772705 0.2794247 
1 442 34276.1757812 1239.0772705 0.2794247 
1 443 34276.1757812 1239.0772705 0.2794247 
1 444 34276.1757812 1239.0772705 0.2794247 
1 445 34276.1757812 1239.0772705 0.2794247 
1 446 34276.1757812 1239.0772705 0.2794247 
1 447 34276.1757812 1239.0772705 0.2794247 
1 448 34276.1757812 1239.0772705 0.2794247 
1 449 34276.1757812 1239.0772705 0.2794247 
1 450 34276.1757812 1239.0772705 0.2794247 
1 451 34276.1757812 1239.0772705 0.2794247 
1 452 34276.1757812 1239.0772705 0.2794247 
1 453 34276.1757812 1239.0772705 0.2794247 
1 454 34276.1757812 1239.0772705 0.2794247 
1 455 34276.1757812 1239.0772705 0.2794247 
1 456 34276.1757812 1239.0772705 0.2794247 
1 457 34276.1757812 1239.0772705 0.2794247 
1 458 34276.1757812 1239.0772705 0.2794247 
1 459 34276.1757812 1239.0772705 0.2794247 
1 460 34276.1757812 1239.0772705 0.2794247 
1 461 34276.1757812 1239.0772705 0.2794247 
1 462 34276.1757812 1239.0772705 0.2794247 
1 463 34276.1757812 1239.0772705 0.2794247 
1 464 34276.1757812 1239.0772705 0.2794247 
1 465 34276.1757812 1239.0772705 0.2794247 
1 466 34276.1757812 1239.0772705 0.2794247 
1 467 34276.1757812 1239.0772705 0.2794247 
1 468 34276.1757812 1239.0772705 0.2794247 
1 469 34276.1757812 1239.0772705 0.2794247 
1 470 34276.1757812 1239.0772705 0.2794247 
1 471 34276.1757812 1239.0772705 0.2794247 
1 472 34276.1757812 1239.0772705 0.2794247 
1 473 34276.1757812 1239.0772705 0.2794247 
1 474 34276.1757812 1239.0772705 0.2794247 
1 475 34276.1757812 1239.0772705 0.2794247 
1 476 34276.1757812 1239.0772705 0.2794247 
1 477 34276.1757812 1239.0772705 0.2794247 
1 478 34276.1757812 1239.0772705 0.2794247 
1 479 34276.1757812 1239.0772705 0.2794247 
1 480 34276.1757812 1239.0772705 0.2794247 
1 481 34276.1757812 1239.0772705 0.2794247 
1 482 34276.1757812 1239.0772705 0.2794247 
1 483 34276.1757812 1239.0772705 0.2794247 
1 484 34276.1757812 1239.0772705 0.2794247 
1 485 34276.1757812 1239.0772705 0.2794247 
1 486 34276.1757812 1239.0772705 0.2794247 
1 487 34276.1757812 1239.0772705 0.2794247 
1 488 34276.1757812 1239.0772705 0.2794247 
1 489 34276.1757812 1239.0772705 0.2794247 
1 490 34276.1757812 1239.0772705 0.2794247 
1 491 34276.1757812 1239.0772705 0.2794247 
1 492 34276.1757812 1239.0772705 0.2794247 
1 493 34276.1757812 1239.0772705 0.2794247 
1 494 34276.1757812 1239.0772705 0.2794247 
1 495 34276.1757812 1239.0772705 0.2794247 
1 496 34276.1757812 1239.0772705 0.2794247 
1 497 34276.1757812 1239.0772705 0.2794247 
1 498 34276.1757812 1239.0772705 0.2794247 
1 499 34276.1757812 1239.0772705 0.2794247 
1 500 34276.1757812 1239.0772705 0.2794247 
1 501 34276.1757812 1239.0772705 0.2794247 
1 502 34276.1757812 1239.0772705 0.2794247 
1 503 34276.1757812 1239.0772705 0.2794247 
1 504 34276.1757812 1239.0772705 0.2794247 
1 505 34276.1757812 1239.0772705 0.2794247 
1 506 34960.9726562 1003.5513306 0.0220931 
1 506 34960.9726562 1003.5513306 0.0220931 
