11 0 28888.188 2522.6255 0.11
11 1 28883.59 2522.563 0.11
11 2 28879.107 2522.4858 0.11
11 3 28874.816 2522.4067 0.11
11 4 28870.777 2522.2969 0.11
11 5 28867.045 2522.2156 0.11
11 6 28863.658 2522.1204 0.11
11 7 28860.648 2522.01 0.11
11 8 28858.043 2521.8718 0.11
11 9 28855.861 2521.6912 0.11
11 10 28854.11 2521.4417 0.11
11 11 28852.77 2521.0996 0.11
11 12 28851.799 2520.6438 0.11
11 13 28851.135 2520.0547 0.11
11 14 28850.71 2519.3125 0.11
11 15 28850.453 2518.4 0.11
11 16 28850.303 2517.31 0.11
11 17 28850.215 2516.0503 0.11
11 18 28850.15 2514.6394 0.11
11 19 28850.086 2513.1006 0.11
11 20 28849.996 2511.4507 0.11
11 21 28849.95 2509.6946 0.11
11 22 28849.906 2507.827 0.11
11 23 28849.812 2505.839 0.11
11 24 28849.637 2503.7314 0.11
11 25 28849.404 2501.52 0.11
11 26 28849.107 2499.2388 0.11
11 27 28848.719 2496.9333 0.11
11 28 28848.201 2494.639 0.11
11 29 28847.506 2492.427 0.11
11 30 28846.584 2490.3457 0.11
11 31 28845.395 2488.4375 0.11
11 32 28843.922 2486.74 0.11
11 33 28842.19 2485.2832 0.11
11 34 28840.254 2484.0864 0.11
11 35 28838.195 2483.1538 0.11
11 36 28836.123 2482.4727 0.11
11 37 28834.135 2482.0168 0.11
11 38 28832.293 2481.7517 0.11
11 39 28830.63 2481.642 0.11
11 40 28829.148 2481.657 0.11
11 41 28827.812 2481.7715 0.11
11 42 28826.578 2481.9675 0.11
11 43 28825.402 2482.231 0.11
11 44 28824.248 2482.5498 0.11
11 45 28823.156 2482.9077 0.11
11 46 28822.143 2483.2803 0.11
11 47 28821.252 2483.6877 0.11
11 48 28820.52 2484.0632 0.11
11 49 28819.965 2484.3867 0.11
11 50 28819.578 2484.679 0.11
11 51 28819.336 2484.9385 0.11
11 52 28819.205 2485.165 0.11
11 53 28819.148 2485.3745 0.11
11 54 28819.121 2485.5493 0.11
11 55 28819.148 2485.7417 0.11
11 56 28819.215 2485.9722 0.11
11 57 28819.26 2486.2214 0.11
11 58 28819.25 2486.5027 0.11
11 59 28819.201 2486.8135 0.11
11 60 28819.191 2487.1023 0.11
11 61 28819.178 2487.396 0.11
11 62 28819.217 2487.6567 0.11
11 63 28819.27 2487.8794 0.11
11 64 28819.275 2488.066 0.11
11 65 28819.258 2488.2354 0.11
11 66 28819.254 2488.4316 0.11
11 67 28819.277 2488.6787 0.11
11 68 28819.357 2488.965 0.11
11 69 28819.434 2489.302 0.11
11 70 28819.494 2489.6946 0.11
11 71 28819.543 2490.1453 0.11
11 72 28819.54 2490.6543 0.11
11 73 28819.47 2491.2168 0.11
11 74 28819.324 2491.819 0.11
11 75 28819.078 2492.4531 0.11
11 76 28818.713 2493.1042 0.11
11 77 28818.213 2493.7522 0.11
11 78 28817.566 2494.361 0.11
11 79 28816.775 2494.9512 0.11
11 80 28815.844 2495.5085 0.11
11 81 28814.785 2496.0662 0.11
11 82 28813.613 2496.6294 0.11
11 83 28812.354 2497.1533 0.11
11 84 28811.059 2497.6187 0.11
11 85 28809.707 2498.0103 0.11
11 86 28808.412 2498.3206 0.11
11 87 28807.191 2498.5503 0.11
11 88 28806.078 2498.7058 0.11
11 89 28805.082 2498.7957 0.11
11 90 28804.201 2498.8267 0.11
11 91 28803.428 2498.8013 0.11
11 92 28802.752 2498.716 0.11
11 93 28802.158 2498.5613 0.11
11 94 28801.633 2498.3208 0.11
11 95 28801.164 2497.975 0.11
11 96 28800.748 2497.5034 0.11
11 97 28800.387 2496.8877 0.11
11 98 28800.05 2496.1177 0.11
11 99 28799.77 2495.1926 0.11
11 100 28799.51 2494.1204 0.11
11 101 28799.168 2492.911 0.11
11 102 28798.678 2491.5698 0.11
11 103 28797.965 2490.0989 0.11
11 104 28796.938 2488.5017 0.11
11 105 28795.488 2486.7898 0.11
11 106 28793.488 2484.9832 0.11
11 107 28790.795 2483.1072 0.11
11 108 28787.268 2481.1897 0.11
11 109 28782.816 2479.258 0.11
11 110 28777.428 2477.3306 0.11
11 111 28771.15 2475.4453 0.11
11 112 28764.05 2473.6262 0.11
11 113 28756.162 2471.8865 0.11
11 114 28747.486 2470.2214 0.11
11 115 28738.008 2468.6082 0.11
11 116 28727.727 2467.0132 0.11
11 117 28716.676 2465.3667 0.11
11 118 28704.936 2463.6748 0.11
11 119 28692.611 2461.92 0.11
11 120 28679.828 2460.0952 0.11
11 121 28666.715 2458.2036 0.11
11 122 28653.412 2456.262 0.11
11 123 28640.05 2454.3015 0.11
11 124 28626.826 2452.3342 0.11
11 125 28613.836 2450.4224 0.11
11 126 28601.201 2448.5999 0.11
11 127 28589.018 2446.8909 0.11
11 128 28577.36 2445.308 0.11
11 129 28566.305 2443.8557 0.11
11 130 28555.953 2442.5364 0.11
11 131 28546.45 2441.3574 0.11
11 132 28537.982 2440.3315 0.11
11 133 28530.77 2439.474 0.11
11 134 28525.01 2438.7964 0.11
11 135 28520.826 2438.2993 0.11
11 136 28518.242 2437.9724 0.11
11 137 28517.17 2437.7957 0.11
11 138 28517.447 2437.7432 0.11
11 139 28518.865 2437.7878 0.11
11 140 28521.197 2437.905 0.11
11 141 28524.19 2438.0698 0.11
11 142 28527.576 2438.27 0.11
11 143 28531.092 2438.4885 0.11
11 144 28534.44 2438.7437 0.11
11 145 28537.473 2438.9624 0.11
11 146 28540.07 2439.1453 0.11
11 147 28542.193 2439.3098 0.11
11 148 28543.865 2439.4387 0.11
11 149 28545.146 2439.5327 0.11
11 150 28546.117 2439.6191 0.11
11 151 28546.848 2439.7375 0.11
11 152 28547.387 2439.8174 0.11
11 153 28547.756 2439.915 0.11
11 154 28547.95 2440.0088 0.11
11 155 28547.928 2440.0667 0.11
11 156 28547.629 2440.0728 0.11
11 157 28546.977 2440.0413 0.11
11 158 28545.906 2439.968 0.11
11 159 28544.393 2439.847 0.11
11 160 28542.469 2439.6785 0.11
11 161 28540.219 2439.4727 0.11
11 162 28537.764 2439.2346 0.11
11 163 28535.215 2438.979 0.11
11 164 28532.64 2438.687 0.11
11 165 28530.121 2438.4226 0.11
11 166 28527.662 2438.154 0.11
11 167 28525.29 2437.868 0.11
11 168 28523.023 2437.5479 0.11
11 169 28520.88 2437.208 0.11
11 170 28518.877 2436.8975 0.11
11 171 28517.021 2436.6028 0.11
11 172 28515.314 2436.3425 0.11
11 173 28513.75 2436.1172 0.11
11 174 28512.324 2435.8835 0.11
11 175 28511.035 2435.6343 0.11
11 176 28509.889 2435.391 0.11
11 177 28508.887 2435.1758 0.11
11 178 28508.03 2434.9846 0.11
11 179 28507.314 2434.807 0.11
11 180 28506.732 2434.6475 0.11
11 181 28506.27 2434.4744 0.11
11 182 28505.914 2434.2737 0.11
11 183 28505.652 2434.0415 0.11
11 184 28505.479 2433.8135 0.11
11 185 28505.389 2433.574 0.11
11 186 28505.379 2433.3289 0.11
11 187 28505.45 2433.052 0.11
11 188 28505.605 2432.7383 0.11
11 189 28505.855 2432.3767 0.11
11 190 28506.203 2431.9507 0.11
11 191 28506.654 2431.442 0.11
11 192 28507.21 2430.8364 0.11
11 193 28507.873 2430.1284 0.11
11 194 28508.64 2429.323 0.11
11 195 28509.516 2428.434 0.11
11 196 28510.502 2427.48 0.11
11 197 28511.611 2426.4824 0.11
11 198 28512.86 2425.4524 0.11
11 199 28514.266 2424.4055 0.11
11 200 28515.855 2423.3628 0.11
11 201 28517.654 2422.3577 0.11
11 202 28519.684 2421.3706 0.11
11 203 28521.955 2420.4158 0.11
11 204 28524.469 2419.4768 0.11
11 205 28527.209 2418.5388 0.11
11 206 28530.143 2417.6577 0.11
11 207 28533.227 2416.825 0.11
11 208 28536.418 2416.0647 0.11
11 209 28539.682 2415.3965 0.11
11 210 28542.97 2414.8347 0.11
11 211 28546.281 2414.3872 0.11
11 212 28549.535 2414.054 0.11
11 213 28552.725 2413.8276 0.11
11 214 28555.88 2413.697 0.11
11 215 28559.006 2413.6477 0.11
11 216 28562.191 2413.6658 0.11
11 217 28565.459 2413.7375 0.11
11 218 28568.814 2413.8533 0.11
11 219 28572.236 2414.007 0.11
11 220 28575.682 2414.1792 0.11
11 221 28579.049 2414.3867 0.11
11 222 28582.305 2414.628 0.11
11 223 28585.398 2414.8713 0.11
11 224 28588.297 2415.0833 0.11
11 225 28590.98 2415.2795 0.11
11 226 28593.44 2415.444 0.11
11 227 28595.662 2415.5881 0.11
11 228 28597.639 2415.71 0.11
11 229 28599.355 2415.8293 0.11
11 230 28600.803 2415.949 0.11
11 231 28601.982 2416.0352 0.11
11 232 28602.906 2416.0823 0.11
11 233 28603.607 2416.0786 0.11
11 234 28604.127 2416.0093 0.11
11 235 28604.518 2415.8594 0.11
11 236 28604.832 2415.6138 0.11
11 237 28605.12 2415.256 0.11
11 238 28605.455 2414.7659 0.11
11 239 28605.887 2414.1216 0.11
11 240 28606.494 2413.3083 0.11
11 241 28607.373 2412.329 0.11
11 242 28608.621 2411.2134 0.11
11 243 28610.32 2410.0188 0.11
11 244 28612.521 2408.8247 0.11
11 245 28615.238 2407.7188 0.11
11 246 28618.453 2406.782 0.11
11 247 28622.125 2406.0764 0.11
11 248 28626.195 2405.638 0.11
11 249 28630.592 2405.4778 0.11
11 250 28635.23 2405.5903 0.11
11 251 28640.018 2405.9626 0.11
11 252 28644.855 2406.5828 0.11
11 253 28649.637 2407.4436 0.11
11 254 28654.291 2408.5435 0.11
11 255 28658.754 2409.8867 0.11
11 256 28662.977 2411.4817 0.11
11 257 28666.926 2413.3396 0.11
11 258 28670.578 2415.466 0.11
11 259 28673.922 2417.85 0.11
11 260 28676.943 2420.4531 0.11
11 261 28679.643 2423.2112 0.11
11 262 28682.04 2426.0466 0.11
11 263 28684.17 2428.887 0.11
11 264 28686.09 2431.679 0.11
11 265 28687.852 2434.391 0.11
11 266 28689.498 2437.0046 0.11
11 267 28691.059 2439.5037 0.11
11 268 28692.559 2441.8706 0.11
11 269 28694.01 2444.088 0.11
11 270 28695.408 2446.1406 0.11
11 271 28696.75 2448.0198 0.11
11 272 28698.064 2449.7246 0.11
11 273 28699.322 2451.258 0.11
11 274 28700.63 2452.6235 0.11
11 275 28702.023 2453.8218 0.11
11 276 28703.48 2454.8508 0.11
11 277 28705.025 2455.7107 0.11
11 278 28706.678 2456.4062 0.11
11 279 28708.445 2456.9495 0.11
11 280 28710.334 2457.3582 0.11
11 281 28712.346 2457.6533 0.11
11 282 28714.48 2457.8584 0.11
11 283 28716.74 2457.995 0.11
11 284 28719.12 2458.0864 0.11
11 285 28721.596 2458.1433 0.11
11 286 28724.146 2458.1826 0.11
11 287 28726.73 2458.1858 0.11
11 288 28729.373 2458.2192 0.11
11 289 28731.988 2458.278 0.11
11 290 28734.578 2458.3667 0.11
11 291 28737.111 2458.4846 0.11
11 292 28739.637 2458.633 0.11
11 293 28742.105 2458.815 0.11
11 294 28744.496 2459.0334 0.11
11 295 28746.838 2459.2893 0.11
11 296 28749.121 2459.5635 0.11
11 297 28751.342 2459.8738 0.11
11 298 28753.51 2460.2195 0.11
11 299 28755.623 2460.5745 0.11
11 300 28757.672 2460.9268 0.11
11 301 28759.654 2461.3262 0.11
11 302 28761.535 2461.814 0.11
11 303 28763.256 2462.455 0.11
11 304 28764.758 2463.3386 0.11
11 305 28765.988 2464.5713 0.11
11 306 28766.922 2466.2583 0.11
11 307 28767.555 2468.4763 0.11
11 308 28767.91 2471.2483 0.11
11 309 28768.014 2474.525 0.11
11 310 28767.898 2478.1873 0.11
11 311 28767.592 2482.0735 0.11
11 312 28767.11 2486.0283 0.11
11 313 28766.443 2489.9075 0.11
11 314 28765.564 2493.645 0.11
11 315 28764.416 2497.1892 0.11
11 316 28762.938 2500.497 0.11
11 317 28761.068 2503.5188 0.11
11 318 28758.773 2506.1987 0.11
11 319 28756.037 2508.4858 0.11
11 320 28752.873 2510.3481 0.11
11 321 28749.303 2511.7815 0.11
11 322 28745.361 2512.8113 0.11
11 323 28741.08 2513.4858 0.11
11 324 28736.48 2513.8665 0.11
11 325 28731.566 2514.0159 0.11
11 326 28726.324 2513.9888 0.11
11 327 28720.713 2513.8257 0.11
11 328 28714.674 2513.5508 0.11
11 329 28708.154 2513.176 0.11
11 330 28701.129 2512.7097 0.11
11 331 28693.629 2512.1672 0.11
11 332 28685.744 2511.5742 0.11
11 333 28677.613 2510.9636 0.11
11 334 28669.4 2510.3462 0.11
11 335 28661.3 2509.7605 0.11
11 336 28653.42 2509.211 0.11
11 337 28645.844 2508.6973 0.11
11 338 28638.592 2508.2249 0.11
11 339 28631.633 2507.8167 0.11
11 340 28624.916 2507.5264 0.11
11 341 28618.4 2507.4775 0.11
11 342 28612.055 2507.9062 0.11
11 343 28605.855 2509.084 0.11
11 344 28599.775 2511.176 0.11
11 345 28593.793 2514.2615 0.11
11 346 28587.898 2518.4504 0.11
11 347 28582.096 2523.9084 0.11
11 348 28576.406 2530.804 0.11
11 349 28570.861 2539.257 0.11
11 350 28565.492 2549.3088 0.11
11 351 28560.314 2560.9167 0.11
11 352 28555.328 2573.9736 0.11
11 353 28550.518 2588.3396 0.11
11 354 28545.863 2603.8687 0.11
11 355 28541.36 2620.414 0.11
11 356 28537.016 2637.8037 0.11
11 357 28532.861 2655.7852 0.11
11 358 28528.922 2674.007 0.11
11 359 28525.232 2692.1033 0.11
11 360 28521.822 2709.7976 0.11
11 361 28518.723 2726.9268 0.11
11 362 28515.955 2743.4133 0.11
11 363 28513.516 2759.259 0.11
11 364 28511.373 2774.5415 0.11
11 365 28509.475 2789.3906 0.11
11 366 28507.766 2803.9504 0.11
11 367 28506.201 2818.3499 0.11
11 368 28504.756 2832.677 0.11
11 369 28503.42 2846.983 0.11
11 370 28502.197 2861.3035 0.11
11 371 28501.092 2875.6 0.11
11 372 28500.104 2889.8027 0.11
11 373 28499.227 2903.8145 0.11
11 374 28498.45 2917.5288 0.11
11 375 28497.76 2930.8523 0.11
11 376 28497.146 2943.7197 0.11
11 377 28496.605 2956.0984 0.11
11 378 28496.127 2967.9895 0.11
11 379 28495.703 2979.4294 0.11
11 380 28495.303 2990.4895 0.11
11 381 28494.932 3001.2615 0.11
11 382 28494.514 3011.8276 0.11
11 383 28494.04 3022.22 0.11
11 384 28493.537 3032.3997 0.11
11 385 28492.977 3042.281 0.11
11 386 28492.424 3051.791 0.11
11 387 28491.938 3060.9214 0.11
11 388 28491.543 3069.7366 0.11
11 389 28491.256 3078.3506 0.11
11 390 28491.082 3086.8962 0.11
11 391 28491.018 3095.4565 0.11
11 392 28491.062 3104.0977 0.11
11 393 28491.213 3112.8323 0.11
11 394 28491.473 3121.65 0.11
11 395 28491.848 3130.5334 0.11
11 396 28492.334 3139.472 0.11
11 397 28492.916 3148.4634 0.11
11 398 28493.564 3157.5098 0.11
11 399 28494.234 3166.607 0.11
11 400 28494.883 3175.727 0.11
11 401 28495.443 3184.8523 0.11
11 402 28495.88 3193.9233 0.11
11 403 28496.178 3202.9119 0.11
11 404 28496.334 3211.8154 0.11
11 405 28496.355 3220.6802 0.11
11 406 28496.252 3229.5378 0.11
11 407 28496.035 3238.4805 0.11
11 408 28495.713 3247.5388 0.11
11 409 28495.295 3256.6875 0.11
11 410 28494.793 3265.8662 0.11
11 411 28494.229 3274.9956 0.11
11 412 28493.617 3284.104 0.11
11 413 28492.982 3293.2554 0.11
11 414 28492.307 3302.5566 0.11
11 415 28491.664 3312.1086 0.11
11 416 28491.031 3321.974 0.11
11 417 28490.346 3332.158 0.11
11 418 28489.607 3342.608 0.11
11 419 28488.816 3353.2393 0.11
11 420 28487.945 3363.9707 0.11
11 421 28487.021 3374.7476 0.11
11 422 28486.033 3385.5383 0.11
11 423 28484.984 3396.3037 0.11
11 424 28483.877 3407.0757 0.11
11 425 28482.709 3417.8584 0.11
11 426 28481.469 3428.6118 0.11
11 427 28480.14 3439.3342 0.11
11 428 28478.71 3450.004 0.11
11 429 28477.168 3460.619 0.11
11 430 28475.508 3471.139 0.11
11 431 28473.756 3481.5415 0.11
11 432 28471.967 3491.859 0.11
11 433 28470.21 3502.173 0.11
11 434 28468.672 3512.5708 0.11
11 435 28467.477 3523.1345 0.11
11 436 28466.643 3534.3123 0.11000985
11 437 28466.072 3546.6199 0.11009452
11 438 28465.678 3559.9624 0.11043729
11 439 28465.486 3576.5557 0.111322924
11 440 28465.625 3592.3894 0.11300459
11 441 28466.22 3609.649 0.11558094
11 442 28467.35 3628.4885 0.11899625
11 443 28469.055 3648.9197 0.12311761
11 444 28471.34 3670.7751 0.12779139
11 445 28474.162 3693.695 0.13285044
11 446 28477.41 3717.188 0.13810469
11 447 28480.92 3740.7588 0.14334862
11 448 28484.486 3764.0078 0.14838606
11 449 28487.91 3786.65 0.15305234
11 450 28491.02 3808.491 0.15722309
11 451 28493.693 3829.4133 0.16081561
11 452 28495.877 3849.3713 0.16379093
11 453 28497.576 3868.3848 0.16615549
11 454 28498.844 3886.5203 0.16795664
11 455 28499.748 3903.8655 0.16927011
11 456 28500.355 3920.5034 0.17018387
11 457 28500.707 3936.4866 0.170784
11 458 28500.824 3951.8164 0.17114589
11 459 28500.713 3966.4543 0.17133133
11 460 28500.38 3980.3748 0.17139073
11 461 28499.85 3993.6082 0.17136766
11 462 28499.164 4006.2485 0.1713014
11 463 28498.383 4018.4338 0.17122485
11 464 28497.57 4030.3213 0.1711602
11 465 28496.807 4042.0579 0.17111672
11 466 28496.117 4053.753 0.17109302
11 467 28495.541 4065.4514 0.17108251
11 468 28495.115 4077.1782 0.17107904
11 469 28494.877 4088.8577 0.17108028
11 470 28494.865 4100.4297 0.17108811
11 471 28495.11 4111.835 0.17110637
11 472 28495.635 4123.041 0.17113742
11 473 28496.453 4134.0425 0.17118008
11 474 28497.582 4144.851 0.17122978
11 475 28499.033 4155.483 0.17128083
11 476 28500.83 4165.9507 0.17133
11 477 28502.99 4176.2676 0.17137966
11 478 28505.523 4186.453 0.17143854
11 479 28508.424 4196.5366 0.17151809
11 480 28511.654 4206.5503 0.17162517
11 481 28515.137 4216.5083 0.1717559
11 482 28518.764 4226.385 0.17189533
11 483 28522.408 4236.0967 0.17202364
11 484 28525.947 4245.496 0.17212458
11 485 28529.277 4254.406 0.1721913
11 486 28532.332 4262.675 0.17222777
11 487 28535.08 4270.2085 0.17224681
11 488 28537.527 4276.957 0.17226653
11 489 28539.697 4282.883 0.17230573
11 490 28541.623 4287.9385 0.17237887
11 491 28543.34 4292.067 0.1724917
11 492 28544.87 4295.2124 0.17263997
11 493 28546.234 4297.336 0.17281123
11 494 28547.457 4298.4194 0.17298847
11 495 28548.566 4298.473 0.17315312
11 496 28549.6 4297.549 0.17328717
11 497 28550.578 4295.76 0.17337592
11 498 28551.531 4293.291 0.17341182
11 499 28552.535 4290.3823 0.17339738
11 500 28553.615 4287.276 0.17334421
11 501 28554.752 4284.1606 0.17326754
11 502 28555.941 4281.134 0.17318
11 503 28557.18 4278.1973 0.1730886
11 504 28558.445 4275.296 0.1729963
