1 2 9644.8203125 6481.9111328 0.1993391 
1 3 9642.8281250 6483.0854492 0.1992969 
1 4 9640.2089844 6484.3505859 0.1992563 
1 5 9637.7900391 6485.0224609 0.1992076 
1 6 9635.4746094 6485.2099609 0.1991687 
1 7 9634.4013672 6484.9804688 0.1991149 
1 8 9634.2929688 6483.9423828 0.1991019 
1 9 9634.9550781 6482.3027344 0.1991260 
1 10 9637.3017578 6480.1328125 0.1991833 
1 11 9640.8183594 6477.4702148 0.1992219 
1 12 9647.2167969 6474.3310547 0.1992610 
1 13 9656.4628906 6470.7890625 0.1993593 
1 14 9667.0107422 6466.9926758 0.1994734 
1 15 9678.5292969 6462.9340820 0.1996257 
1 16 9690.6562500 6458.6835938 0.1997667 
1 17 9702.3564453 6454.2255859 0.1999162 
1 18 9714.2177734 6449.4096680 0.2000633 
1 19 9714.2177734 6449.4096680 0.2000633 
1 20 9726.1005859 6444.4121094 0.2002383 
1 21 9737.4375000 6439.4194336 0.2004015 
1 22 9747.8447266 6434.6748047 0.2005419 
1 23 9757.6054688 6430.1396484 0.2006813 
1 24 9766.8427734 6425.5395508 0.2007982 
1 25 9775.6728516 6421.2783203 0.2009411 
1 26 9783.9238281 6417.4052734 0.2010695 
1 27 9792.0224609 6413.6547852 0.2011751 
1 28 9800.0009766 6410.0004883 0.2012744 
1 29 9807.9082031 6406.4443359 0.2014016 
1 30 9815.6318359 6403.1865234 0.2015358 
1 31 9823.2636719 6399.9750977 0.2016430 
1 32 9830.5166016 6396.8725586 0.2017209 
1 33 9837.5019531 6393.8681641 0.2018274 
1 34 9844.3203125 6390.7988281 0.2019018 
1 35 9850.9677734 6387.7646484 0.2020141 
1 36 9857.4355469 6384.6552734 0.2020990 
1 37 9863.7480469 6381.5385742 0.2021672 
1 38 9869.8369141 6378.4624023 0.2023184 
1 39 9876.0019531 6375.3291016 0.2024130 
1 40 9882.2041016 6372.0214844 0.2025069 
1 41 9888.5634766 6368.3295898 0.2026217 
1 42 9894.9091797 6364.5292969 0.2027256 
1 43 9901.2050781 6360.7255859 0.2028403 
1 44 9901.2050781 6360.7255859 0.2028403 
1 45 9907.3984375 6357.0405273 0.2029369 
1 46 9913.4316406 6353.3867188 0.2030150 
1 47 9919.3125000 6349.6718750 0.2031113 
1 48 9925.0703125 6345.9023438 0.2032130 
1 49 9930.8164062 6342.0917969 0.2033455 
1 50 9936.5878906 6338.3227539 0.2034632 
1 51 9942.4873047 6334.6533203 0.2035606 
1 52 9948.4287109 6331.0209961 0.2036549 
1 53 9954.3984375 6327.5107422 0.2037361 
1 54 9960.4628906 6323.9990234 0.2038265 
1 55 9966.5107422 6320.3730469 0.2039083 
1 56 9972.4736328 6316.6748047 0.2040518 
1 57 9978.5107422 6312.7958984 0.2041702 
1 58 9984.4638672 6308.7475586 0.2042557 
1 59 9990.3525391 6304.6699219 0.2043407 
1 60 9996.0283203 6300.5981445 0.2044352 
1 61 10001.4980469 6296.4672852 0.2045951 
1 62 10007.0029297 6292.3408203 0.2046739 
1 63 10012.4130859 6288.2578125 0.2047668 
1 64 10017.8183594 6284.1523438 0.2048626 
1 65 10023.1894531 6279.9208984 0.2049739 
1 66 10028.5439453 6275.6347656 0.2050842 
1 67 10033.9101562 6271.2397461 0.2051698 
1 68 10039.1347656 6266.5971680 0.2053012 
1 69 10039.1347656 6266.5971680 0.2053012 
1 70 10044.2734375 6261.8608398 0.2054093 
1 71 10049.2666016 6257.0952148 0.2054871 
1 72 10054.0068359 6252.3671875 0.2055915 
1 73 10058.6113281 6247.6621094 0.2056913 
1 74 10063.0400391 6243.0166016 0.2057481 
1 75 10067.3515625 6238.4072266 0.2058365 
1 76 10071.6943359 6233.9990234 0.2058904 
1 77 10076.0576172 6229.7319336 0.2059966 
1 78 10080.5185547 6225.5083008 0.2061382 
1 79 10085.3281250 6221.3095703 0.2062111 
1 80 10090.3056641 6217.2246094 0.2063107 
1 81 10095.5585938 6213.1250000 0.2064096 
1 82 10101.0048828 6209.2470703 0.2064598 
1 83 10106.4882812 6205.5029297 0.2065990 
1 84 10112.2304688 6201.8925781 0.2066976 
1 85 10118.1425781 6198.2329102 0.2067929 
1 86 10124.2373047 6194.4389648 0.2068472 
1 87 10130.4140625 6190.5595703 0.2069603 
1 88 10136.9023438 6186.5957031 0.2070520 
1 89 10143.5390625 6182.6464844 0.2071469 
1 90 10150.3017578 6178.6787109 0.2072513 
1 91 10157.2734375 6174.7114258 0.2073471 
1 92 10164.3232422 6170.8051758 0.2074287 
1 93 10171.5644531 6166.7724609 0.2075620 
1 94 10171.5644531 6166.7724609 0.2075620 
1 95 10178.9150391 6162.6621094 0.2076617 
1 96 10186.3515625 6158.5473633 0.2077503 
1 97 10193.6484375 6154.4038086 0.2078315 
1 98 10200.8242188 6150.2822266 0.2079415 
1 99 10207.9980469 6146.1601562 0.2080137 
1 100 10215.1035156 6142.0722656 0.2081179 
1 101 10222.0703125 6138.0898438 0.2082167 
1 102 10228.9726562 6134.2480469 0.2082829 
1 103 10235.6923828 6130.5712891 0.2083405 
1 104 10242.2744141 6127.0092773 0.2084820 
1 105 10248.9375000 6123.4887695 0.2085646 
1 106 10255.4960938 6119.9423828 0.2087191 
1 107 10262.0937500 6116.3554688 0.2088186 
1 108 10268.7216797 6112.5888672 0.2089165 
1 109 10275.2636719 6108.6567383 0.2089876 
1 110 10281.7402344 6104.7119141 0.2090163 
1 111 10288.1328125 6100.7695312 0.2090989 
1 112 10294.5410156 6096.7109375 0.2092295 
1 113 10300.8408203 6092.6699219 0.2093119 
1 114 10307.1640625 6088.7636719 0.2093885 
1 115 10313.5244141 6084.9370117 0.2094370 
1 116 10319.9003906 6081.1127930 0.2094715 
1 117 10326.3574219 6077.1577148 0.2095504 
1 118 10332.9013672 6073.2075195 0.2096127 
1 119 10332.9013672 6073.2075195 0.2096127 
1 120 10339.4912109 6069.2929688 0.2096929 
1 121 10346.2021484 6065.3144531 0.2097829 
1 122 10353.0585938 6061.2407227 0.2098583 
1 123 10360.2490234 6057.2294922 0.2099070 
1 124 10367.5214844 6053.1259766 0.2099785 
1 125 10374.9941406 6048.8701172 0.2100637 
1 126 10382.7490234 6044.4785156 0.2101158 
1 127 10390.7949219 6039.8515625 0.2102048 
1 128 10398.9160156 6035.2104492 0.2102957 
1 129 10406.9707031 6030.6201172 0.2103407 
1 130 10415.0292969 6025.9760742 0.2103816 
1 131 10423.0380859 6021.3159180 0.2104733 
1 132 10430.9199219 6016.5712891 0.2105387 
1 133 10438.6562500 6011.7792969 0.2106276 
1 134 10446.0449219 6006.8623047 0.2106859 
1 135 10453.0625000 6001.7631836 0.2107405 
1 136 10459.9042969 5996.5576172 0.2108064 
1 137 10466.5771484 5991.2353516 0.2109132 
1 138 10473.0068359 5985.8403320 0.2109858 
1 139 10479.2480469 5980.3955078 0.2110237 
1 140 10485.2724609 5974.8974609 0.2110739 
1 141 10490.9843750 5969.4311523 0.2111218 
1 142 10496.8164062 5964.2080078 0.2112150 
1 143 10502.7363281 5959.3808594 0.2112821 
1 144 10502.7363281 5959.3808594 0.2112821 
1 145 10508.7802734 5954.8515625 0.2113415 
1 146 10514.9746094 5950.5937500 0.2114395 
1 147 10521.3906250 5946.5068359 0.2114906 
1 148 10527.8691406 5942.5419922 0.2115615 
1 149 10534.3203125 5938.7065430 0.2116558 
1 150 10540.7558594 5935.0429688 0.2117327 
1 151 10547.1582031 5931.4873047 0.2118134 
1 152 10553.5605469 5928.0195312 0.2118815 
1 153 10559.9003906 5924.5859375 0.2119349 
1 154 10566.1933594 5921.2822266 0.2120111 
1 155 10572.6054688 5918.0800781 0.2120849 
1 156 10579.0869141 5915.0541992 0.2121402 
1 157 10585.6679688 5912.1333008 0.2122213 
1 158 10592.2734375 5909.1284180 0.2123373 
1 159 10598.9511719 5906.1816406 0.2124133 
1 160 10605.5800781 5903.0996094 0.2124896 
1 161 10612.1250000 5899.9609375 0.2125596 
1 162 10618.6044922 5896.8505859 0.2126134 
1 163 10625.0693359 5893.7480469 0.2127257 
1 164 10631.6914062 5890.4882812 0.2127912 
1 165 10638.4824219 5887.1069336 0.2128340 
1 166 10645.2539062 5883.8134766 0.2128848 
1 167 10652.1230469 5880.6645508 0.2129218 
1 168 10658.9941406 5877.8632812 0.2129980 
1 169 10658.9941406 5877.8632812 0.2129980 
1 170 10665.7636719 5875.3442383 0.2130702 
1 171 10672.1582031 5873.0917969 0.2131564 
1 172 10678.1933594 5870.8251953 0.2132116 
1 173 10684.1015625 5868.5112305 0.2132538 
1 174 10689.8886719 5866.1630859 0.2133154 
1 175 10695.6386719 5863.8769531 0.2133605 
1 176 10701.2089844 5861.6230469 0.2134812 
1 177 10706.7441406 5859.2451172 0.2135001 
1 178 10712.1279297 5856.8105469 0.2135652 
1 179 10717.2568359 5854.3041992 0.2136118 
1 180 10721.9609375 5851.3710938 0.2137073 
1 181 10726.6679688 5848.2412109 0.2137565 
1 182 10731.3164062 5844.9892578 0.2138241 
1 183 10735.8935547 5841.7197266 0.2138814 
1 184 10740.4052734 5838.4858398 0.2139420 
1 185 10744.6083984 5835.3564453 0.2139883 
1 186 10748.7802734 5832.2285156 0.2140429 
1 187 10752.8242188 5829.1757812 0.2141139 
1 188 10756.8251953 5826.2158203 0.2142235 
1 189 10761.2832031 5823.3173828 0.2142509 
1 190 10766.0390625 5820.5625000 0.2142897 
1 191 10771.1972656 5817.7529297 0.2143970 
1 192 10776.6298828 5814.7226562 0.2144561 
1 193 10782.1835938 5811.5747070 0.2144713 
1 194 10782.1835938 5811.5747070 0.2144713 
1 195 10787.6777344 5808.3457031 0.2145684 
1 196 10793.0234375 5804.9072266 0.2145966 
1 197 10798.2568359 5801.3642578 0.2146796 
1 198 10803.1269531 5797.8227539 0.2147133 
1 199 10807.7636719 5794.3740234 0.2147777 
1 200 10812.3945312 5791.0029297 0.2148051 
1 201 10816.8242188 5787.6250000 0.2149037 
1 202 10821.2832031 5784.1269531 0.2149647 
1 203 10825.6660156 5780.6030273 0.2150269 
1 204 10830.0585938 5777.0356445 0.2150809 
1 205 10834.3857422 5773.4892578 0.2151156 
1 206 10838.5761719 5769.9780273 0.2151321 
1 207 10842.5117188 5766.5190430 0.2152457 
1 208 10846.4667969 5763.0849609 0.2152635 
1 209 10850.2099609 5759.5791016 0.2152921 
1 210 10853.5976562 5755.9516602 0.2153131 
1 211 10856.7978516 5752.3789062 0.2153277 
1 212 10859.6796875 5748.7080078 0.2153846 
1 213 10861.9277344 5744.9218750 0.2154593 
1 214 10863.7353516 5741.0097656 0.2155224 
1 215 10865.5273438 5736.9560547 0.2155337 
1 216 10867.0849609 5732.7880859 0.2155820 
1 217 10868.7695312 5728.7148438 0.2156008 
1 218 10870.3320312 5724.7060547 0.2156127 
1 219 10870.3320312 5724.7060547 0.2156127 
1 220 10871.7382812 5720.2109375 0.2157223 
1 221 10872.9921875 5715.4809570 0.2158415 
1 222 10873.9355469 5710.4638672 0.2159163 
1 223 10874.4970703 5705.6718750 0.2159480 
1 224 10875.3613281 5700.9399414 0.2160332 
1 225 10875.9091797 5696.5454102 0.2159872 
1 226 10876.8251953 5692.2978516 0.2159997 
1 227 10878.1171875 5688.3105469 0.2161290 
1 228 10878.9179688 5683.9638672 0.2161718 
1 229 10879.7568359 5679.8872070 0.2161758 
1 230 10880.6171875 5675.9077148 0.2161968 
1 231 10881.2900391 5672.0708008 0.2161712 
1 232 10881.0107422 5667.6308594 0.2161801 
1 233 10881.1367188 5663.5600586 0.2162363 
1 234 10881.4199219 5659.4667969 0.2161750 
1 235 10881.1445312 5655.1557617 0.2162576 
1 236 10881.0048828 5651.1474609 0.2161978 
1 237 10881.2480469 5647.2216797 0.2161829 
1 238 10881.4638672 5643.2480469 0.2161689 
1 239 10881.8447266 5639.3300781 0.2161532 
1 240 10882.2119141 5635.6879883 0.2161242 
1 241 10882.3261719 5631.8740234 0.2160640 
1 242 10882.5087891 5628.1728516 0.2160453 
1 243 10882.5771484 5624.5869141 0.2161159 
1 244 10882.5771484 5624.5869141 0.2161159 
1 245 10882.9062500 5620.6123047 0.2161315 
1 246 10882.8437500 5616.8984375 0.2160896 
1 247 10882.8750000 5613.0644531 0.2160665 
1 248 10883.5068359 5608.2734375 0.2162879 
1 249 10883.4384766 5604.2558594 0.2163226 
1 250 10883.5458984 5600.4355469 0.2163212 
1 251 10883.5927734 5596.7275391 0.2163395 
1 252 10883.5263672 5593.0820312 0.2163384 
1 253 10883.4980469 5589.5366211 0.2163430 
1 254 10883.4257812 5585.9697266 0.2163377 
1 255 10883.4296875 5582.4858398 0.2163884 
1 256 10883.5498047 5579.0581055 0.2164663 
1 257 10883.4169922 5575.8583984 0.2164870 
1 258 10883.7119141 5572.7954102 0.2163993 
1 259 10883.6513672 5569.8266602 0.2164047 
1 260 10883.6230469 5566.8496094 0.2163544 
1 261 10883.6835938 5563.9165039 0.2164030 
1 262 10883.7451172 5560.8525391 0.2164345 
1 263 10883.7197266 5557.9790039 0.2164458 
1 264 10883.6347656 5555.1752930 0.2164434 
1 265 10883.4218750 5552.3710938 0.2164509 
1 266 10883.2275391 5549.3901367 0.2164530 
1 267 10883.0292969 5546.4360352 0.2164475 
1 268 10883.0195312 5543.4384766 0.2164487 
1 269 10883.0195312 5543.4384766 0.2164487 
1 270 10882.8261719 5540.5913086 0.2165146 
1 271 10882.6699219 5537.7177734 0.2165113 
1 272 10882.5273438 5534.8544922 0.2165611 
1 273 10882.4921875 5531.9262695 0.2166135 
1 274 10882.5966797 5528.8305664 0.2166501 
1 275 10883.1152344 5525.7119141 0.2167308 
1 276 10884.0908203 5523.1274414 0.2167047 
1 277 10884.2695312 5520.3574219 0.2167506 
1 278 10884.2812500 5517.5761719 0.2167859 
1 279 10884.4433594 5514.5595703 0.2168582 
1 280 10884.5292969 5511.8872070 0.2169607 
1 281 10884.9111328 5509.4877930 0.2170128 
1 282 10885.1855469 5507.0532227 0.2170609 
1 283 10885.5947266 5504.5556641 0.2170598 
1 284 10885.8974609 5502.1582031 0.2170925 
1 285 10886.2900391 5499.9082031 0.2171167 
1 286 10886.5253906 5497.6572266 0.2171395 
1 287 10886.9062500 5495.4692383 0.2171637 
1 288 10887.2128906 5493.3305664 0.2172502 
1 289 10887.5546875 5491.1376953 0.2172521 
1 290 10887.8867188 5489.0087891 0.2172997 
1 291 10888.4882812 5486.7285156 0.2173152 
1 292 10887.9931641 5485.2314453 0.2172747 
1 293 10887.4423828 5483.7021484 0.2172661 
1 294 10887.4423828 5483.7021484 0.2172661 
1 295 10887.6386719 5481.8027344 0.2172530 
1 296 10887.8857422 5479.9394531 0.2172509 
1 297 10888.0898438 5478.0146484 0.2172592 
1 298 10888.2539062 5476.2138672 0.2172671 
1 299 10888.4130859 5474.3662109 0.2173046 
1 300 10888.6523438 5472.6704102 0.2173083 
1 301 10888.9433594 5471.0341797 0.2173223 
1 302 10889.0117188 5469.3120117 0.2173126 
1 303 10888.8876953 5467.7773438 0.2173043 
1 304 10889.0156250 5466.2084961 0.2173169 
1 305 10888.8496094 5464.9033203 0.2173333 
1 306 10888.8691406 5463.4423828 0.2173384 
1 307 10888.8144531 5462.0776367 0.2173322 
1 308 10888.7851562 5460.5029297 0.2174278 
1 309 10888.8300781 5459.0830078 0.2174474 
1 310 10888.8437500 5457.7148438 0.2174742 
1 311 10888.6123047 5456.5136719 0.2174973 
1 312 10888.3701172 5455.1464844 0.2175073 
1 313 10888.2597656 5454.3530273 0.2175636 
1 314 10888.0029297 5453.4111328 0.2175691 
1 315 10887.5351562 5452.6665039 0.2176349 
1 316 10887.1152344 5452.3886719 0.2176415 
1 317 10886.1347656 5453.5625000 0.2173849 
1 318 10886.0830078 5452.7641602 0.2173574 
1 319 10886.0830078 5452.7641602 0.2173574 
1 320 10885.7626953 5451.8437500 0.2175003 
1 321 10885.7822266 5451.0200195 0.2175025 
1 322 10885.8789062 5450.1591797 0.2174928 
1 323 10885.9609375 5449.3808594 0.2174961 
1 324 10885.9169922 5448.4819336 0.2174828 
1 325 10885.9414062 5447.6347656 0.2174840 
1 326 10885.9814453 5446.8305664 0.2174814 
1 327 10885.9580078 5446.0932617 0.2174782 
1 328 10885.9580078 5445.3813477 0.2174754 
1 329 10885.9472656 5444.6699219 0.2174720 
1 330 10885.8066406 5444.1298828 0.2175578 
1 331 10885.6943359 5443.6108398 0.2175467 
1 332 10885.5332031 5443.1220703 0.2174895 
1 333 10885.2753906 5442.7822266 0.2174459 
1 334 10884.6933594 5442.6752930 0.2173969 
1 335 10884.3691406 5442.4174805 0.2173925 
1 336 10884.2734375 5442.1479492 0.2174219 
1 337 10884.3554688 5441.6166992 0.2174159 
1 338 10884.4482422 5441.1450195 0.2174359 
1 339 10884.7167969 5440.7836914 0.2174424 
1 340 10884.9667969 5440.4790039 0.2174746 
1 341 10885.1914062 5440.4077148 0.2175243 
1 342 10885.3378906 5440.3251953 0.2175270 
1 343 10885.3994141 5440.2558594 0.2175326 
1 344 10885.3994141 5440.2558594 0.2175326 
1 345 10885.3925781 5440.2558594 0.2175285 
1 346 10885.3066406 5440.2666016 0.2175211 
1 347 10885.1064453 5440.3247070 0.2175132 
1 348 10884.9941406 5440.3994141 0.2175059 
1 349 10884.8183594 5440.5151367 0.2175096 
1 350 10884.5712891 5440.6982422 0.2175008 
1 351 10884.3349609 5440.8588867 0.2174923 
1 352 10883.9980469 5441.0395508 0.2174840 
1 353 10883.5664062 5441.2626953 0.2174785 
1 354 10883.0322266 5441.4804688 0.2174717 
1 355 10882.4570312 5441.6201172 0.2174541 
1 356 10881.8984375 5441.7744141 0.2174460 
1 357 10881.3945312 5441.8842773 0.2174338 
1 358 10880.8974609 5441.9775391 0.2174229 
1 359 10880.2539062 5442.0874023 0.2174168 
1 360 10879.5224609 5442.2045898 0.2173892 
1 361 10878.7480469 5442.2988281 0.2173815 
1 362 10878.0527344 5442.3623047 0.2173782 
1 363 10877.3359375 5442.4067383 0.2173563 
1 364 10876.6406250 5442.3286133 0.2173696 
1 365 10876.2773438 5442.6606445 0.2172753 
1 366 10875.7460938 5442.8330078 0.2172773 
1 367 10875.1074219 5442.9448242 0.2172650 
1 368 10874.4873047 5442.9716797 0.2172512 
1 369 10874.4873047 5442.9716797 0.2172512 
1 370 10874.0673828 5442.9394531 0.2172644 
1 371 10873.7304688 5442.8266602 0.2172895 
1 372 10873.4238281 5442.7758789 0.2173362 
1 373 10873.0195312 5442.7446289 0.2173764 
1 374 10872.4033203 5442.6875000 0.2174061 
1 375 10871.6875000 5442.6445312 0.2174310 
1 376 10870.8437500 5442.5092773 0.2174455 
1 377 10870.0078125 5442.3916016 0.2174530 
1 378 10868.9501953 5442.3505859 0.2174664 
1 379 10867.8369141 5442.2998047 0.2174626 
1 380 10866.5830078 5442.2011719 0.2174619 
1 381 10865.1162109 5442.1040039 0.2174520 
1 382 10863.5947266 5442.0478516 0.2174450 
1 383 10862.0224609 5441.9794922 0.2174469 
1 384 10860.5488281 5441.8793945 0.2174643 
1 385 10859.0390625 5441.7651367 0.2174724 
1 386 10857.3281250 5441.6269531 0.2174737 
1 387 10855.4414062 5441.4580078 0.2174970 
1 388 10853.3388672 5441.2656250 0.2174892 
1 389 10851.0947266 5441.0766602 0.2174889 
1 390 10848.7744141 5440.9321289 0.2174916 
1 391 10846.2451172 5440.7871094 0.2174867 
1 392 10843.4814453 5440.6293945 0.2174741 
1 393 10840.5312500 5440.4516602 0.2174839 
1 394 10840.5312500 5440.4516602 0.2174839 
1 395 10837.1914062 5440.2792969 0.2174671 
1 396 10833.3212891 5440.0283203 0.2174284 
1 397 10829.1621094 5439.6245117 0.2174155 
1 398 10824.9179688 5439.1933594 0.2173969 
1 399 10820.5468750 5438.7167969 0.2173673 
1 400 10816.0146484 5438.1958008 0.2173325 
1 401 10811.2060547 5437.5527344 0.2173081 
1 402 10800.7431641 5436.0913086 0.2172842 
1 403 10788.6035156 5434.2045898 0.2171978 
1 404 10775.1347656 5431.8505859 0.2171647 
1 405 10760.8876953 5429.1035156 0.2171103 
1 406 10747.3095703 5425.7011719 0.2169169 
1 407 10734.0048828 5422.0185547 0.2168309 
1 408 10720.5976562 5418.3012695 0.2167952 
1 409 10707.3154297 5414.4550781 0.2167602 
1 410 10693.8964844 5410.3222656 0.2166550 
1 411 10679.6074219 5406.3032227 0.2164931 
1 412 10663.0878906 5402.4072266 0.2163643 
1 413 10645.6982422 5398.3256836 0.2163101 
1 414 10628.1777344 5394.3642578 0.2161337 
1 415 10610.8886719 5390.1171875 0.2158085 
1 416 10592.9843750 5385.8862305 0.2156942 
1 417 10574.2041016 5381.5307617 0.2157242 
1 418 10556.0546875 5377.5839844 0.2158231 
1 419 10556.0546875 5377.5839844 0.2158231 
1 420 10538.6279297 5374.4750977 0.2159553 
1 421 10521.3378906 5371.8120117 0.2160187 
1 422 10504.6425781 5369.2866211 0.2161539 
1 423 10488.2763672 5367.2612305 0.2164125 
1 424 10471.4726562 5365.5527344 0.2164491 
1 425 10454.0927734 5364.4277344 0.2166299 
1 426 10435.3125000 5363.1616211 0.2167238 
1 427 10416.2324219 5361.8857422 0.2168774 
1 428 10397.0800781 5360.5053711 0.2170156 
1 429 10377.8359375 5359.1240234 0.2171528 
1 430 10358.8916016 5357.6616211 0.2171285 
1 431 10340.0781250 5356.2675781 0.2171043 
1 432 10321.4335938 5354.9370117 0.2171700 
1 433 10303.1523438 5353.6835938 0.2172706 
1 434 10284.6044922 5352.4863281 0.2173127 
1 435 10265.0488281 5351.1718750 0.2172922 
1 436 10244.6367188 5349.7509766 0.2174307 
1 437 10223.6972656 5347.7563477 0.2173390 
1 438 10203.2119141 5345.5927734 0.2172874 
1 439 10182.9687500 5343.1865234 0.2172073 
1 440 10164.2929688 5340.7856445 0.2171553 
1 441 10146.4980469 5338.6933594 0.2171091 
1 442 10129.6357422 5336.7617188 0.2170708 
1 443 10113.4580078 5334.5356445 0.2168933 
1 444 10113.4580078 5334.5356445 0.2168933 
1 445 10098.3847656 5332.5336914 0.2168552 
1 446 10083.4326172 5330.8764648 0.2167788 
1 447 10068.1591797 5329.5903320 0.2168494 
1 448 10051.6708984 5328.5454102 0.2170165 
1 449 10033.2109375 5326.9277344 0.2171135 
1 450 10013.5468750 5325.4052734 0.2171554 
1 451 9993.6865234 5323.8720703 0.2173985 
1 452 9973.1201172 5322.5371094 0.2175030 
1 453 9952.1396484 5320.9707031 0.2177000 
1 454 9932.8789062 5319.7373047 0.2177306 
1 455 9915.0917969 5318.6630859 0.2177864 
1 456 9898.0312500 5317.3740234 0.2176992 
1 457 9882.1201172 5316.2587891 0.2178914 
1 458 9865.5732422 5315.2207031 0.2179196 
1 459 9848.1943359 5313.8793945 0.2179545 
1 460 9830.4853516 5312.3535156 0.2180001 
1 461 9812.6748047 5310.4912109 0.2182073 
1 462 9794.1074219 5308.4868164 0.2184129 
1 463 9774.0742188 5306.0849609 0.2185071 
1 464 9753.2500000 5302.8554688 0.2185985 
1 465 9730.8867188 5299.0781250 0.2187026 
1 466 9708.5332031 5294.8271484 0.2188431 
1 467 9687.4726562 5290.1875000 0.2190141 
1 468 9667.4033203 5285.8564453 0.2194322 
1 469 9667.4033203 5285.8564453 0.2194322 
1 470 9647.1650391 5281.6591797 0.2196917 
1 471 9626.9882812 5277.9951172 0.2199511 
1 472 9606.6699219 5274.7333984 0.2203566 
1 473 9585.5253906 5272.2407227 0.2206844 
1 474 9563.6640625 5270.0419922 0.2209941 
1 475 9541.0205078 5268.2768555 0.2212576 
1 476 9517.4960938 5266.6279297 0.2214029 
1 477 9494.2373047 5265.2080078 0.2215285 
1 478 9471.1015625 5263.8666992 0.2217781 
1 479 9447.4287109 5263.0722656 0.2220034 
1 480 9423.8554688 5262.6635742 0.2222890 
1 481 9400.4667969 5262.5683594 0.2224606 
1 482 9377.1699219 5262.5351562 0.2225751 
1 483 9353.9082031 5262.6572266 0.2226990 
1 484 9330.8339844 5262.6132812 0.2227661 
1 485 9307.7714844 5262.4345703 0.2229413 
1 486 9284.3603516 5261.6303711 0.2231145 
1 487 9261.2832031 5260.5166016 0.2233176 
1 488 9237.4472656 5259.0302734 0.2234765 
1 489 9213.2753906 5257.5737305 0.2236390 
1 490 9188.9375000 5256.1162109 0.2239377 
1 491 9163.8525391 5254.5664062 0.2240093 
1 492 9138.8925781 5252.9516602 0.2242031 
1 493 9116.9414062 5251.4741211 0.2243399 
1 494 9116.9414062 5251.4741211 0.2243399 
1 495 9097.6835938 5250.1123047 0.2245018 
1 496 9078.4531250 5248.8305664 0.2246017 
1 497 9058.7255859 5247.5058594 0.2248265 
1 498 9039.6933594 5246.1933594 0.2249504 
1 499 9023.7402344 5245.0825195 0.2250605 
1 500 9009.2861328 5244.1606445 0.2251904 
1 501 8994.9072266 5243.0996094 0.2253399 
1 502 8979.8750000 5241.8134766 0.2254231 
1 503 8964.1835938 5240.5024414 0.2255579 
1 504 8948.1240234 5239.2822266 0.2257279 
1 505 8930.7626953 5238.0180664 0.2257678 
1 506 8911.4306641 5236.9355469 0.2257634 
1 507 8891.2304688 5235.6855469 0.2257655 
1 508 8869.8115234 5234.1606445 0.2259280 
1 509 8848.3271484 5232.7026367 0.2260258 
1 510 8826.0761719 5231.2851562 0.2261337 
1 511 8803.9042969 5230.0664062 0.2262585 
1 512 8782.9970703 5229.0830078 0.2262665 
1 513 8764.4580078 5227.8144531 0.2263912 
1 514 8748.3359375 5226.5712891 0.2264797 
1 515 8734.2568359 5225.3955078 0.2266434 
1 516 8720.4726562 5224.2280273 0.2267280 
1 517 8706.5644531 5223.0805664 0.2268381 
1 518 8692.4414062 5221.9829102 0.2268924 
1 519 8692.4414062 5221.9829102 0.2268924 
1 520 8678.2275391 5220.9785156 0.2269943 
1 521 8663.8457031 5219.9814453 0.2271379 
1 522 8649.0507812 5219.0581055 0.2272048 
1 523 8633.9853516 5218.1240234 0.2273405 
1 524 8617.7656250 5217.1689453 0.2273905 
1 525 8600.5546875 5216.1743164 0.2275210 
1 526 8583.1240234 5215.1518555 0.2275723 
1 527 8565.3886719 5214.1352539 0.2276960 
1 528 8546.0966797 5212.6132812 0.2277346 
1 529 8525.7871094 5211.3090820 0.2279183 
1 530 8505.7792969 5210.1064453 0.2279673 
1 531 8486.2685547 5209.1787109 0.2280792 
1 532 8467.1914062 5208.1596680 0.2281209 
1 533 8448.1425781 5207.0952148 0.2281166 
1 534 8429.1972656 5206.0488281 0.2281747 
1 535 8410.5390625 5204.8505859 0.2282245 
1 536 8392.2246094 5203.5932617 0.2283153 
1 537 8374.7607422 5202.3486328 0.2284244 
1 538 8357.6621094 5201.2832031 0.2284020 
1 539 8340.6669922 5200.2558594 0.2284211 
1 540 8323.7421875 5199.1479492 0.2285463 
1 541 8306.9228516 5198.0556641 0.2286905 
1 542 8289.6982422 5196.9804688 0.2286886 
1 543 8271.9687500 5195.9160156 0.2288043 
1 544 8271.9687500 5195.9160156 0.2288043 
1 545 8253.7177734 5194.7636719 0.2289696 
1 546 8235.4785156 5193.2983398 0.2292428 
1 547 8217.2792969 5191.6826172 0.2294705 
1 548 8199.3212891 5189.9570312 0.2294115 
1 549 8181.3691406 5188.1630859 0.2295742 
1 550 8163.1435547 5186.6186523 0.2298215 
1 551 8145.1293945 5185.1259766 0.2301144 
1 552 8126.9765625 5183.7685547 0.2300513 
1 553 8109.0380859 5182.4501953 0.2301817 
1 554 8091.9414062 5181.2104492 0.2304409 
1 555 8075.4423828 5180.1464844 0.2305660 
1 556 8058.9218750 5179.1123047 0.2305975 
1 557 8042.0214844 5178.1875000 0.2307171 
1 558 8024.5317383 5177.3515625 0.2308153 
1 559 8006.5278320 5176.3720703 0.2310041 
1 560 7988.1308594 5175.3535156 0.2309514 
1 561 7969.8579102 5174.3559570 0.2310528 
1 562 7951.8212891 5173.3095703 0.2313912 
1 563 7932.9492188 5171.9233398 0.2315881 
1 564 7913.1010742 5170.6298828 0.2316391 
1 565 7892.9980469 5169.4799805 0.2317843 
1 566 7872.7368164 5168.2949219 0.2319493 
1 567 7852.4438477 5167.0727539 0.2321459 
1 568 7832.3818359 5165.9648438 0.2322966 
1 569 7832.3818359 5165.9648438 0.2322966 
1 570 7812.8671875 5165.0122070 0.2322572 
1 571 7794.0107422 5163.8525391 0.2324381 
1 572 7775.5444336 5162.6562500 0.2325167 
1 573 7757.0043945 5161.2182617 0.2325360 
1 574 7737.7763672 5159.3598633 0.2327659 
1 575 7717.7954102 5157.3413086 0.2328352 
1 576 7697.1279297 5155.3569336 0.2329381 
1 577 7675.9521484 5153.2919922 0.2330575 
1 578 7654.8457031 5151.3251953 0.2331460 
1 579 7633.9394531 5149.3593750 0.2333797 
1 580 7612.7333984 5147.4101562 0.2335041 
1 581 7590.9189453 5145.5590820 0.2335690 
1 582 7569.2558594 5143.7880859 0.2336697 
1 583 7548.1210938 5142.0996094 0.2336732 
1 584 7527.1005859 5140.2480469 0.2337429 
1 585 7506.3330078 5138.1904297 0.2338261 
1 586 7486.3925781 5136.0781250 0.2339200 
1 587 7467.1542969 5133.8139648 0.2340098 
1 588 7448.3276367 5131.4736328 0.2340975 
1 589 7429.8139648 5129.0595703 0.2341795 
1 590 7411.5473633 5126.7919922 0.2342127 
1 591 7393.6279297 5124.6113281 0.2342904 
1 592 7376.1367188 5122.6660156 0.2345776 
1 593 7358.9882812 5120.9267578 0.2348306 
1 594 7358.9882812 5120.9267578 0.2348306 
1 595 7342.4101562 5119.3559570 0.2349067 
1 596 7326.7963867 5117.7666016 0.2351326 
1 597 7311.0888672 5116.2373047 0.2353484 
1 598 7294.7290039 5114.6943359 0.2354526 
1 599 7278.1176758 5113.0019531 0.2355579 
1 600 7262.2167969 5111.1279297 0.2357222 
1 601 7246.9580078 5109.2832031 0.2358105 
1 602 7232.1582031 5107.4433594 0.2357576 
1 603 7217.3217773 5105.4052734 0.2358564 
1 604 7201.2138672 5103.6430664 0.2357752 
1 605 7184.6533203 5101.8164062 0.2358936 
1 606 7167.9345703 5100.0605469 0.2359969 
1 607 7151.5117188 5098.5351562 0.2361488 
1 608 7135.7329102 5097.2612305 0.2363245 
1 609 7120.3291016 5096.3842773 0.2364193 
1 610 7105.3686523 5095.4248047 0.2366735 
1 611 7091.1567383 5094.7319336 0.2372686 
1 612 7076.6401367 5093.9560547 0.2375149 
1 613 7061.9775391 5093.4467773 0.2375272 
1 614 7047.9272461 5092.7968750 0.2377948 
1 615 7034.5742188 5092.3593750 0.2377903 
1 616 7022.0776367 5092.0019531 0.2379083 
1 617 7010.1069336 5091.5141602 0.2380465 
1 618 6998.7060547 5091.2602539 0.2382039 
1 619 6998.7060547 5091.2602539 0.2382039 
1 620 6987.8979492 5090.7919922 0.2383287 
1 621 6977.0556641 5090.5004883 0.2384565 
1 622 6967.0678711 5090.1342773 0.2386165 
1 623 6958.0590820 5089.9726562 0.2386302 
1 624 6949.6484375 5089.7675781 0.2386183 
1 625 6941.5664062 5089.5478516 0.2386710 
1 626 6932.6523438 5089.2353516 0.2387163 
1 627 6922.5322266 5089.1494141 0.2387607 
1 628 6910.3408203 5089.0283203 0.2387981 
1 629 6897.7802734 5088.5800781 0.2388218 
1 630 6885.7758789 5088.1958008 0.2388224 
1 631 6873.8891602 5087.9121094 0.2388300 
1 632 6861.2475586 5087.6552734 0.2389778 
1 633 6847.4013672 5087.1875000 0.2389921 
1 634 6832.5527344 5086.5546875 0.2392478 
1 635 6818.2314453 5086.2734375 0.2394672 
1 636 6803.9038086 5085.8818359 0.2394762 
1 637 6788.9833984 5085.2421875 0.2396608 
1 638 6773.8256836 5085.0024414 0.2396195 
1 639 6759.6215820 5084.6445312 0.2397127 
1 640 6746.4086914 5084.2680664 0.2399248 
1 641 6733.0166016 5083.9833984 0.2400013 
1 642 6718.7500000 5083.3994141 0.2401929 
1 643 6703.2822266 5082.7919922 0.2402556 
1 644 6703.2822266 5082.7919922 0.2402556 
1 645 6687.3115234 5082.1875000 0.2403103 
1 646 6671.0419922 5081.6235352 0.2405269 
1 647 6654.3212891 5081.1420898 0.2405082 
1 648 6638.2719727 5080.7270508 0.2407750 
1 649 6622.3671875 5080.3300781 0.2408860 
1 650 6607.0893555 5080.0102539 0.2411048 
1 651 6592.2890625 5079.8002930 0.2412336 
1 652 6577.9125977 5079.2822266 0.2413360 
1 653 6564.0190430 5078.7998047 0.2413006 
1 654 6551.0644531 5078.3623047 0.2415448 
1 655 6537.9204102 5078.0180664 0.2415375 
1 656 6524.3627930 5077.7167969 0.2417529 
1 657 6510.0693359 5077.5102539 0.2418981 
1 658 6494.9648438 5076.8779297 0.2420306 
1 659 6478.9667969 5076.3012695 0.2420326 
1 660 6462.6679688 5075.7983398 0.2423646 
1 661 6446.1513672 5075.2509766 0.2424410 
1 662 6429.1284180 5074.7700195 0.2423955 
1 663 6411.8857422 5074.2753906 0.2425615 
1 664 6394.7275391 5073.8564453 0.2426088 
1 665 6377.4863281 5073.3696289 0.2426334 
1 666 6360.9252930 5073.1293945 0.2426760 
1 667 6345.1713867 5072.9277344 0.2428260 
1 668 6329.7578125 5072.4970703 0.2427602 
1 669 6329.7578125 5072.4970703 0.2427602 
1 670 6315.3666992 5071.8662109 0.2430036 
1 671 6301.1552734 5071.4863281 0.2429152 
1 672 6287.0644531 5071.0761719 0.2430979 
1 673 6273.0493164 5070.7333984 0.2433001 
1 674 6258.4931641 5070.5087891 0.2432099 
1 675 6243.4575195 5070.0883789 0.2435134 
1 676 6227.8881836 5069.8139648 0.2435237 
1 677 6212.1728516 5069.4165039 0.2434838 
1 678 6196.0180664 5068.9311523 0.2437097 
1 679 6178.8486328 5068.4648438 0.2436923 
1 680 6161.2231445 5068.0332031 0.2438905 
1 681 6143.6269531 5067.7041016 0.2439346 
1 682 6126.8139648 5067.5742188 0.2438728 
1 683 6110.8789062 5067.4833984 0.2438355 
1 684 6095.2695312 5067.1264648 0.2438989 
1 685 6080.3378906 5066.6108398 0.2439015 
1 686 6066.6479492 5066.1748047 0.2440422 
1 687 6054.1171875 5065.8896484 0.2441640 
1 688 6042.8427734 5065.4736328 0.2442673 
1 689 6032.4218750 5065.2578125 0.2442065 
1 690 6022.2578125 5065.0668945 0.2442132 
1 691 6011.8627930 5064.9750977 0.2442780 
1 692 6001.0517578 5064.8525391 0.2442037 
1 693 5989.3154297 5064.6098633 0.2442925 
1 694 5989.3154297 5064.6098633 0.2442925 
1 695 5977.2602539 5064.4428711 0.2443018 
1 696 5964.8281250 5064.2314453 0.2443576 
1 697 5952.2958984 5064.0273438 0.2444910 
1 698 5939.5693359 5063.7832031 0.2445312 
1 699 5926.8017578 5063.5932617 0.2446406 
1 700 5913.8237305 5063.4086914 0.2446303 
1 701 5900.6308594 5063.2714844 0.2446885 
1 702 5887.0805664 5063.0859375 0.2446308 
1 703 5873.4921875 5062.9111328 0.2446939 
1 704 5859.5654297 5062.6420898 0.2446851 
1 705 5844.5727539 5062.1440430 0.2447081 
1 706 5828.2373047 5061.6284180 0.2449108 
1 707 5810.6840820 5061.4604492 0.2450642 
1 708 5792.5136719 5061.3203125 0.2451940 
1 709 5772.6894531 5060.9575195 0.2453171 
1 710 5753.2954102 5060.7021484 0.2452650 
1 711 5734.0673828 5060.4414062 0.2451947 
1 712 5714.4033203 5060.2148438 0.2455280 
1 713 5694.5849609 5059.9804688 0.2454814 
1 714 5674.3627930 5059.5683594 0.2456193 
1 715 5654.7724609 5059.2778320 0.2457425 
1 716 5636.0830078 5059.0205078 0.2462293 
1 717 5617.8857422 5058.6347656 0.2466756 
1 718 5599.2353516 5058.4008789 0.2468648 
1 719 5599.2353516 5058.4008789 0.2468648 
1 720 5580.5981445 5058.1376953 0.2471296 
1 721 5561.3916016 5057.8959961 0.2474146 
1 722 5542.1337891 5057.7202148 0.2474170 
1 723 5522.8300781 5057.5317383 0.2474306 
1 724 5503.2236328 5057.3198242 0.2474639 
1 725 5484.1494141 5057.1982422 0.2475093 
1 726 5466.0000000 5057.1816406 0.2477341 
1 727 5448.0688477 5056.9916992 0.2479913 
1 728 5429.5810547 5056.7768555 0.2479187 
1 729 5411.1240234 5056.6367188 0.2481329 
1 730 5392.7207031 5056.4833984 0.2482729 
1 731 5374.9169922 5056.5825195 0.2482608 
1 732 5357.2949219 5056.7216797 0.2483052 
1 733 5340.3002930 5056.6181641 0.2485600 
1 734 5324.5874023 5056.3959961 0.2486390 
1 735 5309.3823242 5056.3837891 0.2486638 
1 736 5294.5239258 5056.3583984 0.2487127 
1 737 5278.7133789 5056.4482422 0.2488035 
1 738 5262.3413086 5056.5791016 0.2487206 
1 739 5245.8618164 5056.4750977 0.2486967 
1 740 5229.0810547 5056.4667969 0.2488305 
1 741 5211.4726562 5056.1967773 0.2487798 
1 742 5193.2519531 5056.0263672 0.2488248 
1 743 5175.0756836 5056.1093750 0.2487452 
1 744 5175.0756836 5056.1093750 0.2487452 
1 745 5157.1914062 5056.3271484 0.2487083 
1 746 5139.4375000 5056.4755859 0.2487436 
1 747 5121.0312500 5056.2910156 0.2487629 
1 748 5101.9731445 5056.0571289 0.2490823 
1 749 5083.1259766 5055.6367188 0.2500955 
1 750 5065.1181641 5055.7465820 0.2503037 
1 751 5046.9985352 5055.9980469 0.2506874 
1 752 5028.9931641 5055.8403320 0.2511434 
1 753 5011.2197266 5055.7553711 0.2516634 
1 754 4992.7749023 5055.7490234 0.2516184 
1 755 4974.3027344 5055.8750000 0.2515248 
1 756 4955.5917969 5055.9277344 0.2512469 
1 757 4935.9780273 5055.5996094 0.2519947 
1 758 4916.6752930 5055.5708008 0.2520180 
1 759 4897.0014648 5055.7534180 0.2515891 
1 760 4876.3798828 5055.8818359 0.2512760 
1 761 4856.1220703 5056.0209961 0.2506254 
1 762 4835.3720703 5055.9101562 0.2505707 
1 763 4814.3632812 5056.1372070 0.2504784 
1 764 4793.9023438 5056.2426758 0.2503572 
1 765 4773.4541016 5056.2573242 0.2509891 
1 766 4752.9765625 5056.4091797 0.2508895 
1 767 4732.8251953 5056.4521484 0.2511110 
1 768 4712.6357422 5056.6552734 0.2511027 
1 769 4712.6357422 5056.6552734 0.2511027 
1 770 4692.8925781 5056.8334961 0.2506533 
1 771 4671.8632812 5057.0078125 0.2508807 
1 772 4651.4799805 5057.2387695 0.2510519 
1 773 4631.1616211 5057.3002930 0.2512671 
1 774 4610.8046875 5057.4863281 0.2514930 
1 775 4590.2495117 5057.7548828 0.2514876 
1 776 4570.6269531 5057.9150391 0.2518658 
1 777 4550.6108398 5058.0703125 0.2518395 
1 778 4530.2387695 5058.2563477 0.2518276 
1 779 4509.9941406 5058.5390625 0.2516429 
1 780 4489.6582031 5058.5371094 0.2517606 
1 781 4469.2705078 5058.9770508 0.2517981 
1 782 4448.8867188 5059.2744141 0.2517630 
1 783 4428.8935547 5059.6977539 0.2517799 
1 784 4408.8701172 5059.7578125 0.2517841 
1 785 4388.9497070 5059.9843750 0.2518174 
1 786 4369.6586914 5060.3173828 0.2519601 
1 787 4350.6718750 5060.4711914 0.2522130 
1 788 4332.3022461 5060.4770508 0.2524326 
1 789 4314.9580078 5060.6811523 0.2526757 
1 790 4297.7041016 5061.1962891 0.2527516 
1 791 4280.6660156 5061.5830078 0.2530196 
1 792 4263.6796875 5061.7363281 0.2533202 
1 793 4246.5029297 5061.8544922 0.2537874 
1 794 4246.5029297 5061.8544922 0.2537874 
1 795 4229.0527344 5062.2309570 0.2542740 
1 796 4210.9614258 5062.3237305 0.2544960 
1 797 4193.1196289 5062.5273438 0.2550512 
1 798 4174.8408203 5062.3710938 0.2555737 
1 799 4156.7695312 5062.3237305 0.2558466 
1 800 4139.5112305 5062.7597656 0.2558095 
1 801 4122.5434570 5062.9697266 0.2561516 
1 802 4105.0126953 5063.3969727 0.2563710 
1 803 4087.0605469 5063.7446289 0.2566737 
1 804 4068.5688477 5063.5034180 0.2572761 
1 805 4049.1552734 5063.5986328 0.2576571 
1 806 4029.5698242 5064.0107422 0.2579282 
1 807 4009.0600586 5064.4609375 0.2578321 
1 808 3989.1918945 5064.7089844 0.2583301 
1 809 3969.0107422 5065.2290039 0.2585788 
1 810 3948.5810547 5065.8066406 0.2585579 
1 811 3928.2751465 5066.1958008 0.2588025 
1 812 3908.5346680 5066.7724609 0.2588231 
1 813 3890.1362305 5067.1069336 0.2596969 
1 814 3870.0883789 5067.3403320 0.2596552 
1 815 3849.6923828 5067.8125000 0.2597112 
1 816 3829.4184570 5068.3618164 0.2601135 
1 817 3807.9797363 5068.8676758 0.2602531 
1 818 3786.2519531 5069.5283203 0.2603639 
1 819 3786.2519531 5069.5283203 0.2603639 
1 820 3764.7656250 5070.1899414 0.2607136 
1 821 3743.9343262 5070.9301758 0.2608496 
1 822 3724.2827148 5071.8940430 0.2609376 
1 823 3705.0122070 5072.4580078 0.2609439 
1 824 3685.0842285 5072.7631836 0.2609592 
1 825 3664.5800781 5073.1831055 0.2610904 
1 826 3643.6235352 5073.7817383 0.2613953 
1 827 3621.6718750 5074.4570312 0.2614126 
1 828 3599.2822266 5075.2114258 0.2618057 
1 829 3576.3464355 5075.9423828 0.2619769 
1 830 3553.7780762 5076.8168945 0.2621651 
1 831 3531.3374023 5077.7333984 0.2626236 
1 832 3507.3066406 5078.7460938 0.2625472 
1 833 3483.0927734 5079.5869141 0.2627645 
1 834 3460.4357910 5080.4843750 0.2633730 
1 835 3439.4194336 5081.5844727 0.2636029 
1 836 3418.8276367 5082.5800781 0.2638066 
1 837 3398.7470703 5083.2949219 0.2642649 
1 838 3378.5815430 5083.8276367 0.2646293 
1 839 3358.4443359 5084.4101562 0.2646284 
1 840 3338.9636230 5085.0385742 0.2647003 
1 841 3319.5952148 5085.7070312 0.2648158 
1 842 3300.1411133 5086.2460938 0.2649825 
1 843 3281.4018555 5087.0610352 0.2654702 
1 844 3281.4018555 5087.0610352 0.2654702 
1 845 3262.4914551 5087.7890625 0.2655783 
1 846 3243.3891602 5088.7539062 0.2657129 
1 847 3224.5869141 5089.4804688 0.2656843 
1 848 3206.5361328 5090.2607422 0.2659763 
1 849 3188.6445312 5091.1093750 0.2663110 
1 850 3170.6767578 5091.8725586 0.2666260 
1 851 3152.2783203 5092.7368164 0.2666743 
1 852 3133.8383789 5093.8408203 0.2670799 
1 853 3114.9060059 5094.8198242 0.2670182 
1 854 3096.0917969 5095.8955078 0.2671697 
1 855 3077.2387695 5096.8105469 0.2671526 
1 856 3058.7902832 5097.5888672 0.2673503 
1 857 3041.1657715 5098.3701172 0.2675322 
1 858 3024.0051270 5099.2973633 0.2676258 
1 859 3006.9335938 5100.1440430 0.2676235 
1 860 2990.2941895 5101.1308594 0.2678064 
1 861 2973.8989258 5101.9394531 0.2679606 
1 862 2957.2944336 5102.9316406 0.2680816 
1 863 2940.3210449 5103.9936523 0.2682226 
1 864 2923.1440430 5104.9609375 0.2683960 
1 865 2905.6774902 5106.0244141 0.2686234 
1 866 2887.8178711 5107.0649414 0.2687202 
1 867 2869.8798828 5107.9873047 0.2688268 
1 868 2851.8249512 5109.0859375 0.2689584 
1 869 2851.8249512 5109.0859375 0.2689584 
1 870 2833.7817383 5109.9965820 0.2690877 
1 871 2816.2641602 5110.7446289 0.2691611 
1 872 2799.6967773 5111.5517578 0.2694681 
1 873 2782.6196289 5112.6303711 0.2695750 
1 874 2765.3881836 5113.6435547 0.2697105 
1 875 2748.1787109 5114.7119141 0.2698945 
1 876 2730.7792969 5115.7812500 0.2699988 
1 877 2713.1791992 5116.9355469 0.2702224 
1 878 2695.6176758 5118.0839844 0.2704498 
1 879 2678.3728027 5118.9140625 0.2705778 
1 880 2661.5014648 5119.8676758 0.2707935 
1 881 2644.5927734 5120.8647461 0.2708461 
1 882 2627.8881836 5121.9877930 0.2711460 
1 883 2611.2641602 5123.0673828 0.2713256 
1 884 2594.9340820 5124.0258789 0.2714926 
1 885 2578.7592773 5124.9599609 0.2716318 
1 886 2562.3962402 5126.0351562 0.2718478 
1 887 2546.2397461 5127.1381836 0.2720973 
1 888 2530.6123047 5128.0820312 0.2722728 
1 889 2514.7382812 5129.2285156 0.2724761 
1 890 2498.4272461 5130.4711914 0.2725706 
1 891 2482.6647949 5131.2749023 0.2729076 
1 892 2466.5869141 5132.5888672 0.2731302 
1 893 2449.6430664 5133.5107422 0.2734497 
1 894 2449.6430664 5133.5107422 0.2734497 
1 895 2432.7885742 5134.6699219 0.2736638 
1 896 2415.8549805 5135.7641602 0.2738326 
1 897 2399.0563965 5136.7387695 0.2740302 
1 898 2382.5390625 5137.9887695 0.2742539 
1 899 2365.9614258 5138.9428711 0.2744544 
1 900 2348.9252930 5139.6542969 0.2747916 
1 901 2331.5825195 5140.7963867 0.2749762 
1 902 2314.7651367 5142.0122070 0.2753478 
1 903 2297.8911133 5142.9941406 0.2755704 
1 904 2281.4672852 5144.2553711 0.2759573 
1 905 2265.3339844 5145.3154297 0.2763103 
1 906 2249.4438477 5146.1630859 0.2766228 
1 907 2233.6420898 5147.4589844 0.2768081 
1 908 2217.9121094 5148.4423828 0.2769889 
1 909 2202.4199219 5149.4199219 0.2773102 
1 910 2186.5661621 5150.6787109 0.2775561 
1 911 2170.6767578 5151.9980469 0.2777983 
1 912 2154.9384766 5153.4375000 0.2781612 
1 913 2139.0344238 5154.8095703 0.2786120 
1 914 2122.7656250 5156.1181641 0.2788428 
1 915 2106.9550781 5157.4125977 0.2791345 
1 916 2091.3896484 5158.9218750 0.2795693 
1 917 2075.3168945 5160.3261719 0.2798125 
1 918 2059.3037109 5161.7529297 0.2800031 
1 919 2059.3037109 5161.7529297 0.2800031 
1 920 2043.4686279 5162.9960938 0.2802483 
1 921 2027.4621582 5164.3291016 0.2806200 
1 922 2011.4202881 5165.8505859 0.2808173 
1 923 1995.3411865 5167.1230469 0.2810253 
1 924 1978.5473633 5168.2080078 0.2811928 
1 925 1961.5850830 5169.6625977 0.2813386 
1 926 1945.1702881 5171.4648438 0.2814486 
1 927 1928.8873291 5172.9277344 0.2815727 
1 928 1912.7679443 5174.5957031 0.2817119 
1 929 1897.1014404 5176.1210938 0.2818576 
1 930 1881.4984131 5177.5434570 0.2820594 
1 931 1865.7934570 5179.0058594 0.2823240 
1 932 1850.2044678 5180.5522461 0.2825823 
1 933 1834.4677734 5182.0454102 0.2827738 
1 934 1818.4613037 5183.4565430 0.2830203 
1 935 1802.7404785 5185.2534180 0.2832571 
1 936 1787.3333740 5186.9531250 0.2833889 
1 937 1772.2131348 5188.3276367 0.2835791 
1 938 1757.6702881 5189.7070312 0.2837614 
1 939 1743.5772705 5191.0424805 0.2839567 
1 940 1729.5819092 5192.4550781 0.2841755 
1 941 1715.3704834 5194.0947266 0.2843776 
1 942 1701.2786865 5195.5278320 0.2845561 
1 943 1687.6947021 5196.8408203 0.2847087 
1 944 1687.6947021 5196.8408203 0.2847087 
1 945 1674.5007324 5198.2519531 0.2849008 
1 946 1661.4550781 5199.6728516 0.2850349 
1 947 1648.7927246 5201.0117188 0.2853019 
1 948 1636.5283203 5202.5029297 0.2855244 
1 949 1624.7320557 5203.7187500 0.2857661 
1 950 1612.9998779 5205.0239258 0.2859852 
1 951 1601.1791992 5206.3164062 0.2862816 
1 952 1589.1949463 5207.6542969 0.2864613 
1 953 1577.2778320 5209.1035156 0.2865987 
1 954 1565.9564209 5210.3344727 0.2867533 
1 955 1555.8581543 5211.2441406 0.2868968 
1 956 1546.5423584 5212.3261719 0.2869731 
1 957 1537.6977539 5213.3193359 0.2871207 
1 958 1529.2266846 5214.3300781 0.2872899 
1 959 1520.7318115 5215.2216797 0.2874264 
1 960 1512.1960449 5216.1142578 0.2876966 
1 961 1503.2855225 5217.1977539 0.2877732 
1 962 1494.4891357 5218.2568359 0.2879354 
1 963 1486.0241699 5219.2871094 0.2880739 
1 964 1477.9211426 5220.2485352 0.2881417 
1 965 1470.1086426 5221.1616211 0.2882612 
1 966 1461.8182373 5222.3266602 0.2884497 
1 967 1453.0480957 5223.4570312 0.2886388 
1 968 1443.6193848 5224.5878906 0.2888530 
1 969 1443.6193848 5224.5878906 0.2888530 
1 970 1433.4368896 5226.0195312 0.2890397 
1 971 1423.0059814 5227.4462891 0.2892041 
1 972 1412.4902344 5228.8349609 0.2893824 
1 973 1401.9189453 5230.1132812 0.2895504 
1 974 1391.4813232 5231.4062500 0.2898446 
1 975 1381.0198975 5232.6250000 0.2899477 
1 976 1370.9484863 5233.8159180 0.2901953 
1 977 1360.8740234 5235.0849609 0.2903421 
1 978 1351.1651611 5236.1640625 0.2905276 
1 979 1341.7529297 5237.3740234 0.2906198 
1 980 1332.6965332 5238.4726562 0.2908269 
1 981 1324.2901611 5239.4746094 0.2909991 
1 982 1317.1789551 5240.2871094 0.2911575 
1 983 1310.7434082 5240.9824219 0.2912672 
1 984 1304.5764160 5241.8105469 0.2914400 
1 985 1298.5314941 5242.5722656 0.2914860 
1 986 1292.6434326 5243.3486328 0.2916578 
1 987 1287.4725342 5244.1562500 0.2917581 
1 988 1283.1536865 5244.6201172 0.2918163 
1 989 1279.8535156 5244.9956055 0.2918628 
1 990 1277.6867676 5245.1533203 0.2919708 
1 991 9466.5117188 6455.5610352 0.0062215 
1 991 9466.5117188 6455.5610352 0.0062215 
