31 0 13062 -37 0.5000000 11636 -283 0 0
31 1 13062 -37 0.5000000 11636 -283 0 0
31 4 13062 -37 0.5000000 11636 -283 0 0
31 7 13062 -37 0.5000000 11636 -283 0 0
31 8 13062 -37 0.5000000 11636 -283 0 0
31 9 13062 -38 0.5000000 11636 -283 0 0
31 10 13063 -38 0.5000000 11636 -283 0 0
31 11 13064 -38 0.5000000 11636 -283 -1 0
31 12 13064 -38 0.5000000 11636 -283 -1 0
31 13 13065 -38 0.5000000 11636 -283 0 0
31 14 13065 -38 0.5000000 11636 -283 -1 0
31 15 13066 -37 0.5000000 11636 -283 -1 0
31 16 13067 -37 0.5000000 11636 -283 -1 0
31 17 13068 -37 0.5000000 11636 -283 -1 0
31 18 13068 -36 0.5000000 11636 -283 -1 0
31 19 13069 -36 0.5000000 11636 -283 -1 0
31 20 13069 -35 0.5000000 11636 -283 0 0
31 21 13070 -35 0.5000000 11636 -283 0 0
31 22 13070 -35 0.5000000 11636 -283 0 0
31 23 13070 -36 0.5000000 11636 -283 0 0
31 24 13070 -35 0.5000000 11636 -283 0 0
31 25 13070 -35 0.5000000 11636 -283 0 0
31 26 13071 -35 0.5000000 11636 -283 0 0
31 27 13071 -35 0.5000000 11636 -283 0 0
31 28 13071 -35 0.5000000 11636 -283 0 0
31 29 13072 -35 0.5000000 11636 -283 0 0
31 30 13072 -35 0.5000000 11636 -283 0 0
31 31 13072 -34 0.5000000 11636 -283 0 0
31 32 13073 -34 0.5000000 11636 -283 0 0
31 33 13073 -34 0.5000000 11636 -283 0 0
31 34 13073 -34 0.5000000 11636 -283 0 0
31 35 13073 -34 0.5000000 11636 -283 0 0
31 36 13073 -34 0.5000000 11636 -283 0 0
31 37 13073 -34 0.5000000 11636 -283 0 0
31 38 13073 -34 0.5000000 11636 -283 0 0
31 39 13073 -34 0.5000000 11636 -283 0 0
31 40 13073 -34 0.5000000 11636 -283 0 0
31 41 13073 -34 0.5000000 11636 -283 0 0
31 42 13073 -34 0.5000000 11636 -283 0 0
31 43 13072 -34 0.5000000 11636 -283 0 0
31 44 13072 -34 0.5000000 11636 -283 0 0
31 45 13071 -33 0.5000000 11636 -283 0 0
31 46 13071 -33 0.5000000 11636 -283 0 0
31 47 13071 -33 0.5000000 11636 -283 0 0
31 48 13070 -33 0.5000000 11636 -283 0 0
31 49 13070 -32 0.5000000 11636 -283 0 0
31 50 13070 -32 0.5000000 11636 -283 0 0
31 51 13070 -32 0.5000000 11636 -283 0 0
31 52 13070 -31 0.5000000 11636 -283 0 0
31 53 13070 -31 0.5000000 11636 -283 0 0
31 54 13071 -31 0.5000000 11636 -283 0 0
31 55 13071 -30 0.5000000 11636 -283 -1 -1
31 56 13072 -30 0.5000000 11636 -283 -1 -1
31 57 13072 -29 0.5000000 11636 -283 -1 0
31 58 13073 -29 0.5000000 11636 -283 -1 -1
31 59 13074 -28 0.5000000 11636 -283 -2 -1
31 60 13075 -27 0.5000000 11636 -283 -1 -1
31 61 13076 -26 0.5000000 11636 -283 -1 -1
31 62 13077 -25 0.5000000 11636 -283 -1 -1
31 63 13077 -24 0.5000000 11636 -283 -1 -1
31 64 13078 -23 0.5000000 11636 -283 -1 -1
31 65 13079 -23 0.5000000 11636 -283 -1 -1
31 66 13079 -22 0.5000000 11636 -283 -1 0
31 67 13080 -21 0.5000000 11636 -283 -1 -1
31 68 13081 -21 0.5000000 11636 -283 -1 -1
31 69 13082 -20 0.5000000 11636 -283 -1 -1
31 70 13083 -20 0.5000000 11636 -283 -1 -1
31 71 13084 -19 0.5000000 11636 -283 -1 -1
31 72 13084 -19 0.5000000 11636 -283 -1 0
31 73 13085 -18 0.5000000 11636 -283 -1 0
31 74 13085 -18 0.5000000 11636 -283 0 0
31 75 13085 -17 0.5000000 11636 -283 0 -1
31 76 13085 -17 0.5000000 11636 -283 0 0
31 77 13084 -17 0.5000000 11636 -283 1 0
31 78 13084 -17 0.5000000 11636 -283 1 0
31 79 13083 -16 0.5000000 11636 -283 1 0
31 80 13083 -16 0.5000000 11636 -283 1 0
31 81 13082 -15 0.5000000 11636 -283 0 -1
31 82 13082 -15 0.5000000 11636 -283 0 -1
31 83 13082 -14 0.5000000 11636 -283 0 0
31 84 13081 -14 0.5000000 11636 -283 1 0
31 85 13081 -14 0.5000000 11636 -283 0 0
31 86 13080 -14 0.5000000 11636 -283 1 0
31 87 13080 -13 0.5000000 11636 -283 1 0
31 88 13079 -13 0.5000000 11636 -283 1 0
31 89 13078 -13 0.5000000 11636 -283 1 0
31 90 13078 -13 0.5000000 11636 -283 1 0
31 91 13077 -12 0.5000000 11636 -283 1 -1
31 92 13076 -11 0.5000000 11636 -283 1 -1
31 93 13076 -11 0.5000000 11636 -283 1 -1
31 94 13075 -10 0.5000000 11636 -283 1 -1
31 95 13074 -10 0.5000000 11636 -283 1 -1
31 96 13073 -9 0.5000000 11636 -283 1 0
31 97 13073 -9 0.5000000 11636 -283 0 0
31 98 13073 -8 0.5000000 11636 -283 0 0
31 100 13072 -8 0.5000000 11636 -283 0 0
31 101 13072 -7 0.5000000 11636 -283 0 -1
31 102 13071 -7 0.5000000 11636 -283 1 0
31 103 13071 -7 0.5000000 11636 -283 1 0
31 104 13070 -6 0.5000000 11636 -283 1 0
31 105 13069 -6 0.5000000 11636 -283 1 -1
31 106 13069 -5 0.5000000 11636 -283 0 -1
31 107 13069 -4 0.5000000 11636 -283 0 -1
31 108 13068 -4 0.5000000 11636 -283 0 0
31 109 13068 -3 0.5000000 11636 -283 0 -1
31 110 13067 -2 0.5000000 11636 -283 0 -1
31 111 13067 -2 0.5000000 11636 -283 1 -1
31 112 13066 -1 0.5000000 11636 -283 0 0
