38 0 6572 594 0.5000000 8863 536 0 0
38 1 6572 594 0.5000000 8863 536 0 0
38 2 6572 594 0.5000000 8863 536 0 0
38 3 6572 594 0.5000000 8863 536 0 0
38 4 6572 594 0.5000000 8863 536 0 0
38 5 6572 594 0.5000000 8863 536 0 0
38 6 6573 594 0.5000000 8863 536 0 0
38 7 6573 594 0.5000000 8863 536 0 0
38 8 6573 593 0.5000000 8863 536 0 0
38 9 6573 593 0.5000000 8863 536 0 0
38 10 6573 593 0.5000000 8863 536 0 0
38 11 6573 593 0.5000000 8863 536 0 0
38 12 6573 593 0.5000000 8863 536 0 0
38 13 6573 593 0.5000000 8863 536 0 0
38 14 6573 593 0.5000000 8863 536 0 0
38 15 6573 593 0.5000000 8863 536 0 0
38 16 6573 594 0.5000000 8863 536 0 0
38 17 6572 594 0.5000000 8863 536 0 0
38 18 6572 594 0.5000000 8863 536 0 0
38 19 6572 594 0.5000000 8863 536 0 0
38 20 6572 594 0.5000000 8863 536 0 0
38 21 6572 594 0.5000000 8863 536 0 0
38 22 6572 594 0.5000000 8863 536 0 0
38 23 6571 594 0.5000000 8863 536 0 0
38 24 6571 594 0.5000000 8863 536 0 0
38 25 6571 594 0.5000000 8863 536 0 0
38 26 6571 594 0.5000000 8863 536 0 0
38 27 6571 594 0.5000000 8863 536 0 0
38 28 6571 594 0.5000000 8863 536 0 0
38 29 6570 595 0.5000000 8863 536 0 0
38 30 6570 595 0.5000000 8863 536 0 0
38 31 6571 595 0.5000000 8863 536 0 0
38 32 6571 595 0.5000000 8863 536 0 0
38 33 6571 595 0.5000000 8863 536 0 0
38 34 6571 595 0.5000000 8863 536 0 0
38 35 6571 594 0.5000000 8863 536 0 0
38 36 6571 594 0.5000000 8863 536 0 0
38 37 6570 594 0.5000000 8863 536 0 0
38 38 6570 594 0.5000000 8863 536 0 0
38 39 6570 594 0.5000000 8863 536 0 0
38 40 6570 594 0.5000000 8863 536 0 0
38 41 6570 594 0.5000000 8863 536 0 0
38 42 6570 594 0.5000000 8863 536 0 0
38 43 6570 594 0.5000000 8863 536 0 0
38 44 6570 594 0.5000000 8863 536 0 0
38 45 6571 594 0.5000000 8863 536 0 0
38 46 6571 594 0.5000000 8863 536 0 0
38 47 6571 594 0.5000000 8863 536 0 0
38 48 6571 593 0.5000000 8863 536 0 0
38 49 6571 593 0.5000000 8863 536 0 0
38 50 6571 593 0.5000000 8863 536 0 0
38 51 6571 593 0.5000000 8863 536 0 0
38 52 6571 593 0.5000000 8863 536 0 0
38 53 6572 593 0.5000000 8863 536 0 0
38 54 6572 593 0.5000000 8863 536 0 0
38 55 6572 593 0.5000000 8863 536 0 0
38 56 6573 593 0.5000000 8863 536 0 0
38 57 6573 593 0.5000000 8863 536 0 0
38 58 6574 593 0.5000000 8863 536 0 0
38 59 6574 594 0.5000000 8863 536 0 0
38 60 6574 594 0.5000000 8863 536 0 0
38 61 6575 594 0.5000000 8863 536 0 0
38 62 6575 594 0.5000000 8863 536 0 0
38 63 6575 594 0.5000000 8863 536 -1 0
38 64 6576 594 0.5000000 8863 536 -1 0
38 65 6576 594 0.5000000 8863 536 0 0
38 66 6577 594 0.5000000 8863 536 -1 0
38 67 6577 594 0.5000000 8863 536 0 0
38 68 6578 594 0.5000000 8863 536 -1 0
38 69 6579 594 0.5000000 8863 536 -1 0
38 70 6579 595 0.5000000 8863 536 -1 0
38 71 6580 595 0.5000000 8863 536 -1 0
38 72 6581 595 0.5000000 8863 536 -1 0
38 73 6581 595 0.5000000 8863 536 0 0
38 74 6581 595 0.5000000 8863 536 0 0
38 75 6582 595 0.5000000 8863 536 0 0
38 76 6583 594 0.5000000 8863 536 -1 0
38 77 6583 594 0.5000000 8863 536 -1 0
38 78 6584 594 0.5000000 8863 536 -1 0
38 79 6584 594 0.5000000 8863 536 -1 0
38 80 6585 594 0.5000000 8863 536 -1 0
38 81 6586 594 0.5000000 8863 536 -1 0
38 82 6586 594 0.5000000 8863 536 0 0
38 83 6586 594 0.5000000 8863 536 0 0
38 84 6587 594 0.5000000 8863 536 0 0
38 85 6587 594 0.5000000 8863 536 0 0
38 86 6588 594 0.5000000 8863 536 0 0
38 87 6588 594 0.5000000 8863 536 0 0
38 88 6589 594 0.5000000 8863 536 -1 0
38 89 6589 594 0.5000000 8863 536 -1 0
38 90 6590 594 0.5000000 8863 536 -1 0
38 91 6591 594 0.5000000 8863 536 -1 0
38 92 6591 594 0.5000000 8863 536 -1 0
38 93 6592 593 0.5000000 8863 536 -1 0
38 94 6593 593 0.5000000 8863 536 -1 0
38 95 6593 593 0.5000000 8863 536 -1 0
38 96 6594 593 0.5000000 8863 536 -1 0
38 97 6595 593 0.5000000 8863 536 -1 0
38 98 6595 593 0.5000000 8863 536 -1 0
38 99 6596 593 0.5000000 8863 536 -1 0
38 100 6597 593 0.5000000 8863 536 -1 0
38 101 6597 593 0.5000000 8863 536 -1 0
38 102 6598 593 0.5000000 8863 536 -1 0
38 103 6598 593 0.5000000 8863 536 -1 0
38 104 6599 593 0.5000000 8863 536 -1 0
38 105 6600 593 0.5000000 8863 536 -1 0
38 106 6601 593 0.5000000 8863 536 -1 0
38 107 6601 593 0.5000000 8863 536 -1 0
38 108 6602 593 0.5000000 8863 536 -1 0
38 109 6603 593 0.5000000 8863 536 -1 0
38 110 6604 593 0.5000000 8863 536 -1 0
38 111 6604 593 0.5000000 8863 536 -1 0
38 112 6605 593 0.5000000 8863 536 -1 0
38 113 6606 593 0.5000000 8863 536 -1 0
38 114 6607 593 0.5000000 8863 536 -1 0
38 115 6608 594 0.5000000 8863 536 -1 0
38 116 6609 594 0.5000000 8863 536 -1 0
38 117 6609 595 0.5000000 8863 536 -1 0
38 0 6610 595 0.5000000 8863 536 -1 0
38 1 6610 595 0.5000000 8863 536 0 0
38 0 6611 595 0.5000000 8863 536 0 0
38 1 6611 595 0.5000000 8863 536 0 0
38 2 6611 595 0.5000000 8863 536 0 0
38 3 6611 595 0.5000000 8863 536 0 0
38 4 6612 595 0.5000000 8863 536 0 0
38 5 6612 595 0.5000000 8863 536 0 0
38 6 6612 595 0.5000000 8863 536 0 0
38 7 6612 595 0.5000000 8863 536 0 0
38 8 6612 595 0.5000000 8863 536 0 0
38 9 6612 595 0.5000000 8863 536 0 0
38 10 6612 595 0.5000000 8863 536 0 0
38 11 6613 595 0.5000000 8863 536 0 0
38 12 6613 595 0.5000000 8863 536 0 0
38 13 6613 595 0.5000000 8863 536 0 0
38 14 6613 595 0.5000000 8863 536 0 0
38 15 6612 595 0.5000000 8863 536 0 0
38 16 6612 595 0.5000000 8863 536 0 0
38 17 6612 595 0.5000000 8863 536 0 0
38 18 6612 595 0.5000000 8863 536 0 0
38 19 6612 595 0.5000000 8863 536 0 0
38 20 6612 595 0.5000000 8863 536 0 0
38 21 6612 596 0.5000000 8863 536 0 0
38 22 6611 596 0.5000000 8863 536 0 0
38 23 6611 596 0.5000000 8863 536 0 0
38 24 6611 596 0.5000000 8863 536 0 0
38 25 6611 596 0.5000000 8863 536 0 0
38 26 6611 596 0.5000000 8863 536 0 0
38 27 6611 596 0.5000000 8863 536 0 0
38 28 6610 596 0.5000000 8863 536 0 0
38 29 6610 596 0.5000000 8863 536 0 0
38 30 6610 596 0.5000000 8863 536 0 0
38 31 6610 596 0.5000000 8863 536 0 0
38 32 6610 596 0.5000000 8863 536 0 0
38 33 6610 596 0.5000000 8863 536 0 0
38 34 6611 596 0.5000000 8863 536 0 0
38 35 6610 596 0.5000000 8863 536 0 0
38 36 6610 596 0.5000000 8863 536 0 0
38 37 6610 596 0.5000000 8863 536 0 0
38 38 6610 596 0.5000000 8863 536 0 0
38 39 6610 595 0.5000000 8863 536 0 0
38 40 6610 595 0.5000000 8863 536 0 0
38 41 6610 595 0.5000000 8863 536 0 0
38 42 6610 595 0.5000000 8863 536 0 0
38 43 6610 595 0.5000000 8863 536 0 0
38 44 6610 595 0.5000000 8863 536 0 0
38 45 6610 595 0.5000000 8863 536 0 0
38 46 6611 595 0.5000000 8863 536 0 0
38 47 6611 595 0.5000000 8863 536 0 0
38 48 6611 595 0.5000000 8863 536 0 0
38 49 6611 595 0.5000000 8863 536 0 0
38 50 6611 595 0.5000000 8863 536 0 0
38 51 6611 595 0.5000000 8863 536 0 0
38 52 6611 595 0.5000000 8863 536 0 0
38 53 6612 595 0.5000000 8863 536 0 0
38 54 6612 595 0.5000000 8863 536 0 0
38 55 6612 595 0.5000000 8863 536 0 0
38 56 6613 595 0.5000000 8863 536 0 0
38 57 6613 595 0.5000000 8863 536 0 0
38 58 6613 595 0.5000000 8863 536 0 0
38 59 6614 595 0.5000000 8863 536 0 0
38 60 6614 595 0.5000000 8863 536 0 0
38 61 6614 595 0.5000000 8863 536 0 0
38 62 6615 595 0.5000000 8863 536 0 0
38 63 6615 596 0.5000000 8863 536 -1 0
38 64 6616 596 0.5000000 8863 536 -1 0
38 65 6616 596 0.5000000 8863 536 0 0
38 66 6617 596 0.5000000 8863 536 -1 0
38 67 6617 596 0.5000000 8863 536 0 0
38 68 6618 596 0.5000000 8863 536 -1 0
38 69 6619 596 0.5000000 8863 536 -1 0
38 70 6619 596 0.5000000 8863 536 -1 0
38 71 6620 596 0.5000000 8863 536 -1 0
38 72 6620 596 0.5000000 8863 536 -1 0
38 73 6621 596 0.5000000 8863 536 0 0
38 74 6621 596 0.5000000 8863 536 0 0
38 75 6622 596 0.5000000 8863 536 0 0
38 76 6622 596 0.5000000 8863 536 -1 0
38 77 6623 596 0.5000000 8863 536 -1 0
38 78 6624 596 0.5000000 8863 536 -1 0
38 79 6624 596 0.5000000 8863 536 -1 0
38 80 6625 596 0.5000000 8863 536 -1 0
38 81 6625 596 0.5000000 8863 536 -1 0
38 82 6626 596 0.5000000 8863 536 0 0
38 83 6626 596 0.5000000 8863 536 0 0
38 84 6627 596 0.5000000 8863 536 0 0
38 85 6627 596 0.5000000 8863 536 0 0
38 86 6627 595 0.5000000 8863 536 0 0
38 87 6628 595 0.5000000 8863 536 0 0
38 88 6628 595 0.5000000 8863 536 -1 0
38 89 6629 595 0.5000000 8863 536 -1 0
38 90 6630 595 0.5000000 8863 536 -1 0
38 91 6630 595 0.5000000 8863 536 -1 0
38 92 6631 595 0.5000000 8863 536 -1 0
38 93 6632 595 0.5000000 8863 536 -1 0
38 94 6632 595 0.5000000 8863 536 -1 0
38 95 6633 595 0.5000000 8863 536 -1 0
38 96 6634 595 0.5000000 8863 536 -1 0
38 97 6634 594 0.5000000 8863 536 -1 0
38 98 6635 594 0.5000000 8863 536 -1 0
38 99 6636 594 0.5000000 8863 536 -1 0
38 100 6636 594 0.5000000 8863 536 -1 0
38 101 6637 594 0.5000000 8863 536 -1 0
38 102 6638 594 0.5000000 8863 536 -1 0
38 103 6638 594 0.5000000 8863 536 -1 0
38 104 6639 594 0.5000000 8863 536 -1 0
38 105 6640 594 0.5000000 8863 536 -1 0
38 106 6640 594 0.5000000 8863 536 -1 0
38 107 6641 594 0.5000000 8863 536 -1 0
38 108 6642 594 0.5000000 8863 536 -1 0
38 109 6643 594 0.5000000 8863 536 -1 0
38 110 6643 594 0.5000000 8863 536 -1 0
38 111 6644 594 0.5000000 8863 536 -1 0
38 112 6645 595 0.5000000 8863 536 -1 0
38 113 6646 595 0.5000000 8863 536 -1 0
38 114 6647 595 0.5000000 8863 536 -1 0
38 115 6648 595 0.5000000 8863 536 -1 0
38 116 6648 596 0.5000000 8863 536 -1 0
38 117 6649 596 0.5000000 8863 536 -1 0
