33 0 10115 85 0.5000000 8676 -172 0 1
33 1 10115 84 0.5000000 8676 -172 0 0
33 2 10115 84 0.5000000 8676 -172 0 1
33 3 10115 84 0.5000000 8676 -172 0 0
33 4 10115 83 0.5000000 8676 -172 0 0
33 5 10115 83 0.5000000 8676 -172 0 0
33 6 10115 82 0.5000000 8676 -172 0 0
33 7 10116 82 0.5000000 8676 -172 0 0
33 8 10116 82 0.5000000 8676 -172 0 0
33 9 10116 82 0.5000000 8676 -172 0 0
33 10 10116 82 0.5000000 8676 -172 0 0
33 11 10117 82 0.5000000 8676 -172 0 0
33 12 10117 82 0.5000000 8676 -172 0 0
33 13 10117 81 0.5000000 8676 -172 0 0
33 14 10117 81 0.5000000 8676 -172 0 0
33 15 10117 81 0.5000000 8676 -172 0 0
33 16 10117 81 0.5000000 8676 -172 0 0
33 17 10117 81 0.5000000 8676 -172 0 0
33 18 10117 81 0.5000000 8676 -172 0 0
33 19 10117 81 0.5000000 8676 -172 0 0
33 20 10117 81 0.5000000 8676 -172 0 0
33 21 10117 80 0.5000000 8676 -172 0 0
33 22 10117 80 0.5000000 8676 -172 0 0
33 23 10117 80 0.5000000 8676 -172 0 0
33 24 10118 80 0.5000000 8676 -172 0 0
33 25 10118 80 0.5000000 8676 -172 0 0
33 26 10118 80 0.5000000 8676 -172 0 0
33 27 10118 79 0.5000000 8676 -172 0 0
33 28 10119 79 0.5000000 8676 -172 0 0
33 29 10119 78 0.5000000 8676 -172 0 0
33 30 10119 78 0.5000000 8676 -172 0 0
33 31 10119 77 0.5000000 8676 -172 0 1
33 32 10120 77 0.5000000 8676 -172 0 1
33 33 10120 76 0.5000000 8676 -172 0 1
33 34 10120 76 0.5000000 8676 -172 0 0
33 35 10120 75 0.5000000 8676 -172 0 0
33 36 10121 75 0.5000000 8676 -172 0 0
33 37 10121 74 0.5000000 8676 -172 0 0
33 38 10121 74 0.5000000 8676 -172 0 0
33 39 10121 74 0.5000000 8676 -172 0 0
33 40 10120 74 0.5000000 8676 -172 0 0
33 41 10120 73 0.5000000 8676 -172 0 0
33 42 10120 73 0.5000000 8676 -172 0 0
33 43 10120 73 0.5000000 8676 -172 0 0
33 44 10120 73 0.5000000 8676 -172 0 0
33 45 10120 73 0.5000000 8676 -172 0 0
33 46 10120 73 0.5000000 8676 -172 0 0
33 47 10120 73 0.5000000 8676 -172 0 0
33 48 10120 73 0.5000000 8676 -172 0 0
33 49 10120 73 0.5000000 8676 -172 0 0
33 50 10120 73 0.5000000 8676 -172 0 0
33 51 10120 73 0.5000000 8676 -172 0 0
33 52 10120 73 0.5000000 8676 -172 0 0
33 53 10120 72 0.5000000 8676 -172 0 0
33 54 10120 72 0.5000000 8676 -172 0 0
33 55 10120 72 0.5000000 8676 -172 0 0
33 56 10120 71 0.5000000 8676 -172 0 0
33 57 10120 71 0.5000000 8676 -172 0 0
33 58 10120 70 0.5000000 8676 -172 0 0
33 59 10120 70 0.5000000 8676 -172 0 1
33 60 10120 69 0.5000000 8676 -172 0 0
33 61 10120 69 0.5000000 8676 -172 0 0
33 62 10120 69 0.5000000 8676 -172 0 0
33 63 10120 68 0.5000000 8676 -172 0 0
33 64 10120 68 0.5000000 8676 -172 0 0
33 65 10119 67 0.5000000 8676 -172 0 0
33 66 10119 67 0.5000000 8676 -172 0 0
33 67 10119 67 0.5000000 8676 -172 0 0
33 68 10119 67 0.5000000 8676 -172 0 0
33 69 10119 66 0.5000000 8676 -172 0 1
33 70 10119 65 0.5000000 8676 -172 0 1
33 71 10119 65 0.5000000 8676 -172 0 0
33 72 10119 64 0.5000000 8676 -172 0 0
33 73 10119 64 0.5000000 8676 -172 0 0
33 74 10119 64 0.5000000 8676 -172 0 0
33 75 10119 63 0.5000000 8676 -172 0 0
33 76 10119 63 0.5000000 8676 -172 0 0
33 77 10119 63 0.5000000 8676 -172 0 0
33 78 10119 62 0.5000000 8676 -172 0 0
33 79 10119 62 0.5000000 8676 -172 0 0
33 80 10119 62 0.5000000 8676 -172 0 0
33 81 10119 61 0.5000000 8676 -172 0 0
33 82 10119 61 0.5000000 8676 -172 0 1
