26 0 11753 964 0.5000000 10328 844 1 0
26 1 11752 964 0.5000000 10328 844 1 0
26 2 11752 964 0.5000000 10328 844 1 0
26 3 11751 964 0.5000000 10328 844 1 0
26 4 11750 964 0.5000000 10328 844 1 0
26 5 11750 964 0.5000000 10328 844 0 0
26 6 11749 964 0.5000000 10328 844 1 0
26 7 11748 964 0.5000000 10328 844 2 0
26 8 11747 963 0.5000000 10328 844 1 0
26 9 11747 963 0.5000000 10328 844 1 0
26 10 11746 963 0.5000000 10328 844 1 0
26 11 11745 962 0.5000000 10328 844 1 0
26 12 11745 962 0.5000000 10328 844 1 0
26 13 11744 961 0.5000000 10328 844 1 1
26 14 11744 961 0.5000000 10328 844 0 1
26 15 11743 960 0.5000000 10328 844 0 0
26 16 11743 960 0.5000000 10328 844 0 0
26 17 11743 959 0.5000000 10328 844 0 0
26 18 11742 959 0.5000000 10328 844 0 0
26 19 11742 959 0.5000000 10328 844 0 0
26 20 11742 958 0.5000000 10328 844 0 0
26 21 11741 958 0.5000000 10328 844 0 0
26 22 11741 957 0.5000000 10328 844 0 1
26 23 11741 957 0.5000000 10328 844 0 0
26 24 11741 956 0.5000000 10328 844 0 0
26 25 11741 956 0.5000000 10328 844 0 1
26 26 11741 955 0.5000000 10328 844 0 1
26 27 11741 955 0.5000000 10328 844 0 0
26 28 11741 954 0.5000000 10328 844 0 0
26 29 11741 954 0.5000000 10328 844 0 0
26 30 11741 953 0.5000000 10328 844 0 0
26 31 11741 953 0.5000000 10328 844 0 0
26 32 11741 953 0.5000000 10328 844 0 0
26 33 11741 953 0.5000000 10328 844 0 0
26 34 11741 952 0.5000000 10328 844 0 0
26 35 11740 952 0.5000000 10328 844 0 0
26 36 11740 952 0.5000000 10328 844 0 0
26 37 11740 952 0.5000000 10328 844 0 0
26 38 11740 952 0.5000000 10328 844 0 0
26 39 11740 952 0.5000000 10328 844 0 0
26 40 11740 952 0.5000000 10328 844 0 0
26 41 11740 952 0.5000000 10328 844 0 0
26 42 11739 952 0.5000000 10328 844 0 0
26 43 11739 953 0.5000000 10328 844 0 0
26 44 11739 953 0.5000000 10328 844 0 0
26 45 11738 953 0.5000000 10328 844 0 0
26 46 11738 953 0.5000000 10328 844 0 0
26 47 11738 953 0.5000000 10328 844 0 0
26 48 11737 953 0.5000000 10328 844 0 0
26 49 11737 953 0.5000000 10328 844 0 0
26 50 11737 953 0.5000000 10328 844 0 0
26 51 11737 953 0.5000000 10328 844 0 0
26 52 11737 953 0.5000000 10328 844 0 0
26 53 11737 952 0.5000000 10328 844 0 0
26 54 11737 952 0.5000000 10328 844 0 0
26 55 11737 952 0.5000000 10328 844 0 0
26 56 11737 952 0.5000000 10328 844 0 0
26 57 11738 952 0.5000000 10328 844 0 0
26 58 11738 951 0.5000000 10328 844 0 0
26 59 11738 951 0.5000000 10328 844 -1 0
26 60 11739 950 0.5000000 10328 844 0 0
26 61 11740 950 0.5000000 10328 844 -1 0
26 62 11740 950 0.5000000 10328 844 0 0
26 63 11740 949 0.5000000 10328 844 0 1
26 64 11740 949 0.5000000 10328 844 0 0
26 65 11740 949 0.5000000 10328 844 0 0
26 66 11741 949 0.5000000 10328 844 0 0
26 67 11741 949 0.5000000 10328 844 0 0
26 68 11741 949 0.5000000 10328 844 0 0
26 69 11741 949 0.5000000 10328 844 0 0
26 70 11740 949 0.5000000 10328 844 0 0
26 71 11740 950 0.5000000 10328 844 0 0
26 72 11740 949 0.5000000 10328 844 0 0
26 73 11740 949 0.5000000 10328 844 0 0
26 74 11740 949 0.5000000 10328 844 0 0
26 75 11739 949 0.5000000 10328 844 0 0
26 76 11739 949 0.5000000 10328 844 0 0
26 77 11739 949 0.5000000 10328 844 0 0
26 78 11740 949 0.5000000 10328 844 0 0
26 79 11740 949 0.5000000 10328 844 0 0
26 80 11740 949 0.5000000 10328 844 0 0
26 81 11740 949 0.5000000 10328 844 0 0
26 82 11740 949 0.5000000 10328 844 0 0
26 83 11740 949 0.5000000 10328 844 0 0
26 84 11740 949 0.5000000 10328 844 0 0
26 85 11740 948 0.5000000 10328 844 0 0
26 86 11740 948 0.5000000 10328 844 0 0
26 87 11740 948 0.5000000 10328 844 0 0
26 88 11740 947 0.5000000 10328 844 0 0
26 89 11740 947 0.5000000 10328 844 0 0
26 90 11740 947 0.5000000 10328 844 0 0
26 91 11740 947 0.5000000 10328 844 0 0
26 92 11739 947 0.5000000 10328 844 0 0
26 93 11739 947 0.5000000 10328 844 0 0
26 94 11739 947 0.5000000 10328 844 0 0
26 95 11739 947 0.5000000 10328 844 0 0
26 96 11739 947 0.5000000 10328 844 0 0
26 97 11738 947 0.5000000 10328 844 0 0
26 98 11738 947 0.5000000 10328 844 0 0
26 99 11738 947 0.5000000 10328 844 0 0
26 100 11738 948 0.5000000 10328 844 0 0
26 101 11737 948 0.5000000 10328 844 0 0
26 102 11737 948 0.5000000 10328 844 0 0
26 103 11736 948 0.5000000 10328 844 0 0
26 104 11736 948 0.5000000 10328 844 0 0
26 105 11736 948 0.5000000 10328 844 0 0
26 106 11735 948 0.5000000 10328 844 0 0
26 107 11735 948 0.5000000 10328 844 0 0
26 108 11735 947 0.5000000 10328 844 0 0
26 109 11735 947 0.5000000 10328 844 0 0
26 110 11735 947 0.5000000 10328 844 0 0
26 111 11735 947 0.5000000 10328 844 0 0
26 112 11735 947 0.5000000 10328 844 0 0
26 113 11735 947 0.5000000 10328 844 0 0
26 114 11735 946 0.5000000 10328 844 0 1
26 115 11735 946 0.5000000 10328 844 0 0
26 116 11735 945 0.5000000 10328 844 0 0
26 117 11735 945 0.5000000 10328 844 0 0
26 118 11735 945 0.5000000 10328 844 0 0
26 119 11735 945 0.5000000 10328 844 0 0
26 120 11734 945 0.5000000 10328 844 0 0
26 121 11734 945 0.5000000 10328 844 0 0
26 122 11734 945 0.5000000 10328 844 0 0
26 123 11734 945 0.5000000 10328 844 0 0
26 124 11734 945 0.5000000 10328 844 0 0
26 125 11734 945 0.5000000 10328 844 0 0
26 126 11733 946 0.5000000 10328 844 0 0
26 127 11733 946 0.5000000 10328 844 0 0
26 128 11733 945 0.5000000 10328 844 0 0
26 129 11733 945 0.5000000 10328 844 0 0
26 130 11733 945 0.5000000 10328 844 0 0
26 131 11733 945 0.5000000 10328 844 0 0
26 132 11733 945 0.5000000 10328 844 0 0
26 133 11733 945 0.5000000 10328 844 0 0
26 134 11733 945 0.5000000 10328 844 0 0
26 135 11732 944 0.5000000 10328 844 0 0
26 136 11733 944 0.5000000 10328 844 0 0
26 137 11733 944 0.5000000 10328 844 0 0
26 138 11733 944 0.5000000 10328 844 0 0
26 139 11733 944 0.5000000 10328 844 0 0
26 140 11734 944 0.5000000 10328 844 0 0
26 141 11734 945 0.5000000 10328 844 0 0
26 142 11734 945 0.5000000 10328 844 0 0
26 143 11734 944 0.5000000 10328 844 0 0
26 144 11734 944 0.5000000 10328 844 0 0
26 145 11734 943 0.5000000 10328 844 0 0
26 146 11734 943 0.5000000 10328 844 0 1
26 147 11734 943 0.5000000 10328 844 0 0
26 148 11734 942 0.5000000 10328 844 0 0
26 149 11735 942 0.5000000 10328 844 0 0
26 150 11735 941 0.5000000 10328 844 0 0
26 151 11735 941 0.5000000 10328 844 0 0
26 152 11735 941 0.5000000 10328 844 0 0
26 153 11735 941 0.5000000 10328 844 0 0
26 154 11735 941 0.5000000 10328 844 0 0
26 155 11736 941 0.5000000 10328 844 0 0
26 156 11736 940 0.5000000 10328 844 0 0
26 157 11736 940 0.5000000 10328 844 0 0
26 158 11736 940 0.5000000 10328 844 0 0
26 159 11736 940 0.5000000 10328 844 0 0
26 160 11736 940 0.5000000 10328 844 0 0
26 161 11736 939 0.5000000 10328 844 0 0
26 162 11736 939 0.5000000 10328 844 0 0
26 163 11736 939 0.5000000 10328 844 0 0
26 164 11736 940 0.5000000 10328 844 0 0
26 165 11736 940 0.5000000 10328 844 0 0
26 166 11736 940 0.5000000 10328 844 0 0
26 167 11736 941 0.5000000 10328 844 0 0
26 168 11735 941 0.5000000 10328 844 0 0
26 169 11735 941 0.5000000 10328 844 0 0
26 170 11735 942 0.5000000 10328 844 0 0
26 171 11735 942 0.5000000 10328 844 0 0
26 172 11735 942 0.5000000 10328 844 0 0
26 173 11735 942 0.5000000 10328 844 0 0
26 174 11735 942 0.5000000 10328 844 0 0
26 175 11735 943 0.5000000 10328 844 0 0
26 176 11735 943 0.5000000 10328 844 0 0
26 177 11734 943 0.5000000 10328 844 0 0
26 178 11734 943 0.5000000 10328 844 0 0
26 179 11734 943 0.5000000 10328 844 0 0
26 180 11734 944 0.5000000 10328 844 0 0
26 181 11734 944 0.5000000 10328 844 0 0
26 182 11733 944 0.5000000 10328 844 0 0
26 183 11733 944 0.5000000 10328 844 0 0
26 184 11733 944 0.5000000 10328 844 0 0
26 185 11733 945 0.5000000 10328 844 0 0
26 186 11733 945 0.5000000 10328 844 0 0
26 187 11733 945 0.5000000 10328 844 0 0
26 188 11733 945 0.5000000 10328 844 0 0
26 189 11733 945 0.5000000 10328 844 0 0
