20 0 12519 278 0.5000000 11475 42 0 0
20 1 12519 278 0.5000000 11475 42 0 0
20 2 12519 278 0.5000000 11475 42 0 0
20 3 12519 278 0.5000000 11475 42 0 0
20 4 12519 279 0.5000000 11475 42 0 0
20 5 12519 279 0.5000000 11475 42 0 0
20 6 12519 279 0.5000000 11475 42 0 0
20 7 12518 278 0.5000000 11475 42 0 0
20 8 12518 278 0.5000000 11475 42 0 0
20 9 12518 278 0.5000000 11475 42 0 0
20 10 12518 278 0.5000000 11475 42 0 0
20 11 12518 278 0.5000000 11475 42 0 0
20 12 12518 278 0.5000000 11475 42 0 0
20 13 12518 278 0.5000000 11475 42 0 0
20 14 12518 279 0.5000000 11475 42 0 0
20 15 12518 279 0.5000000 11475 42 0 0
20 16 12517 279 0.5000000 11475 42 0 0
20 17 12517 279 0.5000000 11475 42 0 0
20 18 12517 279 0.5000000 11475 42 0 0
20 19 12517 279 0.5000000 11475 42 0 0
20 20 12517 279 0.5000000 11475 42 0 0
20 21 12517 279 0.5000000 11475 42 0 0
20 22 12517 279 0.5000000 11475 42 0 0
20 23 12518 279 0.5000000 11475 42 0 0
20 24 12518 279 0.5000000 11475 42 0 0
20 25 12518 279 0.5000000 11475 42 0 0
20 26 12518 279 0.5000000 11475 42 0 0
20 27 12519 279 0.5000000 11475 42 0 0
20 28 12519 279 0.5000000 11475 42 0 0
20 31 12519 279 0.5000000 11475 42 0 0
20 32 12519 280 0.5000000 11475 42 0 0
20 33 12519 279 0.5000000 11475 42 0 0
20 34 12519 279 0.5000000 11475 42 0 0
20 35 12519 279 0.5000000 11475 42 0 0
20 36 12520 279 0.5000000 11475 42 0 0
20 37 12520 279 0.5000000 11475 42 0 0
20 38 12520 279 0.5000000 11475 42 0 0
20 39 12520 279 0.5000000 11475 42 0 0
20 40 12520 279 0.5000000 11475 42 0 0
20 41 12520 279 0.5000000 11475 42 0 0
20 42 12520 279 0.5000000 11475 42 0 0
20 43 12520 279 0.5000000 11475 42 0 0
20 44 12520 279 0.5000000 11475 42 0 0
20 45 12520 279 0.5000000 11475 42 0 0
20 46 12520 279 0.5000000 11475 42 0 0
20 47 12520 278 0.5000000 11475 42 0 0
20 48 12520 278 0.5000000 11475 42 0 0
20 49 12520 278 0.5000000 11475 42 0 0
20 50 12521 278 0.5000000 11475 42 0 0
20 51 12521 278 0.5000000 11475 42 0 0
20 52 12521 278 0.5000000 11475 42 0 0
20 53 12521 278 0.5000000 11475 42 0 0
20 54 12521 278 0.5000000 11475 42 0 0
20 55 12521 278 0.5000000 11475 42 0 0
20 56 12521 278 0.5000000 11475 42 0 0
20 57 12521 278 0.5000000 11475 42 0 0
20 58 12521 278 0.5000000 11475 42 0 0
20 59 12521 278 0.5000000 11475 42 0 0
20 60 12521 278 0.5000000 11475 42 0 0
20 61 12521 277 0.5000000 11475 42 0 0
20 62 12521 277 0.5000000 11475 42 0 0
20 63 12521 277 0.5000000 11475 42 0 0
20 64 12521 277 0.5000000 11475 42 0 0
20 65 12521 277 0.5000000 11475 42 0 0
20 66 12521 276 0.5000000 11475 42 0 0
20 67 12521 276 0.5000000 11475 42 0 0
20 68 12521 276 0.5000000 11475 42 0 0
20 69 12521 276 0.5000000 11475 42 0 0
20 70 12521 276 0.5000000 11475 42 0 0
20 71 12521 276 0.5000000 11475 42 0 0
20 72 12521 276 0.5000000 11475 42 0 0
20 73 12521 276 0.5000000 11475 42 0 0
20 74 12521 276 0.5000000 11475 42 0 0
20 75 12521 276 0.5000000 11475 42 0 0
20 76 12521 276 0.5000000 11475 42 0 0
20 77 12521 276 0.5000000 11475 42 0 0
20 78 12521 276 0.5000000 11475 42 0 0
20 79 12521 276 0.5000000 11475 42 0 0
20 80 12521 276 0.5000000 11475 42 0 0
20 81 12521 276 0.5000000 11475 42 0 0
20 82 12521 276 0.5000000 11475 42 0 0
20 83 12521 276 0.5000000 11475 42 0 0
20 84 12521 276 0.5000000 11475 42 0 0
20 85 12521 276 0.5000000 11475 42 0 0
20 86 12522 276 0.5000000 11475 42 0 0
20 87 12522 275 0.5000000 11475 42 0 0
20 88 12522 275 0.5000000 11475 42 0 0
20 89 12522 276 0.5000000 11475 42 0 0
20 90 12523 276 0.5000000 11475 42 0 0
20 91 12523 276 0.5000000 11475 42 0 0
20 92 12523 276 0.5000000 11475 42 0 0
20 93 12523 276 0.5000000 11475 42 0 0
20 94 12523 276 0.5000000 11475 42 0 0
20 95 12524 276 0.5000000 11475 42 0 0
20 96 12524 276 0.5000000 11475 42 0 0
20 97 12524 276 0.5000000 11475 42 0 0
20 98 12524 276 0.5000000 11475 42 0 0
20 99 12524 276 0.5000000 11475 42 0 0
20 100 12525 276 0.5000000 11475 42 0 0
20 101 12525 276 0.5000000 11475 42 0 0
20 102 12525 276 0.5000000 11475 42 0 0
20 103 12525 276 0.5000000 11475 42 0 0
20 104 12525 276 0.5000000 11475 42 0 0
20 105 12525 276 0.5000000 11475 42 0 0
20 106 12525 276 0.5000000 11475 42 0 0
20 107 12526 277 0.5000000 11475 42 0 0
20 108 12526 277 0.5000000 11475 42 0 0
20 109 12526 276 0.5000000 11475 42 0 0
20 110 12526 276 0.5000000 11475 42 0 0
20 111 12526 276 0.5000000 11475 42 0 0
20 112 12526 276 0.5000000 11475 42 0 0
20 113 12526 276 0.5000000 11475 42 0 0
20 114 12526 276 0.5000000 11475 42 0 0
20 115 12526 277 0.5000000 11475 42 0 0
20 116 12527 277 0.5000000 11475 42 0 0
20 117 12527 277 0.5000000 11475 42 0 0
20 118 12527 277 0.5000000 11475 42 0 0
20 119 12527 277 0.5000000 11475 42 0 0
20 120 12527 277 0.5000000 11475 42 0 0
20 121 12528 277 0.5000000 11475 42 0 0
20 122 12528 277 0.5000000 11475 42 0 0
20 123 12528 277 0.5000000 11475 42 0 0
20 124 12528 277 0.5000000 11475 42 0 0
20 125 12528 277 0.5000000 11475 42 0 0
20 126 12529 276 0.5000000 11475 42 0 0
20 127 12529 276 0.5000000 11475 42 0 0
20 128 12529 276 0.5000000 11475 42 0 0
20 129 12529 276 0.5000000 11475 42 0 0
20 130 12529 276 0.5000000 11475 42 0 0
20 131 12529 276 0.5000000 11475 42 0 0
20 132 12529 276 0.5000000 11475 42 0 0
20 133 12529 276 0.5000000 11475 42 0 0
20 134 12529 276 0.5000000 11475 42 0 0
20 135 12529 276 0.5000000 11475 42 0 0
20 136 12529 276 0.5000000 11475 42 0 0
20 137 12529 276 0.5000000 11475 42 0 0
20 138 12529 276 0.5000000 11475 42 0 0
20 139 12529 276 0.5000000 11475 42 0 0
20 140 12530 276 0.5000000 11475 42 0 0
20 141 12530 275 0.5000000 11475 42 0 0
20 142 12530 275 0.5000000 11475 42 0 0
20 143 12530 275 0.5000000 11475 42 0 0
