37 0 4308 878 0.5000000 6228 625 0 0
37 1 4307 878 0.5000000 6228 625 0 0
37 2 4307 878 0.5000000 6228 625 0 0
37 3 4307 877 0.5000000 6228 625 0 0
37 4 4307 877 0.5000000 6228 625 0 0
37 5 4306 877 0.5000000 6228 625 0 0
37 6 4306 877 0.5000000 6228 625 0 0
37 7 4306 876 0.5000000 6228 625 0 0
37 8 4305 876 0.5000000 6228 625 0 0
37 9 4305 876 0.5000000 6228 625 0 0
37 10 4305 876 0.5000000 6228 625 0 0
37 11 4305 876 0.5000000 6228 625 0 0
37 12 4304 876 0.5000000 6228 625 0 0
37 13 4304 876 0.5000000 6228 625 0 0
37 14 4304 876 0.5000000 6228 625 0 0
37 15 4304 876 0.5000000 6228 625 0 0
37 16 4304 876 0.5000000 6228 625 0 0
37 17 4303 876 0.5000000 6228 625 1 0
37 18 4303 877 0.5000000 6228 625 0 0
37 19 4302 877 0.5000000 6228 625 0 0
37 20 4302 878 0.5000000 6228 625 0 0
37 21 4302 878 0.5000000 6228 625 0 0
37 22 4302 878 0.5000000 6228 625 0 0
37 23 4301 878 0.5000000 6228 625 0 0
37 24 4301 878 0.5000000 6228 625 1 0
37 25 4300 878 0.5000000 6228 625 0 0
37 26 4300 878 0.5000000 6228 625 0 0
37 27 4299 878 0.5000000 6228 625 0 0
37 28 4299 878 0.5000000 6228 625 0 0
37 29 4299 878 0.5000000 6228 625 0 0
37 30 4299 877 0.5000000 6228 625 0 0
37 31 4299 877 0.5000000 6228 625 0 0
37 32 4298 877 0.5000000 6228 625 0 0
37 33 4298 877 0.5000000 6228 625 0 0
37 34 4298 877 0.5000000 6228 625 0 0
37 35 4298 877 0.5000000 6228 625 0 0
37 36 4298 877 0.5000000 6228 625 0 0
37 37 4298 877 0.5000000 6228 625 0 0
37 38 4297 876 0.5000000 6228 625 0 0
37 39 4297 876 0.5000000 6228 625 0 0
37 40 4297 876 0.5000000 6228 625 0 0
37 41 4297 875 0.5000000 6228 625 0 0
37 42 4297 875 0.5000000 6228 625 0 0
37 43 4297 875 0.5000000 6228 625 0 0
37 44 4297 875 0.5000000 6228 625 0 0
37 45 4296 874 0.5000000 6228 625 0 0
37 46 4296 874 0.5000000 6228 625 0 1
37 47 4296 873 0.5000000 6228 625 0 1
37 48 4296 872 0.5000000 6228 625 0 1
37 49 4295 872 0.5000000 6228 625 0 1
37 50 4295 871 0.5000000 6228 625 0 0
37 51 4295 870 0.5000000 6228 625 0 1
37 52 4295 870 0.5000000 6228 625 0 1
37 53 4295 869 0.5000000 6228 625 0 0
37 54 4295 869 0.5000000 6228 625 0 0
37 55 4294 868 0.5000000 6228 625 0 1
37 56 4294 867 0.5000000 6228 625 0 1
37 57 4293 866 0.5000000 6228 625 1 2
37 58 4293 865 0.5000000 6228 625 0 2
37 59 4293 864 0.5000000 6228 625 0 2
37 60 4292 863 0.5000000 6228 625 1 2
37 61 4291 861 0.5000000 6228 625 1 3
37 62 4290 860 0.5000000 6228 625 1 2
37 63 4289 858 0.5000000 6228 625 1 2
37 64 4289 857 0.5000000 6228 625 1 2
37 65 4288 856 0.5000000 6228 625 1 2
37 66 4287 854 0.5000000 6228 625 1 2
37 67 4286 853 0.5000000 6228 625 1 2
37 68 4286 852 0.5000000 6228 625 1 2
37 69 4285 851 0.5000000 6228 625 1 2
37 70 4284 850 0.5000000 6228 625 1 1
37 71 4284 849 0.5000000 6228 625 1 1
37 72 4283 848 0.5000000 6228 625 1 2
37 73 4282 847 0.5000000 6228 625 1 2
37 74 4282 845 0.5000000 6228 625 1 3
37 75 4281 844 0.5000000 6228 625 1 3
37 76 4280 842 0.5000000 6228 625 1 2
37 77 4279 841 0.5000000 6228 625 1 2
37 78 4279 840 0.5000000 6228 625 1 2
37 79 4278 839 0.5000000 6228 625 1 2
37 80 4278 838 0.5000000 6228 625 1 2
37 81 4277 837 0.5000000 6228 625 1 2
37 82 4276 836 0.5000000 6228 625 1 1
37 83 4276 835 0.5000000 6228 625 1 2
37 84 4275 834 0.5000000 6228 625 1 1
37 85 4274 833 0.5000000 6228 625 1 1
37 86 4273 832 0.5000000 6228 625 1 1
37 87 4273 831 0.5000000 6228 625 1 1
37 88 4272 830 0.5000000 6228 625 1 2
37 89 4271 828 0.5000000 6228 625 2 2
37 90 4270 827 0.5000000 6228 625 2 2
37 91 4269 826 0.5000000 6228 625 1 2
37 92 4267 825 0.5000000 6228 625 2 2
37 93 4266 824 0.5000000 6228 625 2 2
37 94 4264 822 0.5000000 6228 625 3 2
37 95 4263 821 0.5000000 6228 625 3 3
37 96 4261 819 0.5000000 6228 625 3 2
37 97 4259 818 0.5000000 6228 625 2 2
37 98 4258 817 0.5000000 6228 625 2 2
37 99 4257 816 0.5000000 6228 625 2 1
37 100 4256 816 0.5000000 6228 625 2 1
37 101 4255 815 0.5000000 6228 625 2 1
37 102 4253 813 0.5000000 6228 625 3 2
37 103 4251 812 0.5000000 6228 625 3 2
37 104 4250 812 0.5000000 6228 625 3 1
37 105 4248 811 0.5000000 6228 625 2 1
37 106 4247 810 0.5000000 6228 625 2 1
37 107 4246 809 0.5000000 6228 625 2 1
37 108 4244 809 0.5000000 6228 625 2 1
37 109 4243 808 0.5000000 6228 625 2 0
37 110 4242 808 0.5000000 6228 625 2 0
37 111 4241 808 0.5000000 6228 625 1 0
37 112 4240 807 0.5000000 6228 625 1 0
37 113 4240 807 0.5000000 6228 625 1 0
37 114 4239 807 0.5000000 6228 625 1 0
37 115 4238 807 0.5000000 6228 625 1 0
37 116 4238 807 0.5000000 6228 625 0 0
37 117 4237 806 0.5000000 6228 625 1 0
37 118 4237 806 0.5000000 6228 625 1 0
37 119 4236 806 0.5000000 6228 625 0 0
37 120 4236 806 0.5000000 6228 625 0 0
37 121 4236 805 0.5000000 6228 625 0 0
37 122 4236 805 0.5000000 6228 625 0 0
37 123 4235 805 0.5000000 6228 625 0 0
37 124 4235 805 0.5000000 6228 625 0 0
37 125 4235 805 0.5000000 6228 625 0 0
37 126 4235 804 0.5000000 6228 625 0 0
37 127 4235 804 0.5000000 6228 625 0 0
37 128 4235 804 0.5000000 6228 625 0 0
37 129 4234 804 0.5000000 6228 625 0 0
37 130 4234 803 0.5000000 6228 625 1 0
37 131 4233 803 0.5000000 6228 625 1 0
37 132 4231 802 0.5000000 6228 625 3 1
37 133 4229 801 0.5000000 6228 625 4 1
37 135 4227 801 0.5000000 6228 625 3 1
37 137 4227 800 0.5000000 6228 625 1 1
37 141 4226 800 0.5000000 6228 625 1 0
37 142 4225 799 0.5000000 6228 625 1 1
37 144 4223 798 0.5000000 6228 625 3 2
37 150 4222 796 0.5000000 6228 625 3 2
37 151 4220 795 0.5000000 6228 625 3 2
37 152 4218 795 0.5000000 6228 625 4 0
37 153 4216 794 0.5000000 6228 625 3 1
37 154 4214 794 0.5000000 6228 625 3 1
37 155 4213 793 0.5000000 6228 625 3 1
37 156 4211 793 0.5000000 6228 625 2 0
37 157 4210 792 0.5000000 6228 625 2 0
37 158 4208 792 0.5000000 6228 625 2 0
37 159 4207 791 0.5000000 6228 625 2 0
37 160 4207 791 0.5000000 6228 625 1 0
37 161 4206 791 0.5000000 6228 625 1 0
37 162 4205 791 0.5000000 6228 625 0 0
37 163 4205 791 0.5000000 6228 625 0 0
37 164 4204 790 0.5000000 6228 625 0 0
37 165 4204 790 0.5000000 6228 625 1 0
37 166 4203 790 0.5000000 6228 625 1 0
37 167 4202 790 0.5000000 6228 625 2 0
37 168 4200 789 0.5000000 6228 625 2 1
37 169 4198 788 0.5000000 6228 625 3 1
37 170 4196 788 0.5000000 6228 625 4 1
37 171 4194 787 0.5000000 6228 625 4 1
37 172 4191 786 0.5000000 6228 625 5 1
37 173 4188 785 0.5000000 6228 625 5 1
37 174 4185 785 0.5000000 6228 625 5 1
37 175 4182 783 0.5000000 6228 625 6 2
37 176 4178 782 0.5000000 6228 625 7 2
37 177 4174 781 0.5000000 6228 625 7 2
37 178 4170 780 0.5000000 6228 625 8 1
37 179 4166 779 0.5000000 6228 625 8 1
37 180 4161 779 0.5000000 6228 625 9 1
37 181 4156 778 0.5000000 6228 625 9 1
37 182 4152 777 0.5000000 6228 625 9 1
37 183 4147 777 0.5000000 6228 625 9 1
37 184 4142 776 0.5000000 6228 625 9 0
37 185 4138 776 0.5000000 6228 625 9 0
37 186 4133 776 0.5000000 6228 625 9 0
37 187 4129 775 0.5000000 6228 625 8 0
37 188 4125 775 0.5000000 6228 625 8 0
37 189 4121 775 0.5000000 6228 625 7 0
37 190 4117 774 0.5000000 6228 625 7 0
37 191 4114 774 0.5000000 6228 625 6 0
37 192 4111 774 0.5000000 6228 625 6 0
37 193 4108 773 0.5000000 6228 625 5 0
37 194 4106 773 0.5000000 6228 625 4 0
37 195 4103 773 0.5000000 6228 625 4 0
37 196 4101 772 0.5000000 6228 625 4 0
37 197 4100 772 0.5000000 6228 625 3 0
37 198 4098 772 0.5000000 6228 625 3 0
37 199 4096 772 0.5000000 6228 625 2 0
37 200 4095 771 0.5000000 6228 625 2 0
37 201 4094 771 0.5000000 6228 625 2 0
37 202 4093 771 0.5000000 6228 625 1 0
37 203 4092 771 0.5000000 6228 625 1 0
37 204 4091 770 0.5000000 6228 625 1 0
37 205 4090 770 0.5000000 6228 625 1 0
37 206 4090 770 0.5000000 6228 625 1 0
37 207 4090 770 0.5000000 6228 625 0 0
37 208 4089 770 0.5000000 6228 625 0 0
37 209 4089 770 0.5000000 6228 625 0 0
37 210 4089 770 0.5000000 6228 625 0 0
37 211 4088 769 0.5000000 6228 625 0 0
37 212 4088 769 0.5000000 6228 625 0 0
37 213 4088 769 0.5000000 6228 625 0 0
37 214 4087 769 0.5000000 6228 625 0 0
37 215 4087 769 0.5000000 6228 625 0 0
37 216 4087 769 0.5000000 6228 625 0 0
37 217 4087 769 0.5000000 6228 625 0 0
37 218 4086 769 0.5000000 6228 625 0 0
37 219 4086 769 0.5000000 6228 625 0 0
37 220 4086 769 0.5000000 6228 625 0 0
37 221 4086 769 0.5000000 6228 625 0 0
37 222 4085 769 0.5000000 6228 625 0 0
37 223 4085 769 0.5000000 6228 625 0 0
37 224 4085 769 0.5000000 6228 625 0 0
37 225 4085 769 0.5000000 6228 625 0 0
37 226 4085 769 0.5000000 6228 625 0 0
37 227 4085 769 0.5000000 6228 625 0 0
37 228 4084 769 0.5000000 6228 625 0 0
37 229 4084 769 0.5000000 6228 625 0 0
37 230 4084 769 0.5000000 6228 625 0 0
37 231 4084 769 0.5000000 6228 625 0 0
37 232 4084 769 0.5000000 6228 625 0 0
37 233 4084 770 0.5000000 6228 625 0 0
37 234 4084 770 0.5000000 6228 625 0 0
37 235 4083 769 0.5000000 6228 625 0 0
37 236 4083 769 0.5000000 6228 625 1 0
37 237 4081 769 0.5000000 6228 625 2 0
37 238 4080 769 0.5000000 6228 625 3 0
37 239 4078 768 0.5000000 6228 625 4 0
37 240 4076 768 0.5000000 6228 625 4 1
37 241 4073 767 0.5000000 6228 625 4 0
37 242 4071 767 0.5000000 6228 625 4 0
37 243 4069 766 0.5000000 6228 625 3 1
37 244 4067 766 0.5000000 6228 625 3 0
37 245 4066 765 0.5000000 6228 625 3 0
37 246 4064 765 0.5000000 6228 625 2 0
37 247 4063 765 0.5000000 6228 625 2 0
37 248 4062 765 0.5000000 6228 625 1 0
37 249 4062 765 0.5000000 6228 625 1 0
37 250 4061 765 0.5000000 6228 625 1 0
37 251 4060 765 0.5000000 6228 625 1 0
37 252 4060 764 0.5000000 6228 625 1 0
37 253 4059 764 0.5000000 6228 625 1 0
37 254 4059 763 0.5000000 6228 625 0 0
37 255 4058 763 0.5000000 6228 625 0 0
37 256 4058 762 0.5000000 6228 625 0 0
37 257 4057 762 0.5000000 6228 625 0 0
37 258 4057 762 0.5000000 6228 625 0 0
37 259 4057 762 0.5000000 6228 625 0 0
37 260 4057 761 0.5000000 6228 625 0 0
37 261 4056 761 0.5000000 6228 625 0 0
37 262 4056 761 0.5000000 6228 625 0 0
37 263 4057 761 0.5000000 6228 625 0 0
37 264 4057 761 0.5000000 6228 625 0 0
37 265 4056 760 0.5000000 6228 625 1 1
37 266 4054 759 0.5000000 6228 625 3 2
37 267 4053 758 0.5000000 6228 625 2 1
37 268 4051 757 0.5000000 6228 625 2 2
37 269 4050 757 0.5000000 6228 625 3 0
37 270 4048 756 0.5000000 6228 625 3 0
37 271 4047 755 0.5000000 6228 625 1 1
37 272 4047 755 0.5000000 6228 625 0 1
37 273 4046 754 0.5000000 6228 625 0 2
37 274 4046 753 0.5000000 6228 625 0 2
37 275 4045 751 0.5000000 6228 625 1 2
37 276 4044 750 0.5000000 6228 625 2 2
37 277 4042 749 0.5000000 6228 625 2 2
37 278 4041 748 0.5000000 6228 625 2 2
37 279 4040 746 0.5000000 6228 625 1 2
37 280 4039 745 0.5000000 6228 625 1 1
37 281 4038 745 0.5000000 6228 625 1 1
37 282 4038 744 0.5000000 6228 625 1 1
37 283 4037 743 0.5000000 6228 625 1 1
37 284 4036 743 0.5000000 6228 625 1 0
37 285 4036 743 0.5000000 6228 625 0 0
37 286 4036 742 0.5000000 6228 625 0 0
37 287 4034 742 0.5000000 6228 625 3 0
37 288 4033 742 0.5000000 6228 625 2 0
37 289 4031 741 0.5000000 6228 625 3 0
37 290 4030 740 0.5000000 6228 625 2 1
37 291 4028 739 0.5000000 6228 625 3 2
37 292 4026 738 0.5000000 6228 625 3 2
37 293 4024 736 0.5000000 6228 625 3 2
37 294 4023 735 0.5000000 6228 625 3 2
37 295 4021 734 0.5000000 6228 625 3 2
37 296 4019 733 0.5000000 6228 625 4 2
37 297 4016 732 0.5000000 6228 625 4 2
37 298 4014 730 0.5000000 6228 625 4 2
37 299 4011 729 0.5000000 6228 625 5 2
37 300 4009 728 0.5000000 6228 625 5 2
37 301 4006 726 0.5000000 6228 625 5 2
37 302 4003 725 0.5000000 6228 625 5 2
37 303 4001 724 0.5000000 6228 625 5 2
37 304 3998 723 0.5000000 6228 625 5 2
37 305 3995 722 0.5000000 6228 625 5 2
37 306 3993 720 0.5000000 6228 625 5 2
37 307 3990 719 0.5000000 6228 625 5 3
37 308 3988 717 0.5000000 6228 625 4 2
37 309 3985 716 0.5000000 6228 625 5 2
37 310 3982 715 0.5000000 6228 625 5 2
37 311 3980 713 0.5000000 6228 625 5 2
37 312 3977 712 0.5000000 6228 625 5 2
37 313 3975 711 0.5000000 6228 625 4 2
37 314 3972 710 0.5000000 6228 625 4 2
37 315 3970 709 0.5000000 6228 625 4 2
37 316 3968 708 0.5000000 6228 625 4 1
37 317 3965 707 0.5000000 6228 625 4 1
37 318 3963 706 0.5000000 6228 625 4 1
37 319 3960 705 0.5000000 6228 625 4 1
37 320 3958 705 0.5000000 6228 625 4 1
37 321 3956 704 0.5000000 6228 625 4 1
37 322 3954 703 0.5000000 6228 625 3 1
37 323 3952 703 0.5000000 6228 625 3 1
37 324 3951 702 0.5000000 6228 625 3 1
37 325 3949 701 0.5000000 6228 625 2 2
37 326 3948 699 0.5000000 6228 625 2 2
37 327 3947 698 0.5000000 6228 625 2 2
37 328 3945 697 0.5000000 6228 625 2 2
37 329 3944 696 0.5000000 6228 625 2 2
37 330 3943 695 0.5000000 6228 625 1 1
37 331 3943 694 0.5000000 6228 625 1 1
37 332 3942 694 0.5000000 6228 625 1 1
37 333 3941 693 0.5000000 6228 625 1 1
37 334 3940 692 0.5000000 6228 625 1 1
37 335 3940 692 0.5000000 6228 625 1 1
37 336 3939 691 0.5000000 6228 625 1 1
37 337 3939 691 0.5000000 6228 625 1 0
37 338 3938 690 0.5000000 6228 625 0 1
37 339 3938 690 0.5000000 6228 625 0 0
37 340 3937 689 0.5000000 6228 625 0 0
37 341 3937 689 0.5000000 6228 625 0 0
37 342 3937 688 0.5000000 6228 625 0 0
37 343 3936 688 0.5000000 6228 625 0 0
37 344 3936 688 0.5000000 6228 625 0 0
37 345 3936 688 0.5000000 6228 625 0 0
37 346 3936 688 0.5000000 6228 625 0 0
37 347 3936 688 0.5000000 6228 625 0 0
37 348 3936 688 0.5000000 6228 625 0 0
37 349 3936 687 0.5000000 6228 625 0 0
37 350 3936 687 0.5000000 6228 625 0 0
37 351 3935 688 0.5000000 6228 625 0 0
37 352 3935 688 0.5000000 6228 625 0 0
37 353 3935 687 0.5000000 6228 625 0 0
37 354 3935 687 0.5000000 6228 625 0 0
37 355 3935 687 0.5000000 6228 625 0 0
37 356 3935 687 0.5000000 6228 625 0 0
37 357 3935 687 0.5000000 6228 625 0 0
37 358 3935 687 0.5000000 6228 625 0 0
37 359 3935 687 0.5000000 6228 625 0 0
37 360 3935 686 0.5000000 6228 625 0 0
37 361 3935 686 0.5000000 6228 625 0 0
37 362 3935 686 0.5000000 6228 625 0 0
37 363 3935 686 0.5000000 6228 625 0 0
37 364 3935 686 0.5000000 6228 625 0 0
37 365 3935 686 0.5000000 6228 625 0 0
37 366 3935 686 0.5000000 6228 625 0 0
37 367 3935 685 0.5000000 6228 625 0 0
37 368 3935 685 0.5000000 6228 625 0 0
37 369 3935 685 0.5000000 6228 625 0 0
37 370 3935 685 0.5000000 6228 625 0 0
37 371 3935 685 0.5000000 6228 625 0 0
37 372 3935 685 0.5000000 6228 625 0 0
