5 0 4387 324 0.5000000 4465 108 0 -3
5 1 4387 325 0.5000000 4465 108 -1 -3
5 2 4388 327 0.5000000 4465 108 -1 -2
5 3 4388 328 0.5000000 4465 108 0 -2
5 4 4389 329 0.5000000 4465 108 -1 -1
5 5 4389 330 0.5000000 4465 108 0 -1
5 6 4390 330 0.5000000 4465 108 0 0
5 7 4390 330 0.5000000 4465 108 0 0
5 8 4390 331 0.5000000 4465 108 0 0
5 9 4391 331 0.5000000 4465 108 0 0
5 10 4391 331 0.5000000 4465 108 -1 0
5 11 4392 332 0.5000000 4465 108 -1 0
5 12 4392 332 0.5000000 4465 108 -1 0
5 13 4393 332 0.5000000 4465 108 -1 0
5 14 4394 333 0.5000000 4465 108 -1 0
5 15 4394 333 0.5000000 4465 108 -1 -1
5 16 4395 334 0.5000000 4465 108 -1 -1
5 17 4395 335 0.5000000 4465 108 0 -1
5 18 4396 336 0.5000000 4465 108 -1 -1
5 19 4396 337 0.5000000 4465 108 0 -1
5 20 4397 337 0.5000000 4465 108 0 -1
5 21 4397 338 0.5000000 4465 108 0 0
5 22 4398 338 0.5000000 4465 108 0 0
5 23 4398 338 0.5000000 4465 108 0 0
5 24 4399 338 0.5000000 4465 108 0 0
5 25 4399 338 0.5000000 4465 108 0 0
5 26 4399 338 0.5000000 4465 108 0 0
5 27 4399 339 0.5000000 4465 108 0 0
5 28 4399 339 0.5000000 4465 108 0 0
5 29 4399 339 0.5000000 4465 108 0 0
5 30 4399 340 0.5000000 4465 108 0 0
5 31 4399 340 0.5000000 4465 108 0 0
5 32 4400 340 0.5000000 4465 108 0 0
5 33 4399 340 0.5000000 4465 108 0 0
5 34 4399 340 0.5000000 4465 108 0 0
5 35 4398 340 0.5000000 4465 108 0 0
5 36 4398 339 0.5000000 4465 108 0 0
5 37 4398 339 0.5000000 4465 108 0 0
5 38 4397 338 0.5000000 4465 108 1 1
5 39 4397 338 0.5000000 4465 108 1 0
5 40 4396 338 0.5000000 4465 108 1 0
5 41 4395 338 0.5000000 4465 108 1 0
5 42 4395 338 0.5000000 4465 108 1 0
5 43 4394 337 0.5000000 4465 108 1 0
5 44 4394 337 0.5000000 4465 108 0 0
5 45 4394 337 0.5000000 4465 108 0 0
5 46 4393 337 0.5000000 4465 108 0 0
5 47 4393 337 0.5000000 4465 108 0 0
5 48 4394 337 0.5000000 4465 108 0 0
5 49 4394 338 0.5000000 4465 108 0 0
5 50 4395 338 0.5000000 4465 108 -1 0
5 51 4395 338 0.5000000 4465 108 -1 0
5 52 4396 339 0.5000000 4465 108 -1 0
5 53 4397 339 0.5000000 4465 108 -1 0
5 54 4398 339 0.5000000 4465 108 -1 0
5 55 4399 339 0.5000000 4465 108 -1 0
5 56 4400 338 0.5000000 4465 108 -2 0
5 57 4401 338 0.5000000 4465 108 -2 0
5 58 4403 338 0.5000000 4465 108 -3 0
5 59 4405 338 0.5000000 4465 108 -3 0
5 60 4407 338 0.5000000 4465 108 -3 0
5 61 4409 337 0.5000000 4465 108 -4 0
5 62 4411 338 0.5000000 4465 108 -4 0
5 63 4414 338 0.5000000 4465 108 -4 0
5 64 4416 338 0.5000000 4465 108 -4 0
5 65 4418 338 0.5000000 4465 108 -4 0
5 66 4421 339 0.5000000 4465 108 -5 0
5 67 4424 339 0.5000000 4465 108 -5 0
5 68 4426 339 0.5000000 4465 108 -5 0
5 69 4429 340 0.5000000 4465 108 -5 -1
5 70 4431 341 0.5000000 4465 108 -4 -1
5 71 4434 341 0.5000000 4465 108 -4 -1
5 72 4436 342 0.5000000 4465 108 -4 0
5 73 4438 342 0.5000000 4465 108 -4 0
5 74 4441 342 0.5000000 4465 108 -4 0
5 75 4443 342 0.5000000 4465 108 -4 0
5 76 4445 342 0.5000000 4465 108 -4 0
5 77 4448 343 0.5000000 4465 108 -4 0
5 78 4450 343 0.5000000 4465 108 -4 0
5 79 4452 342 0.5000000 4465 108 -4 0
5 80 4454 342 0.5000000 4465 108 -3 0
5 81 4456 342 0.5000000 4465 108 -3 0
5 82 4457 342 0.5000000 4465 108 -3 0
5 83 4459 342 0.5000000 4465 108 -3 0
5 84 4460 342 0.5000000 4465 108 -2 0
5 85 4462 342 0.5000000 4465 108 -2 0
5 86 4463 341 0.5000000 4465 108 -2 0
5 87 4464 341 0.5000000 4465 108 -2 0
5 88 4465 341 0.5000000 4465 108 -2 0
5 89 4467 341 0.5000000 4465 108 -2 0
5 90 4468 340 0.5000000 4465 108 -2 0
5 91 4469 340 0.5000000 4465 108 -2 0
5 92 4470 340 0.5000000 4465 108 -2 0
5 93 4472 341 0.5000000 4465 108 -2 0
5 94 4473 341 0.5000000 4465 108 -2 0
5 95 4474 341 0.5000000 4465 108 -2 0
5 96 4476 342 0.5000000 4465 108 -2 -1
5 97 4477 342 0.5000000 4465 108 -2 -1
5 98 4479 343 0.5000000 4465 108 -2 -1
5 99 4480 344 0.5000000 4465 108 -2 -1
5 100 4481 345 0.5000000 4465 108 -2 -1
5 101 4483 346 0.5000000 4465 108 -2 -1
5 102 4484 347 0.5000000 4465 108 -2 -1
5 103 4485 348 0.5000000 4465 108 -2 -1
5 104 4486 349 0.5000000 4465 108 -2 -2
5 105 4488 350 0.5000000 4465 108 -2 -2
5 106 4489 351 0.5000000 4465 108 -2 -2
5 107 4490 352 0.5000000 4465 108 -2 -3
5 108 4491 354 0.5000000 4465 108 -2 -3
5 109 4492 356 0.5000000 4465 108 -2 -3
5 110 4494 358 0.5000000 4465 108 -2 -3
5 111 4495 360 0.5000000 4465 108 -2 -4
5 112 4496 362 0.5000000 4465 108 -2 -4
5 113 4497 364 0.5000000 4465 108 -2 -4
5 114 4498 366 0.5000000 4465 108 -2 -4
5 115 4500 369 0.5000000 4465 108 -2 -4
5 116 4501 371 0.5000000 4465 108 -2 -4
5 117 4502 373 0.5000000 4465 108 -2 -4
5 118 4503 376 0.5000000 4465 108 -2 -4
5 119 4504 378 0.5000000 4465 108 -1 -4
5 120 4504 380 0.5000000 4465 108 -1 -4
5 121 4505 383 0.5000000 4465 108 0 -4
5 122 4505 385 0.5000000 4465 108 0 -3
5 123 4505 387 0.5000000 4465 108 0 -4
5 124 4506 389 0.5000000 4465 108 0 -4
5 125 4506 391 0.5000000 4465 108 0 -4
5 126 4506 393 0.5000000 4465 108 0 -4
5 127 4506 395 0.5000000 4465 108 0 -4
5 128 4507 397 0.5000000 4465 108 0 -4
5 129 4507 400 0.5000000 4465 108 0 -4
5 130 4507 402 0.5000000 4465 108 0 -4
5 131 4507 404 0.5000000 4465 108 0 -4
5 132 4507 406 0.5000000 4465 108 0 -4
5 133 4508 408 0.5000000 4465 108 0 -4
5 134 4508 410 0.5000000 4465 108 0 -4
5 135 4508 412 0.5000000 4465 108 0 -4
5 136 4509 414 0.5000000 4465 108 0 -3
5 137 4509 416 0.5000000 4465 108 0 -3
5 138 4510 418 0.5000000 4465 108 0 -3
5 139 4510 420 0.5000000 4465 108 0 -3
5 140 4511 421 0.5000000 4465 108 -1 -3
5 141 4511 423 0.5000000 4465 108 0 -3
5 142 4511 425 0.5000000 4465 108 0 -3
5 143 4512 427 0.5000000 4465 108 0 -3
5 144 4512 429 0.5000000 4465 108 -1 -3
5 145 4513 431 0.5000000 4465 108 -1 -4
5 146 4513 433 0.5000000 4465 108 -1 -4
5 147 4514 435 0.5000000 4465 108 0 -4
5 148 4514 437 0.5000000 4465 108 -1 -4
5 149 4515 439 0.5000000 4465 108 0 -3
5 150 4515 441 0.5000000 4465 108 0 -3
5 151 4516 443 0.5000000 4465 108 0 -3
5 152 4516 445 0.5000000 4465 108 0 -3
5 153 4516 446 0.5000000 4465 108 0 -3
5 154 4517 448 0.5000000 4465 108 0 -3
5 155 4517 450 0.5000000 4465 108 0 -3
5 156 4517 451 0.5000000 4465 108 0 -2
5 157 4517 453 0.5000000 4465 108 0 -3
5 158 4517 454 0.5000000 4465 108 0 -3
5 159 4518 456 0.5000000 4465 108 -1 -3
