13 0 9157 -645 0.5000000 7946 -1646 0 0
13 1 9156 -645 0.5000000 7946 -1646 0 0
13 2 9156 -645 0.5000000 7946 -1646 0 0
13 3 9156 -644 0.5000000 7946 -1646 0 0
13 4 9156 -644 0.5000000 7946 -1646 0 0
13 5 9156 -644 0.5000000 7946 -1646 0 0
13 6 9156 -644 0.5000000 7946 -1646 0 0
13 7 9156 -644 0.5000000 7946 -1646 0 0
13 8 9156 -644 0.5000000 7946 -1646 0 0
13 9 9156 -644 0.5000000 7946 -1646 0 0
13 10 9156 -644 0.5000000 7946 -1646 0 0
13 11 9156 -644 0.5000000 7946 -1646 0 0
13 12 9156 -644 0.5000000 7946 -1646 0 0
13 13 9156 -644 0.5000000 7946 -1646 0 0
13 14 9156 -644 0.5000000 7946 -1646 0 0
13 15 9156 -644 0.5000000 7946 -1646 0 0
13 16 9156 -644 0.5000000 7946 -1646 0 0
13 17 9156 -644 0.5000000 7946 -1646 0 0
13 18 9156 -644 0.5000000 7946 -1646 0 0
13 19 9156 -644 0.5000000 7946 -1646 0 0
13 20 9156 -644 0.5000000 7946 -1646 0 0
13 21 9156 -644 0.5000000 7946 -1646 0 0
13 22 9156 -644 0.5000000 7946 -1646 0 0
13 23 9156 -644 0.5000000 7946 -1646 0 0
13 24 9156 -644 0.5000000 7946 -1646 0 0
13 25 9156 -644 0.5000000 7946 -1646 0 0
13 26 9156 -644 0.5000000 7946 -1646 0 0
13 27 9156 -644 0.5000000 7946 -1646 0 0
13 28 9156 -644 0.5000000 7946 -1646 0 0
13 29 9156 -644 0.5000000 7946 -1646 0 0
13 30 9156 -644 0.5000000 7946 -1646 0 0
13 31 9156 -644 0.5000000 7946 -1646 0 0
13 32 9156 -644 0.5000000 7946 -1646 0 0
13 33 9156 -644 0.5000000 7946 -1646 0 0
13 34 9156 -644 0.5000000 7946 -1646 0 0
13 35 9156 -644 0.5000000 7946 -1646 0 0
13 36 9156 -644 0.5000000 7946 -1646 0 0
13 37 9156 -643 0.5000000 7946 -1646 0 0
13 38 9156 -643 0.5000000 7946 -1646 0 0
13 39 9157 -643 0.5000000 7946 -1646 0 0
13 40 9157 -643 0.5000000 7946 -1646 0 0
13 41 9157 -643 0.5000000 7946 -1646 0 0
13 42 9157 -643 0.5000000 7946 -1646 0 0
13 43 9157 -643 0.5000000 7946 -1646 0 0
13 44 9157 -643 0.5000000 7946 -1646 0 0
13 45 9158 -643 0.5000000 7946 -1646 0 0
13 46 9158 -643 0.5000000 7946 -1646 0 0
13 47 9158 -643 0.5000000 7946 -1646 0 0
13 48 9158 -643 0.5000000 7946 -1646 0 0
13 49 9158 -643 0.5000000 7946 -1646 0 0
13 50 9158 -643 0.5000000 7946 -1646 0 0
13 51 9158 -643 0.5000000 7946 -1646 0 0
13 52 9158 -644 0.5000000 7946 -1646 0 0
13 53 9158 -644 0.5000000 7946 -1646 0 0
13 54 9158 -644 0.5000000 7946 -1646 0 0
13 55 9158 -643 0.5000000 7946 -1646 0 0
13 56 9158 -643 0.5000000 7946 -1646 0 0
13 57 9158 -643 0.5000000 7946 -1646 0 0
13 58 9158 -643 0.5000000 7946 -1646 0 0
13 59 9158 -643 0.5000000 7946 -1646 0 0
13 60 9158 -643 0.5000000 7946 -1646 0 0
13 61 9158 -643 0.5000000 7946 -1646 0 0
13 62 9158 -643 0.5000000 7946 -1646 0 0
13 63 9158 -643 0.5000000 7946 -1646 0 0
13 64 9158 -643 0.5000000 7946 -1646 0 0
13 65 9158 -643 0.5000000 7946 -1646 0 0
13 66 9158 -643 0.5000000 7946 -1646 0 0
13 67 9158 -643 0.5000000 7946 -1646 0 0
13 68 9158 -643 0.5000000 7946 -1646 0 0
13 69 9158 -643 0.5000000 7946 -1646 0 0
13 70 9158 -643 0.5000000 7946 -1646 0 0
13 71 9158 -643 0.5000000 7946 -1646 0 0
13 72 9158 -643 0.5000000 7946 -1646 0 0
13 73 9158 -643 0.5000000 7946 -1646 0 0
13 74 9158 -643 0.5000000 7946 -1646 0 0
13 75 9158 -644 0.5000000 7946 -1646 0 0
13 76 9158 -644 0.5000000 7946 -1646 0 0
13 77 9158 -644 0.5000000 7946 -1646 0 0
13 78 9158 -644 0.5000000 7946 -1646 0 0
13 79 9158 -644 0.5000000 7946 -1646 0 0
13 80 9158 -644 0.5000000 7946 -1646 0 0
13 81 9158 -644 0.5000000 7946 -1646 0 0
13 82 9158 -643 0.5000000 7946 -1646 0 0
13 83 9158 -643 0.5000000 7946 -1646 0 0
13 84 9158 -643 0.5000000 7946 -1646 0 0
13 85 9158 -643 0.5000000 7946 -1646 0 0
13 86 9157 -643 0.5000000 7946 -1646 0 0
13 87 9157 -643 0.5000000 7946 -1646 0 0
13 88 9157 -643 0.5000000 7946 -1646 0 0
13 89 9157 -643 0.5000000 7946 -1646 0 0
13 90 9157 -643 0.5000000 7946 -1646 0 0
13 91 9157 -643 0.5000000 7946 -1646 0 0
13 92 9157 -643 0.5000000 7946 -1646 0 0
13 93 9157 -643 0.5000000 7946 -1646 0 0
13 94 9157 -644 0.5000000 7946 -1646 0 0
13 95 9157 -644 0.5000000 7946 -1646 0 0
13 96 9157 -644 0.5000000 7946 -1646 0 0
13 97 9157 -644 0.5000000 7946 -1646 0 0
13 98 9157 -644 0.5000000 7946 -1646 0 0
13 99 9157 -644 0.5000000 7946 -1646 0 0
13 100 9157 -644 0.5000000 7946 -1646 0 0
13 101 9157 -644 0.5000000 7946 -1646 0 0
13 102 9157 -645 0.5000000 7946 -1646 0 0
13 103 9157 -645 0.5000000 7946 -1646 0 0
13 104 9157 -645 0.5000000 7946 -1646 0 0
13 105 9157 -645 0.5000000 7946 -1646 0 0
13 106 9157 -645 0.5000000 7946 -1646 0 0
13 107 9157 -645 0.5000000 7946 -1646 0 0
13 108 9157 -645 0.5000000 7946 -1646 0 0
13 109 9157 -645 0.5000000 7946 -1646 0 0
13 110 9157 -646 0.5000000 7946 -1646 0 0
13 111 9157 -646 0.5000000 7946 -1646 0 0
13 112 9157 -646 0.5000000 7946 -1646 0 0
13 113 9157 -646 0.5000000 7946 -1646 0 0
13 114 9157 -646 0.5000000 7946 -1646 0 0
13 115 9157 -646 0.5000000 7946 -1646 0 0
13 116 9157 -646 0.5000000 7946 -1646 0 0
13 117 9157 -646 0.5000000 7946 -1646 0 0
13 118 9157 -646 0.5000000 7946 -1646 0 0
13 119 9157 -646 0.5000000 7946 -1646 0 0
13 120 9157 -646 0.5000000 7946 -1646 0 0
13 121 9157 -646 0.5000000 7946 -1646 0 0
13 122 9157 -646 0.5000000 7946 -1646 0 0
13 123 9157 -646 0.5000000 7946 -1646 0 0
13 124 9157 -646 0.5000000 7946 -1646 0 0
