18 0 11412 580 0.5000000 10355 306 -1 -5
18 1 11413 582 0.5000000 10355 306 -1 -5
18 2 11414 585 0.5000000 10355 306 -1 -4
18 3 11414 587 0.5000000 10355 306 -1 -4
18 4 11415 589 0.5000000 10355 306 -1 -4
18 5 11416 591 0.5000000 10355 306 -1 -3
18 6 11417 592 0.5000000 10355 306 -1 -3
18 7 11417 594 0.5000000 10355 306 -1 -2
18 8 11418 595 0.5000000 10355 306 -1 -2
18 9 11418 596 0.5000000 10355 306 -1 -2
18 10 11419 597 0.5000000 10355 306 -1 -1
18 11 11419 598 0.5000000 10355 306 0 -1
18 12 11420 598 0.5000000 10355 306 -1 -1
18 13 11420 599 0.5000000 10355 306 0 -1
18 14 11421 600 0.5000000 10355 306 0 -1
18 15 11421 600 0.5000000 10355 306 0 0
18 16 11421 601 0.5000000 10355 306 0 0
18 17 11422 601 0.5000000 10355 306 0 0
18 18 11422 601 0.5000000 10355 306 0 0
18 19 11422 602 0.5000000 10355 306 0 0
18 20 11422 602 0.5000000 10355 306 0 0
18 21 11422 602 0.5000000 10355 306 0 0
18 22 11423 603 0.5000000 10355 306 0 0
18 23 11423 603 0.5000000 10355 306 0 0
18 24 11423 603 0.5000000 10355 306 0 0
18 25 11423 603 0.5000000 10355 306 0 0
18 26 11423 603 0.5000000 10355 306 0 0
18 27 11423 603 0.5000000 10355 306 0 0
18 28 11423 603 0.5000000 10355 306 0 0
18 29 11423 603 0.5000000 10355 306 0 0
18 30 11424 603 0.5000000 10355 306 0 0
18 31 11424 602 0.5000000 10355 306 0 0
18 32 11424 602 0.5000000 10355 306 0 0
18 33 11424 602 0.5000000 10355 306 0 0
18 34 11424 602 0.5000000 10355 306 0 0
18 35 11424 602 0.5000000 10355 306 0 0
18 36 11424 602 0.5000000 10355 306 0 0
18 37 11424 602 0.5000000 10355 306 0 0
18 38 11424 602 0.5000000 10355 306 0 0
18 39 11424 602 0.5000000 10355 306 0 0
18 40 11424 602 0.5000000 10355 306 0 0
18 41 11424 602 0.5000000 10355 306 0 0
18 42 11424 602 0.5000000 10355 306 0 0
18 43 11424 602 0.5000000 10355 306 0 0
18 44 11424 602 0.5000000 10355 306 0 0
18 45 11424 602 0.5000000 10355 306 0 0
18 46 11424 602 0.5000000 10355 306 0 0
18 47 11424 602 0.5000000 10355 306 0 0
18 48 11424 602 0.5000000 10355 306 0 0
18 49 11424 602 0.5000000 10355 306 0 0
18 50 11424 602 0.5000000 10355 306 0 0
18 51 11424 602 0.5000000 10355 306 0 0
18 52 11424 602 0.5000000 10355 306 0 0
18 53 11425 602 0.5000000 10355 306 0 0
18 54 11425 602 0.5000000 10355 306 0 0
18 55 11425 602 0.5000000 10355 306 0 0
18 56 11425 602 0.5000000 10355 306 0 0
18 57 11425 602 0.5000000 10355 306 0 0
18 58 11425 602 0.5000000 10355 306 0 0
18 59 11424 601 0.5000000 10355 306 0 0
18 60 11424 601 0.5000000 10355 306 0 1
18 61 11424 600 0.5000000 10355 306 0 1
18 62 11423 599 0.5000000 10355 306 0 1
18 63 11423 598 0.5000000 10355 306 1 2
18 64 11422 596 0.5000000 10355 306 1 2
18 65 11421 595 0.5000000 10355 306 1 3
18 66 11420 593 0.5000000 10355 306 2 3
18 67 11419 592 0.5000000 10355 306 1 2
18 68 11419 591 0.5000000 10355 306 1 1
18 69 11419 590 0.5000000 10355 306 0 1
18 70 11419 590 0.5000000 10355 306 0 1
18 71 11419 589 0.5000000 10355 306 0 1
18 72 11419 589 0.5000000 10355 306 0 1
18 73 11419 588 0.5000000 10355 306 0 1
18 74 11419 586 0.5000000 10355 306 0 2
18 75 11419 585 0.5000000 10355 306 0 3
18 76 11419 583 0.5000000 10355 306 0 3
18 77 11419 581 0.5000000 10355 306 0 3
18 78 11418 579 0.5000000 10355 306 0 4
18 79 11418 576 0.5000000 10355 306 0 5
18 80 11417 574 0.5000000 10355 306 0 5
18 81 11417 571 0.5000000 10355 306 0 5
18 82 11416 568 0.5000000 10355 306 1 5
18 83 11415 565 0.5000000 10355 306 1 5
18 84 11414 562 0.5000000 10355 306 2 5
18 85 11413 559 0.5000000 10355 306 2 5
18 86 11412 556 0.5000000 10355 306 1 6
18 87 11411 553 0.5000000 10355 306 2 6
18 88 11410 550 0.5000000 10355 306 2 6
18 89 11409 547 0.5000000 10355 306 3 5
18 90 11407 544 0.5000000 10355 306 3 5
18 91 11405 542 0.5000000 10355 306 3 5
18 92 11403 539 0.5000000 10355 306 3 5
18 93 11402 536 0.5000000 10355 306 2 5
18 94 11400 534 0.5000000 10355 306 2 5
18 95 11399 531 0.5000000 10355 306 2 4
18 96 11398 529 0.5000000 10355 306 2 4
18 97 11397 526 0.5000000 10355 306 2 5
18 98 11396 524 0.5000000 10355 306 2 4
18 99 11395 522 0.5000000 10355 306 2 4
18 100 11394 520 0.5000000 10355 306 1 4
18 101 11393 518 0.5000000 10355 306 1 4
18 102 11392 516 0.5000000 10355 306 1 3
18 103 11392 514 0.5000000 10355 306 1 3
18 104 11391 512 0.5000000 10355 306 1 3
18 105 11390 511 0.5000000 10355 306 1 3
18 106 11390 509 0.5000000 10355 306 0 3
18 107 11390 508 0.5000000 10355 306 0 2
18 108 11389 507 0.5000000 10355 306 0 2
18 109 11389 506 0.5000000 10355 306 0 1
18 110 11389 505 0.5000000 10355 306 0 2
18 111 11389 504 0.5000000 10355 306 0 2
18 112 11389 503 0.5000000 10355 306 0 2
18 113 11390 502 0.5000000 10355 306 0 1
18 114 11390 501 0.5000000 10355 306 0 1
18 115 11390 500 0.5000000 10355 306 0 1
18 116 11390 500 0.5000000 10355 306 0 1
18 117 11390 499 0.5000000 10355 306 0 0
18 118 11389 499 0.5000000 10355 306 0 0
18 119 11389 499 0.5000000 10355 306 0 0
18 120 11389 498 0.5000000 10355 306 0 0
18 121 11388 498 0.5000000 10355 306 0 0
18 122 11388 497 0.5000000 10355 306 0 1
18 123 11388 496 0.5000000 10355 306 0 1
18 124 11388 496 0.5000000 10355 306 0 1
18 125 11387 495 0.5000000 10355 306 0 1
18 126 11387 495 0.5000000 10355 306 0 0
18 127 11386 495 0.5000000 10355 306 0 0
18 128 11386 494 0.5000000 10355 306 1 0
18 129 11385 494 0.5000000 10355 306 0 0
18 130 11385 494 0.5000000 10355 306 0 0
18 131 11384 493 0.5000000 10355 306 1 0
18 132 11384 493 0.5000000 10355 306 1 0
18 133 11383 492 0.5000000 10355 306 1 1
18 134 11382 492 0.5000000 10355 306 1 1
18 135 11381 491 0.5000000 10355 306 1 1
18 136 11380 490 0.5000000 10355 306 1 1
18 137 11380 489 0.5000000 10355 306 1 1
18 138 11379 488 0.5000000 10355 306 0 2
18 139 11379 487 0.5000000 10355 306 0 2
18 140 11379 486 0.5000000 10355 306 0 2
18 141 11378 484 0.5000000 10355 306 0 2
18 142 11378 483 0.5000000 10355 306 0 2
18 143 11378 482 0.5000000 10355 306 0 2
18 144 11378 481 0.5000000 10355 306 0 2
18 145 11377 479 0.5000000 10355 306 0 2
18 146 11377 478 0.5000000 10355 306 0 2
18 147 11377 477 0.5000000 10355 306 0 1
18 148 11376 477 0.5000000 10355 306 0 1
18 149 11376 476 0.5000000 10355 306 0 1
18 150 11376 475 0.5000000 10355 306 0 1
18 153 11376 475 0.5000000 10355 306 0 1
18 154 11376 474 0.5000000 10355 306 0 1
18 155 11376 473 0.5000000 10355 306 0 1
18 156 11376 473 0.5000000 10355 306 0 1
18 157 11376 472 0.5000000 10355 306 0 1
18 158 11376 471 0.5000000 10355 306 0 1
18 159 11376 471 0.5000000 10355 306 0 1
18 160 11376 470 0.5000000 10355 306 0 1
18 161 11376 470 0.5000000 10355 306 0 1
18 162 11376 469 0.5000000 10355 306 0 1
18 163 11376 468 0.5000000 10355 306 0 1
18 164 11376 468 0.5000000 10355 306 0 1
18 165 11376 467 0.5000000 10355 306 0 0
18 166 11375 467 0.5000000 10355 306 0 0
18 167 11375 467 0.5000000 10355 306 0 0
18 168 11375 466 0.5000000 10355 306 0 0
18 169 11374 466 0.5000000 10355 306 0 0
18 170 11373 466 0.5000000 10355 306 1 0
18 171 11373 466 0.5000000 10355 306 1 0
18 172 11371 466 0.5000000 10355 306 2 0
18 173 11370 466 0.5000000 10355 306 2 0
18 174 11369 466 0.5000000 10355 306 2 0
18 175 11368 467 0.5000000 10355 306 2 0
18 176 11367 468 0.5000000 10355 306 1 -1
18 177 11367 469 0.5000000 10355 306 0 -2
18 178 11366 470 0.5000000 10355 306 1 -2
18 179 11365 472 0.5000000 10355 306 1 -3
18 180 11365 474 0.5000000 10355 306 0 -4
18 181 11365 477 0.5000000 10355 306 0 -5
18 182 11364 480 0.5000000 10355 306 0 -5
18 183 11364 483 0.5000000 10355 306 0 -6
18 184 11364 486 0.5000000 10355 306 0 -6
18 185 11365 489 0.5000000 10355 306 0 -6
18 186 11365 492 0.5000000 10355 306 0 -5
18 187 11365 495 0.5000000 10355 306 0 -6
18 188 11366 498 0.5000000 10355 306 0 -6
18 189 11366 502 0.5000000 10355 306 -1 -7
18 190 11367 506 0.5000000 10355 306 -2 -8
18 193 11369 510 0.5000000 10355 306 -2 -7
