15 0 9963 230 0.5000000 8789 -433 -1 2
15 1 9963 228 0.5000000 8789 -433 0 2
15 2 9963 227 0.5000000 8789 -433 0 2
15 3 9962 225 0.5000000 8789 -433 1 2
15 4 9961 224 0.5000000 8789 -433 2 3
15 5 9959 221 0.5000000 8789 -433 2 4
15 6 9958 219 0.5000000 8789 -433 3 4
15 7 9956 217 0.5000000 8789 -433 3 4
15 8 9954 214 0.5000000 8789 -433 3 4
15 9 9952 212 0.5000000 8789 -433 4 4
15 10 9950 210 0.5000000 8789 -433 4 4
15 11 9947 207 0.5000000 8789 -433 4 4
15 12 9945 205 0.5000000 8789 -433 4 4
15 13 9943 203 0.5000000 8789 -433 4 4
15 14 9941 201 0.5000000 8789 -433 4 4
15 15 9939 199 0.5000000 8789 -433 3 3
15 16 9937 197 0.5000000 8789 -433 3 3
15 17 9936 195 0.5000000 8789 -433 3 3
15 18 9934 193 0.5000000 8789 -433 2 3
15 19 9933 192 0.5000000 8789 -433 1 3
15 20 9932 190 0.5000000 8789 -433 1 3
15 21 9932 188 0.5000000 8789 -433 1 3
15 22 9931 186 0.5000000 8789 -433 1 4
15 23 9931 183 0.5000000 8789 -433 1 5
15 24 9930 180 0.5000000 8789 -433 0 5
15 25 9931 177 0.5000000 8789 -433 0 5
15 26 9931 174 0.5000000 8789 -433 0 5
15 27 9931 171 0.5000000 8789 -433 0 5
15 28 9931 169 0.5000000 8789 -433 0 5
15 29 9932 166 0.5000000 8789 -433 0 4
15 30 9932 164 0.5000000 8789 -433 0 4
15 31 9932 162 0.5000000 8789 -433 0 3
15 32 9932 161 0.5000000 8789 -433 0 2
15 33 9933 160 0.5000000 8789 -433 0 2
15 34 9933 159 0.5000000 8789 -433 0 2
15 35 9933 158 0.5000000 8789 -433 0 1
15 36 9933 157 0.5000000 8789 -433 0 1
15 37 9933 156 0.5000000 8789 -433 1 1
15 38 9932 155 0.5000000 8789 -433 1 2
15 40 9932 154 0.5000000 8789 -433 0 1
15 41 9932 154 0.5000000 8789 -433 0 0
15 42 9932 154 0.5000000 8789 -433 0 0
15 43 9931 154 0.5000000 8789 -433 0 0
15 44 9931 154 0.5000000 8789 -433 0 0
15 45 9930 155 0.5000000 8789 -433 1 0
15 46 9929 155 0.5000000 8789 -433 1 0
15 47 9928 156 0.5000000 8789 -433 2 -1
15 48 9927 157 0.5000000 8789 -433 2 -1
15 49 9925 158 0.5000000 8789 -433 2 -2
15 50 9924 159 0.5000000 8789 -433 3 -2
15 51 9922 160 0.5000000 8789 -433 3 -1
15 52 9921 161 0.5000000 8789 -433 2 -1
15 53 9919 162 0.5000000 8789 -433 2 -1
15 54 9918 162 0.5000000 8789 -433 2 -1
15 55 9917 163 0.5000000 8789 -433 2 0
15 56 9916 163 0.5000000 8789 -433 2 0
15 57 9914 163 0.5000000 8789 -433 2 0
15 58 9913 163 0.5000000 8789 -433 2 0
15 59 9912 163 0.5000000 8789 -433 2 0
15 60 9911 163 0.5000000 8789 -433 2 0
15 61 9909 164 0.5000000 8789 -433 2 0
15 62 9909 164 0.5000000 8789 -433 1 0
15 63 9908 164 0.5000000 8789 -433 1 0
15 64 9908 164 0.5000000 8789 -433 0 0
15 65 9908 164 0.5000000 8789 -433 0 0
15 66 9907 164 0.5000000 8789 -433 0 0
15 67 9907 164 0.5000000 8789 -433 1 0
15 68 9905 163 0.5000000 8789 -433 2 0
15 69 9904 163 0.5000000 8789 -433 3 0
15 70 9903 163 0.5000000 8789 -433 2 0
15 71 9902 164 0.5000000 8789 -433 0 -1
15 72 9902 164 0.5000000 8789 -433 1 0
15 73 9901 164 0.5000000 8789 -433 0 0
15 74 9901 164 0.5000000 8789 -433 1 0
15 75 9900 164 0.5000000 8789 -433 1 0
15 76 9898 163 0.5000000 8789 -433 2 0
15 77 9897 163 0.5000000 8789 -433 2 0
15 78 9896 163 0.5000000 8789 -433 2 0
15 79 9895 163 0.5000000 8789 -433 1 0
15 80 9894 163 0.5000000 8789 -433 1 0
15 81 9893 163 0.5000000 8789 -433 1 0
15 82 9893 163 0.5000000 8789 -433 1 0
15 83 9892 163 0.5000000 8789 -433 1 0
15 84 9891 164 0.5000000 8789 -433 1 0
15 85 9890 164 0.5000000 8789 -433 1 0
15 86 9890 164 0.5000000 8789 -433 1 0
15 87 9889 164 0.5000000 8789 -433 1 0
15 88 9888 164 0.5000000 8789 -433 1 0
15 89 9888 164 0.5000000 8789 -433 0 0
15 90 9888 163 0.5000000 8789 -433 0 0
15 91 9888 163 0.5000000 8789 -433 0 0
15 92 9888 163 0.5000000 8789 -433 0 0
15 93 9888 162 0.5000000 8789 -433 0 0
15 94 9888 161 0.5000000 8789 -433 0 1
15 95 9888 160 0.5000000 8789 -433 0 1
15 96 9888 159 0.5000000 8789 -433 0 2
15 97 9888 158 0.5000000 8789 -433 0 2
15 98 9888 157 0.5000000 8789 -433 0 1
15 99 9889 157 0.5000000 8789 -433 0 1
15 100 9889 156 0.5000000 8789 -433 0 0
15 101 9889 156 0.5000000 8789 -433 0 0
15 102 9890 156 0.5000000 8789 -433 0 0
15 103 9890 156 0.5000000 8789 -433 0 0
15 104 9890 156 0.5000000 8789 -433 0 0
15 105 9891 156 0.5000000 8789 -433 -1 0
15 106 9891 155 0.5000000 8789 -433 -1 0
15 107 9892 155 0.5000000 8789 -433 -1 1
15 108 9892 154 0.5000000 8789 -433 0 1
15 109 9892 153 0.5000000 8789 -433 0 2
15 110 9893 152 0.5000000 8789 -433 0 2
15 111 9893 151 0.5000000 8789 -433 0 2
15 112 9893 149 0.5000000 8789 -433 0 2
15 113 9893 148 0.5000000 8789 -433 0 2
15 114 9894 148 0.5000000 8789 -433 0 1
15 115 9894 147 0.5000000 8789 -433 -1 1
15 116 9895 146 0.5000000 8789 -433 0 2
15 117 9895 144 0.5000000 8789 -433 0 2
15 118 9895 144 0.5000000 8789 -433 0 1
15 119 9896 143 0.5000000 8789 -433 0 1
15 120 9896 142 0.5000000 8789 -433 0 1
15 121 9896 141 0.5000000 8789 -433 0 1
15 122 9897 140 0.5000000 8789 -433 0 1
15 123 9897 139 0.5000000 8789 -433 0 2
15 124 9897 138 0.5000000 8789 -433 0 2
15 125 9897 138 0.5000000 8789 -433 0 1
15 126 9898 137 0.5000000 8789 -433 0 1
15 127 9898 137 0.5000000 8789 -433 0 1
15 128 9898 136 0.5000000 8789 -433 0 1
15 129 9898 135 0.5000000 8789 -433 0 1
15 130 9898 134 0.5000000 8789 -433 0 1
15 131 9898 133 0.5000000 8789 -433 0 1
15 132 9898 133 0.5000000 8789 -433 0 1
15 133 9898 132 0.5000000 8789 -433 0 2
15 134 9898 130 0.5000000 8789 -433 0 2
15 135 9899 129 0.5000000 8789 -433 0 2
15 136 9899 128 0.5000000 8789 -433 0 2
15 137 9899 127 0.5000000 8789 -433 0 2
15 138 9898 126 0.5000000 8789 -433 0 2
15 139 9898 125 0.5000000 8789 -433 0 1
15 140 9898 124 0.5000000 8789 -433 0 2
15 141 9897 123 0.5000000 8789 -433 1 0
15 142 9897 123 0.5000000 8789 -433 1 0
15 143 9896 122 0.5000000 8789 -433 0 0
15 144 9895 122 0.5000000 8789 -433 1 0
15 145 9895 122 0.5000000 8789 -433 1 0
15 146 9894 122 0.5000000 8789 -433 1 0
15 147 9893 122 0.5000000 8789 -433 1 0
15 148 9892 121 0.5000000 8789 -433 1 1
15 149 9892 120 0.5000000 8789 -433 1 1
15 150 9891 119 0.5000000 8789 -433 1 2
15 151 9890 117 0.5000000 8789 -433 1 2
15 152 9890 116 0.5000000 8789 -433 0 3
15 153 9889 114 0.5000000 8789 -433 0 3
15 154 9889 112 0.5000000 8789 -433 0 4
15 155 9889 109 0.5000000 8789 -433 0 5
15 156 9888 107 0.5000000 8789 -433 0 5
15 157 9888 105 0.5000000 8789 -433 0 4
15 158 9888 103 0.5000000 8789 -433 0 3
15 159 9888 101 0.5000000 8789 -433 0 3
15 160 9888 100 0.5000000 8789 -433 0 2
15 161 9888 99 0.5000000 8789 -433 0 1
15 162 9888 98 0.5000000 8789 -433 0 1
15 163 9889 98 0.5000000 8789 -433 0 0
15 164 9889 97 0.5000000 8789 -433 0 0
15 165 9889 97 0.5000000 8789 -433 0 1
15 166 9889 96 0.5000000 8789 -433 0 1
15 167 9890 95 0.5000000 8789 -433 0 3
15 169 9890 93 0.5000000 8789 -433 0 2
15 170 9890 92 0.5000000 8789 -433 0 2
15 171 9891 90 0.5000000 8789 -433 -1 3
15 172 9892 89 0.5000000 8789 -433 -1 2
15 173 9892 87 0.5000000 8789 -433 -1 2
15 174 9893 86 0.5000000 8789 -433 -1 3
15 175 9894 84 0.5000000 8789 -433 -1 3
15 176 9894 83 0.5000000 8789 -433 -1 2
15 177 9895 81 0.5000000 8789 -433 -1 3
15 178 9896 80 0.5000000 8789 -433 -1 3
15 179 9896 78 0.5000000 8789 -433 -1 2
15 180 9897 77 0.5000000 8789 -433 -1 2
15 181 9898 76 0.5000000 8789 -433 -1 2
15 182 9899 74 0.5000000 8789 -433 -1 3
15 183 9900 73 0.5000000 8789 -433 -2 3
15 184 9902 71 0.5000000 8789 -433 -3 3
15 185 9903 69 0.5000000 8789 -433 -3 3
15 186 9905 67 0.5000000 8789 -433 -3 3
15 187 9907 65 0.5000000 8789 -433 -2 3
15 188 9908 63 0.5000000 8789 -433 -2 4
15 189 9910 61 0.5000000 8789 -433 -3 4
15 190 9911 58 0.5000000 8789 -433 -3 5
15 191 9913 55 0.5000000 8789 -433 -2 6
15 192 9914 51 0.5000000 8789 -433 -2 6
15 193 9915 48 0.5000000 8789 -433 -2 7
15 194 9917 44 0.5000000 8789 -433 -2 7
15 195 9918 40 0.5000000 8789 -433 -2 7
15 196 9920 37 0.5000000 8789 -433 -3 7
15 197 9922 33 0.5000000 8789 -433 -3 6
15 198 9923 30 0.5000000 8789 -433 -3 7
15 199 9926 26 0.5000000 8789 -433 -4 7
15 201 9928 23 0.5000000 8789 -433 -3 7
15 202 9929 19 0.5000000 8789 -433 -3 7
15 203 9931 15 0.5000000 8789 -433 -4 8
15 206 9933 11 0.5000000 8789 -433 -3 7
15 207 9935 7 0.5000000 8789 -433 -3 8
15 208 9936 2 0.5000000 8789 -433 -2 9
15 209 9937 0 0.5000000 8789 -433 0 7
15 210 9937 -4 0.5000000 8789 -433 0 6
15 211 9937 -7 0.5000000 8789 -433 0 5
15 212 9937 -10 0.5000000 8789 -433 0 5
15 213 9937 -12 0.5000000 8789 -433 0 4
15 215 9937 -14 0.5000000 8789 -433 0 4
15 216 9937 -16 0.5000000 8789 -433 0 4
