6 0 4051 737 0.5000000 3987 399 1 0
6 1 4050 737 0.5000000 3987 399 0 0
6 2 4050 737 0.5000000 3987 399 0 0
6 3 4049 737 0.5000000 3987 399 0 0
6 4 4049 737 0.5000000 3987 399 0 0
6 5 4049 737 0.5000000 3987 399 0 0
6 6 4048 737 0.5000000 3987 399 0 0
6 7 4048 737 0.5000000 3987 399 1 0
6 8 4048 736 0.5000000 3987 399 0 0
6 9 4047 736 0.5000000 3987 399 0 0
6 10 4047 735 0.5000000 3987 399 0 1
6 11 4047 735 0.5000000 3987 399 0 1
6 12 4047 733 0.5000000 3987 399 0 2
6 13 4047 732 0.5000000 3987 399 0 2
6 14 4046 731 0.5000000 3987 399 0 3
6 15 4046 729 0.5000000 3987 399 0 3
6 16 4047 727 0.5000000 3987 399 0 3
6 17 4047 725 0.5000000 3987 399 0 3
6 18 4047 724 0.5000000 3987 399 0 3
6 19 4048 722 0.5000000 3987 399 0 3
6 20 4048 721 0.5000000 3987 399 0 2
6 21 4048 720 0.5000000 3987 399 0 2
6 22 4049 719 0.5000000 3987 399 0 1
6 23 4049 718 0.5000000 3987 399 0 1
6 24 4050 717 0.5000000 3987 399 0 1
6 25 4050 716 0.5000000 3987 399 0 1
6 26 4051 715 0.5000000 3987 399 -1 1
6 27 4051 714 0.5000000 3987 399 -1 1
6 28 4052 714 0.5000000 3987 399 -1 1
6 29 4053 713 0.5000000 3987 399 -1 1
6 30 4054 712 0.5000000 3987 399 -1 1
6 31 4054 712 0.5000000 3987 399 0 0
6 32 4054 712 0.5000000 3987 399 0 0
6 33 4055 712 0.5000000 3987 399 0 0
6 34 4055 711 0.5000000 3987 399 0 0
6 35 4056 711 0.5000000 3987 399 0 0
6 36 4056 711 0.5000000 3987 399 0 0
6 37 4056 711 0.5000000 3987 399 0 0
6 38 4057 711 0.5000000 3987 399 0 0
6 39 4057 711 0.5000000 3987 399 0 0
6 40 4058 711 0.5000000 3987 399 0 0
6 41 4058 711 0.5000000 3987 399 0 0
6 42 4058 711 0.5000000 3987 399 0 0
6 43 4059 711 0.5000000 3987 399 0 0
6 44 4059 712 0.5000000 3987 399 0 -1
6 45 4059 713 0.5000000 3987 399 0 -1
6 46 4060 714 0.5000000 3987 399 -1 -1
6 47 4060 714 0.5000000 3987 399 0 -1
6 48 4061 715 0.5000000 3987 399 0 -1
6 49 4061 716 0.5000000 3987 399 0 -1
6 50 4061 716 0.5000000 3987 399 0 -1
6 51 4061 717 0.5000000 3987 399 0 -1
6 52 4061 717 0.5000000 3987 399 0 -1
6 53 4061 718 0.5000000 3987 399 0 -1
6 54 4061 718 0.5000000 3987 399 0 0
6 55 4061 719 0.5000000 3987 399 0 -1
6 56 4061 719 0.5000000 3987 399 0 0
6 57 4061 720 0.5000000 3987 399 0 0
6 58 4061 720 0.5000000 3987 399 0 0
6 59 4061 721 0.5000000 3987 399 0 0
6 60 4061 721 0.5000000 3987 399 0 -1
6 61 4061 722 0.5000000 3987 399 0 -1
6 62 4060 722 0.5000000 3987 399 0 -1
6 63 4060 723 0.5000000 3987 399 0 -1
6 64 4059 723 0.5000000 3987 399 0 0
6 65 4059 724 0.5000000 3987 399 0 0
6 66 4059 724 0.5000000 3987 399 0 0
6 67 4059 724 0.5000000 3987 399 0 0
6 68 4058 724 0.5000000 3987 399 0 0
6 69 4058 725 0.5000000 3987 399 0 0
6 70 4058 725 0.5000000 3987 399 0 0
6 71 4058 725 0.5000000 3987 399 0 0
6 72 4058 725 0.5000000 3987 399 0 0
6 73 4058 725 0.5000000 3987 399 0 0
6 74 4058 726 0.5000000 3987 399 0 0
6 75 4058 726 0.5000000 3987 399 0 0
6 76 4058 725 0.5000000 3987 399 0 0
6 77 4059 725 0.5000000 3987 399 0 0
6 78 4059 725 0.5000000 3987 399 0 0
6 79 4059 725 0.5000000 3987 399 0 0
6 80 4059 724 0.5000000 3987 399 0 0
6 81 4059 724 0.5000000 3987 399 0 0
6 82 4059 723 0.5000000 3987 399 0 1
6 83 4059 723 0.5000000 3987 399 0 1
6 84 4059 722 0.5000000 3987 399 0 1
6 85 4058 722 0.5000000 3987 399 0 1
6 86 4058 721 0.5000000 3987 399 0 1
6 87 4058 720 0.5000000 3987 399 0 1
6 88 4058 720 0.5000000 3987 399 0 1
6 89 4057 719 0.5000000 3987 399 0 1
6 90 4057 719 0.5000000 3987 399 0 1
6 91 4056 718 0.5000000 3987 399 0 0
6 92 4056 718 0.5000000 3987 399 0 0
6 93 4056 718 0.5000000 3987 399 0 0
6 94 4056 718 0.5000000 3987 399 0 0
6 95 4055 718 0.5000000 3987 399 0 0
6 96 4056 718 0.5000000 3987 399 0 0
6 97 4055 718 0.5000000 3987 399 0 0
6 98 4055 718 0.5000000 3987 399 0 0
6 99 4055 718 0.5000000 3987 399 0 0
6 100 4055 718 0.5000000 3987 399 0 -1
6 101 4056 719 0.5000000 3987 399 0 0
6 102 4056 719 0.5000000 3987 399 0 0
6 103 4056 719 0.5000000 3987 399 0 0
6 104 4056 720 0.5000000 3987 399 0 0
6 105 4056 720 0.5000000 3987 399 0 0
6 106 4056 720 0.5000000 3987 399 0 0
6 107 4056 720 0.5000000 3987 399 0 0
6 108 4055 720 0.5000000 3987 399 0 0
6 109 4055 720 0.5000000 3987 399 0 0
6 110 4055 720 0.5000000 3987 399 0 0
6 111 4056 720 0.5000000 3987 399 0 0
6 112 4056 720 0.5000000 3987 399 0 0
6 113 4056 720 0.5000000 3987 399 0 0
6 114 4056 721 0.5000000 3987 399 0 0
6 115 4056 721 0.5000000 3987 399 0 0
6 116 4055 721 0.5000000 3987 399 0 0
6 117 4055 721 0.5000000 3987 399 0 0
6 118 4055 721 0.5000000 3987 399 0 0
6 119 4054 721 0.5000000 3987 399 0 0
6 120 4054 721 0.5000000 3987 399 1 0
6 121 4053 721 0.5000000 3987 399 1 0
6 122 4053 721 0.5000000 3987 399 1 0
6 123 4052 721 0.5000000 3987 399 1 0
6 124 4051 721 0.5000000 3987 399 1 0
6 125 4050 721 0.5000000 3987 399 1 0
6 126 4050 721 0.5000000 3987 399 1 0
6 127 4049 720 0.5000000 3987 399 1 0
6 128 4048 720 0.5000000 3987 399 1 0
6 129 4048 720 0.5000000 3987 399 1 0
6 130 4047 719 0.5000000 3987 399 1 0
6 131 4046 719 0.5000000 3987 399 1 1
6 132 4046 718 0.5000000 3987 399 1 1
6 133 4045 718 0.5000000 3987 399 1 0
6 134 4044 717 0.5000000 3987 399 1 0
6 135 4043 717 0.5000000 3987 399 1 0
6 136 4043 717 0.5000000 3987 399 0 0
6 137 4043 717 0.5000000 3987 399 0 0
6 138 4043 716 0.5000000 3987 399 0 0
6 139 4043 716 0.5000000 3987 399 0 0
6 140 4043 716 0.5000000 3987 399 0 0
6 141 4044 715 0.5000000 3987 399 0 0
6 142 4044 715 0.5000000 3987 399 0 0
6 143 4044 715 0.5000000 3987 399 -1 0
6 144 4045 715 0.5000000 3987 399 -1 0
6 145 4046 714 0.5000000 3987 399 -1 0
6 146 4047 714 0.5000000 3987 399 -1 0
6 147 4047 714 0.5000000 3987 399 -1 0
6 148 4048 714 0.5000000 3987 399 -1 0
6 149 4050 713 0.5000000 3987 399 -2 0
6 150 4050 713 0.5000000 3987 399 -1 0
6 151 4051 713 0.5000000 3987 399 -1 0
6 152 4052 712 0.5000000 3987 399 -1 0
6 153 4053 712 0.5000000 3987 399 -1 1
6 154 4053 711 0.5000000 3987 399 -1 0
6 155 4044 715 0.5000000 3987 399 -1 0
6 156 4045 715 0.5000000 3987 399 -1 0
6 157 4046 714 0.5000000 3987 399 -1 0
6 158 4047 714 0.5000000 3987 399 -1 0
6 159 4047 714 0.5000000 3987 399 -1 0
6 160 4048 714 0.5000000 3987 399 -1 0
6 161 4050 713 0.5000000 3987 399 -2 0
6 162 4050 713 0.5000000 3987 399 -1 0
6 163 4051 713 0.5000000 3987 399 -1 0
6 164 4052 712 0.5000000 3987 399 -1 0
6 165 4053 712 0.5000000 3987 399 -1 1
6 166 4053 711 0.5000000 3987 399 -1 0
6 167 4047 714 0.5000000 3987 399 -1 0
6 168 4048 714 0.5000000 3987 399 -1 0
6 169 4050 713 0.5000000 3987 399 -2 0
6 170 4050 713 0.5000000 3987 399 -1 0
6 171 4051 713 0.5000000 3987 399 -1 0
6 172 4052 712 0.5000000 3987 399 -1 0
6 173 4053 712 0.5000000 3987 399 -1 1
6 174 4053 711 0.5000000 3987 399 -1 0
6 175 4052 712 0.5000000 3987 399 -1 0
6 176 4053 712 0.5000000 3987 399 -1 1
6 177 4053 711 0.5000000 3987 399 -1 0