44 0 8953 667 0.5000000 11306 281 0 -1
44 1 8953 667 0.5000000 11306 281 0 0
44 2 8953 667 0.5000000 11306 281 0 0
44 3 8954 667 0.5000000 11306 281 0 0
44 4 8954 668 0.5000000 11306 281 0 0
44 5 8954 668 0.5000000 11306 281 0 0
44 6 8954 668 0.5000000 11306 281 0 0
44 7 8955 668 0.5000000 11306 281 0 0
44 8 8955 667 0.5000000 11306 281 0 0
44 9 8955 667 0.5000000 11306 281 0 0
44 10 8955 667 0.5000000 11306 281 0 0
44 11 8955 667 0.5000000 11306 281 0 0
44 12 8955 667 0.5000000 11306 281 0 0
44 13 8955 667 0.5000000 11306 281 0 0
44 14 8955 667 0.5000000 11306 281 0 0
44 15 8955 666 0.5000000 11306 281 0 0
44 16 8955 666 0.5000000 11306 281 0 0
44 17 8955 666 0.5000000 11306 281 0 0
44 18 8955 666 0.5000000 11306 281 0 0
44 19 8955 666 0.5000000 11306 281 0 0
44 20 8956 665 0.5000000 11306 281 0 0
44 21 8956 665 0.5000000 11306 281 0 0
44 22 8956 665 0.5000000 11306 281 0 0
44 23 8956 665 0.5000000 11306 281 0 0
44 24 8956 665 0.5000000 11306 281 0 0
44 25 8956 665 0.5000000 11306 281 0 0
44 26 8957 664 0.5000000 11306 281 0 0
44 27 8957 664 0.5000000 11306 281 0 0
44 28 8957 664 0.5000000 11306 281 0 0
44 29 8957 664 0.5000000 11306 281 0 0
44 30 8957 664 0.5000000 11306 281 0 0
44 31 8957 664 0.5000000 11306 281 0 0
44 32 8957 664 0.5000000 11306 281 0 0
44 33 8957 664 0.5000000 11306 281 0 0
44 34 8958 664 0.5000000 11306 281 0 0
44 35 8958 664 0.5000000 11306 281 0 0
44 36 8958 664 0.5000000 11306 281 0 0
44 37 8958 664 0.5000000 11306 281 0 0
44 38 8957 664 0.5000000 11306 281 0 0
44 39 8957 664 0.5000000 11306 281 0 0
44 40 8957 664 0.5000000 11306 281 0 0
44 41 8957 664 0.5000000 11306 281 0 0
44 42 8957 664 0.5000000 11306 281 0 0
44 43 8957 664 0.5000000 11306 281 0 0
44 44 8957 664 0.5000000 11306 281 0 0
44 45 8957 664 0.5000000 11306 281 0 0
44 46 8957 664 0.5000000 11306 281 0 0
44 47 8957 664 0.5000000 11306 281 0 0
44 48 8957 664 0.5000000 11306 281 0 0
44 49 8956 664 0.5000000 11306 281 0 0
44 50 8956 664 0.5000000 11306 281 0 0
44 51 8956 664 0.5000000 11306 281 0 0
44 52 8956 664 0.5000000 11306 281 0 0
44 53 8956 664 0.5000000 11306 281 0 0
44 54 8956 664 0.5000000 11306 281 0 0
44 55 8956 664 0.5000000 11306 281 0 0
44 56 8957 663 0.5000000 11306 281 0 0
44 57 8957 663 0.5000000 11306 281 0 0
44 58 8957 663 0.5000000 11306 281 0 0
44 59 8958 663 0.5000000 11306 281 0 0
44 60 8958 662 0.5000000 11306 281 -1 0
44 61 8959 662 0.5000000 11306 281 -1 0
44 62 8960 662 0.5000000 11306 281 -1 0
44 63 8960 662 0.5000000 11306 281 -1 0
44 64 8961 661 0.5000000 11306 281 -2 0
44 65 8963 661 0.5000000 11306 281 -2 0
44 66 8964 661 0.5000000 11306 281 -2 0
44 67 8966 660 0.5000000 11306 281 -2 0
44 68 8967 660 0.5000000 11306 281 -2 0
44 69 8969 659 0.5000000 11306 281 -3 1
44 70 8971 658 0.5000000 11306 281 -3 2
44 71 8973 657 0.5000000 11306 281 -4 2
44 72 8975 655 0.5000000 11306 281 -4 2
44 73 8978 654 0.5000000 11306 281 -5 2
44 74 8981 652 0.5000000 11306 281 -5 3
44 75 8984 650 0.5000000 11306 281 -5 3
44 76 8987 648 0.5000000 11306 281 -6 4
44 77 8990 646 0.5000000 11306 281 -6 4
44 78 8993 644 0.5000000 11306 281 -6 3
44 79 8996 643 0.5000000 11306 281 -5 3
44 80 8999 641 0.5000000 11306 281 -5 3
44 81 9002 639 0.5000000 11306 281 -6 3
44 82 9006 637 0.5000000 11306 281 -6 3
44 83 9009 635 0.5000000 11306 281 -6 4
44 84 9013 633 0.5000000 11306 281 -7 4
44 85 9016 630 0.5000000 11306 281 -7 4
44 86 9020 628 0.5000000 11306 281 -7 4
44 87 9024 626 0.5000000 11306 281 -7 4
44 88 9028 623 0.5000000 11306 281 -7 4
44 89 9032 621 0.5000000 11306 281 -7 4
44 90 9036 618 0.5000000 11306 281 -7 5
44 91 9040 616 0.5000000 11306 281 -7 5
44 92 9043 613 0.5000000 11306 281 -7 5
44 93 9047 610 0.5000000 11306 281 -7 5
44 94 9051 607 0.5000000 11306 281 -7 5
44 95 9055 605 0.5000000 11306 281 -7 5
44 96 9059 602 0.5000000 11306 281 -7 5
44 97 9063 599 0.5000000 11306 281 -7 5
44 98 9067 596 0.5000000 11306 281 -7 5
44 99 9071 594 0.5000000 11306 281 -7 5
44 100 9074 591 0.5000000 11306 281 -7 5
44 101 9078 588 0.5000000 11306 281 -7 5
44 102 9082 585 0.5000000 11306 281 -7 5
44 103 9086 582 0.5000000 11306 281 -7 5
44 104 9089 580 0.5000000 11306 281 -7 5
44 105 9093 577 0.5000000 11306 281 -7 5
44 106 9097 574 0.5000000 11306 281 -7 5
44 107 9101 571 0.5000000 11306 281 -7 5
44 108 9104 568 0.5000000 11306 281 -7 5
44 109 9108 566 0.5000000 11306 281 -7 5
44 110 9111 563 0.5000000 11306 281 -7 5
44 111 9115 560 0.5000000 11306 281 -7 5
44 112 9119 557 0.5000000 11306 281 -7 5
44 113 9122 554 0.5000000 11306 281 -7 5
44 114 9126 552 0.5000000 11306 281 -7 5
44 115 9129 549 0.5000000 11306 281 -6 4
44 116 9132 547 0.5000000 11306 281 -5 4
44 117 9134 544 0.5000000 11306 281 -5 5
44 118 9137 542 0.5000000 11306 281 -5 4
44 119 9140 539 0.5000000 11306 281 -5 5
44 120 9142 536 0.5000000 11306 281 -5 5
44 121 9145 533 0.5000000 11306 281 -5 5
44 122 9148 530 0.5000000 11306 281 -5 6
44 123 9151 527 0.5000000 11306 281 -5 5
44 124 9153 524 0.5000000 11306 281 -5 6
44 125 9156 521 0.5000000 11306 281 -5 6
44 126 9159 518 0.5000000 11306 281 -5 6
44 127 9162 515 0.5000000 11306 281 -5 5
44 128 9165 512 0.5000000 11306 281 -5 5
44 129 9167 509 0.5000000 11306 281 -5 5
44 130 9170 506 0.5000000 11306 281 -5 5
44 131 9173 503 0.5000000 11306 281 -5 6
44 132 9175 500 0.5000000 11306 281 -4 6
44 133 9178 497 0.5000000 11306 281 -4 5
44 134 9180 494 0.5000000 11306 281 -4 5
44 135 9182 491 0.5000000 11306 281 -4 5
44 136 9184 489 0.5000000 11306 281 -3 5
44 137 9186 486 0.5000000 11306 281 -3 5
44 138 9187 483 0.5000000 11306 281 -3 5
44 139 9189 480 0.5000000 11306 281 -3 5
44 140 9190 478 0.5000000 11306 281 -3 5
44 141 9192 475 0.5000000 11306 281 -2 5
44 142 9193 472 0.5000000 11306 281 -2 5
44 143 9195 469 0.5000000 11306 281 -2 5
44 144 9196 466 0.5000000 11306 281 -2 5
44 145 9197 463 0.5000000 11306 281 -2 5
44 146 9199 460 0.5000000 11306 281 -2 5
44 147 9200 458 0.5000000 11306 281 -2 5
44 148 9201 455 0.5000000 11306 281 -2 4
44 149 9202 453 0.5000000 11306 281 -2 4
44 150 9203 451 0.5000000 11306 281 -1 4
44 151 9204 449 0.5000000 11306 281 -1 3
44 152 9205 447 0.5000000 11306 281 -1 3
44 153 9206 445 0.5000000 11306 281 -1 3
44 154 9206 443 0.5000000 11306 281 -1 3
44 155 9207 442 0.5000000 11306 281 -1 3
44 156 9208 440 0.5000000 11306 281 -1 3
44 157 9209 439 0.5000000 11306 281 -1 2
44 158 9210 437 0.5000000 11306 281 -1 2
44 159 9211 436 0.5000000 11306 281 -1 2
44 160 9212 434 0.5000000 11306 281 -1 2
44 161 9212 433 0.5000000 11306 281 -1 2
44 162 9213 432 0.5000000 11306 281 -1 2
44 163 9214 430 0.5000000 11306 281 -1 2
44 164 9215 429 0.5000000 11306 281 -1 2
44 165 9216 428 0.5000000 11306 281 -1 2
44 166 9216 426 0.5000000 11306 281 -1 2
44 167 9217 425 0.5000000 11306 281 -1 2
44 168 9218 424 0.5000000 11306 281 -1 2
44 169 9219 423 0.5000000 11306 281 -1 2
44 170 9219 422 0.5000000 11306 281 -1 2
44 171 9220 421 0.5000000 11306 281 -1 1
44 172 9220 420 0.5000000 11306 281 -1 1
44 173 9221 419 0.5000000 11306 281 -1 1
44 174 9222 419 0.5000000 11306 281 -1 1
44 175 9222 418 0.5000000 11306 281 0 1
44 176 9222 417 0.5000000 11306 281 0 1
44 177 9223 416 0.5000000 11306 281 0 1
44 178 9223 415 0.5000000 11306 281 0 1
44 179 9223 415 0.5000000 11306 281 0 1
44 180 9223 414 0.5000000 11306 281 0 1
44 181 9224 414 0.5000000 11306 281 0 1
44 182 9224 413 0.5000000 11306 281 0 1
44 183 9224 412 0.5000000 11306 281 0 1
44 184 9224 412 0.5000000 11306 281 0 1
44 185 9224 411 0.5000000 11306 281 0 1
44 186 9225 410 0.5000000 11306 281 0 1
44 187 9225 410 0.5000000 11306 281 0 1
44 188 9225 409 0.5000000 11306 281 0 1
44 189 9225 408 0.5000000 11306 281 0 1
44 190 9226 408 0.5000000 11306 281 0 1
44 191 9226 407 0.5000000 11306 281 0 1
44 192 9226 407 0.5000000 11306 281 0 0
44 193 9227 406 0.5000000 11306 281 0 0
44 194 9227 406 0.5000000 11306 281 0 0
44 195 9227 406 0.5000000 11306 281 0 0
44 196 9227 405 0.5000000 11306 281 0 0
44 197 9227 405 0.5000000 11306 281 0 0
44 198 9227 405 0.5000000 11306 281 0 0
44 199 9227 404 0.5000000 11306 281 0 0
44 200 9227 404 0.5000000 11306 281 0 0
44 201 9227 404 0.5000000 11306 281 0 0
44 202 9227 403 0.5000000 11306 281 0 0
44 203 9227 403 0.5000000 11306 281 0 0
44 204 9228 403 0.5000000 11306 281 0 0
44 205 9228 402 0.5000000 11306 281 0 0
44 206 9228 402 0.5000000 11306 281 0 0
44 207 9228 402 0.5000000 11306 281 0 0
44 208 9228 402 0.5000000 11306 281 0 0
44 209 9228 401 0.5000000 11306 281 0 0
44 210 9228 401 0.5000000 11306 281 0 0
44 211 9228 401 0.5000000 11306 281 0 0
44 212 9228 401 0.5000000 11306 281 0 0
44 213 9229 400 0.5000000 11306 281 0 0
44 214 9229 400 0.5000000 11306 281 0 0
44 215 9229 400 0.5000000 11306 281 0 0
44 216 9229 400 0.5000000 11306 281 0 0
44 217 9229 401 0.5000000 11306 281 0 0
44 218 9229 400 0.5000000 11306 281 0 0
44 219 9229 400 0.5000000 11306 281 0 0
44 220 9230 400 0.5000000 11306 281 0 0
44 221 9230 400 0.5000000 11306 281 0 0
44 222 9230 400 0.5000000 11306 281 0 0
44 223 9231 400 0.5000000 11306 281 0 0
44 224 9231 400 0.5000000 11306 281 0 0
44 225 9232 401 0.5000000 11306 281 0 0
44 226 9232 401 0.5000000 11306 281 0 0
44 227 9233 401 0.5000000 11306 281 0 0
44 228 9233 401 0.5000000 11306 281 0 0
