45 0 10669 793 0.5000000 12877 736 -1 -2
45 1 10670 794 0.5000000 12877 736 -2 -1
45 2 10672 794 0.5000000 12877 736 -2 -1
45 5 10673 795 0.5000000 12877 736 -2 0
45 6 10674 795 0.5000000 12877 736 -1 0
45 7 10675 794 0.5000000 12877 736 -2 1
45 8 10676 793 0.5000000 12877 736 -2 1
45 9 10677 792 0.5000000 12877 736 -2 2
45 10 10678 791 0.5000000 12877 736 -1 1
45 11 10679 791 0.5000000 12877 736 -2 1
45 12 10680 790 0.5000000 12877 736 -2 2
45 13 10681 788 0.5000000 12877 736 -1 3
45 14 10682 786 0.5000000 12877 736 -1 3
45 15 10682 784 0.5000000 12877 736 -1 4
45 16 10683 782 0.5000000 12877 736 0 4
45 17 10683 780 0.5000000 12877 736 0 4
45 18 10683 777 0.5000000 12877 736 0 5
45 19 10683 774 0.5000000 12877 736 0 5
45 20 10683 771 0.5000000 12877 736 0 5
45 21 10682 769 0.5000000 12877 736 1 3
45 22 10681 767 0.5000000 12877 736 1 4
45 23 10680 765 0.5000000 12877 736 1 4
45 24 10680 762 0.5000000 12877 736 1 5
45 25 10680 759 0.5000000 12877 736 0 5
45 26 10680 756 0.5000000 12877 736 0 6
45 27 10680 753 0.5000000 12877 736 0 7
45 28 10681 749 0.5000000 12877 736 -1 7
45 29 10681 745 0.5000000 12877 736 -1 7
45 30 10682 742 0.5000000 12877 736 -1 7
45 31 10682 738 0.5000000 12877 736 0 6
45 32 10683 735 0.5000000 12877 736 0 6
45 33 10683 732 0.5000000 12877 736 0 6
45 34 10682 729 0.5000000 12877 736 0 5
45 35 10682 728 0.5000000 12877 736 0 2
45 36 10682 727 0.5000000 12877 736 0 2
45 37 10681 726 0.5000000 12877 736 0 2
45 38 10681 725 0.5000000 12877 736 1 1
45 39 10680 724 0.5000000 12877 736 1 1
45 40 10679 723 0.5000000 12877 736 1 1
45 41 10679 722 0.5000000 12877 736 1 1
45 42 10678 721 0.5000000 12877 736 1 1
45 43 10677 720 0.5000000 12877 736 1 2
45 44 10676 719 0.5000000 12877 736 1 2
45 45 10676 718 0.5000000 12877 736 1 2
45 46 10674 717 0.5000000 12877 736 2 2
45 47 10673 716 0.5000000 12877 736 2 2
45 48 10672 714 0.5000000 12877 736 2 2
45 51 10670 713 0.5000000 12877 736 3 2
45 52 10669 712 0.5000000 12877 736 3 2
45 53 10667 710 0.5000000 12877 736 2 2
45 54 10666 709 0.5000000 12877 736 3 2
45 55 10664 707 0.5000000 12877 736 3 2
45 56 10662 706 0.5000000 12877 736 4 2
45 57 10660 705 0.5000000 12877 736 4 2
45 58 10658 703 0.5000000 12877 736 3 2
45 59 10656 702 0.5000000 12877 736 3 2
45 60 10654 701 0.5000000 12877 736 3 1
45 61 10652 701 0.5000000 12877 736 2 1
45 62 10651 700 0.5000000 12877 736 2 1
45 63 10650 699 0.5000000 12877 736 2 1
45 64 10649 698 0.5000000 12877 736 2 1
45 65 10647 698 0.5000000 12877 736 2 1
45 66 10646 697 0.5000000 12877 736 2 0
45 67 10645 696 0.5000000 12877 736 2 1
45 68 10643 696 0.5000000 12877 736 3 1
45 69 10641 695 0.5000000 12877 736 3 1
45 70 10639 694 0.5000000 12877 736 3 1
45 71 10638 693 0.5000000 12877 736 3 1
45 72 10636 692 0.5000000 12877 736 3 2
45 73 10633 691 0.5000000 12877 736 4 2
45 74 10631 689 0.5000000 12877 736 4 3
45 75 10629 688 0.5000000 12877 736 4 3
45 76 10626 686 0.5000000 12877 736 5 3
45 77 10623 684 0.5000000 12877 736 5 3
45 78 10621 682 0.5000000 12877 736 5 3
45 79 10618 680 0.5000000 12877 736 5 3
45 80 10616 678 0.5000000 12877 736 4 3
45 81 10614 677 0.5000000 12877 736 4 2
45 82 10611 676 0.5000000 12877 736 4 2
45 83 10609 675 0.5000000 12877 736 4 2
45 84 10606 673 0.5000000 12877 736 4 2
45 85 10604 672 0.5000000 12877 736 5 2
45 86 10601 672 0.5000000 12877 736 5 1
45 87 10598 671 0.5000000 12877 736 5 1
45 88 10595 671 0.5000000 12877 736 6 0
45 89 10592 670 0.5000000 12877 736 6 0
45 90 10589 670 0.5000000 12877 736 6 0
45 91 10586 670 0.5000000 12877 736 6 0
45 92 10582 669 0.5000000 12877 736 6 0
45 93 10579 669 0.5000000 12877 736 6 0
45 94 10576 669 0.5000000 12877 736 6 0
45 95 10573 668 0.5000000 12877 736 6 0
45 96 10569 668 0.5000000 12877 736 6 0
45 97 10566 668 0.5000000 12877 736 6 0
45 98 10563 667 0.5000000 12877 736 6 1
45 99 10560 666 0.5000000 12877 736 5 1
45 100 10557 666 0.5000000 12877 736 5 1
45 101 10554 665 0.5000000 12877 736 5 1
45 102 10552 664 0.5000000 12877 736 5 1
45 103 10549 663 0.5000000 12877 736 4 2
45 104 10547 662 0.5000000 12877 736 4 1
45 105 10545 661 0.5000000 12877 736 4 1
45 106 10543 660 0.5000000 12877 736 4 2
45 107 10541 659 0.5000000 12877 736 3 2
45 108 10539 657 0.5000000 12877 736 3 2
45 109 10537 656 0.5000000 12877 736 3 2
45 110 10535 655 0.5000000 12877 736 3 2
45 111 10534 653 0.5000000 12877 736 3 2
45 112 10532 652 0.5000000 12877 736 3 2
45 113 10531 651 0.5000000 12877 736 3 1
45 114 10529 650 0.5000000 12877 736 2 2
45 115 10528 649 0.5000000 12877 736 2 2
45 116 10527 647 0.5000000 12877 736 2 2
45 117 10526 646 0.5000000 12877 736 2 2
45 118 10525 644 0.5000000 12877 736 2 3
45 119 10523 643 0.5000000 12877 736 2 3
45 120 10522 641 0.5000000 12877 736 2 3
45 121 10521 639 0.5000000 12877 736 2 3
45 122 10520 637 0.5000000 12877 736 2 3
45 123 10519 636 0.5000000 12877 736 2 3
45 124 10518 635 0.5000000 12877 736 1 2
45 125 10517 633 0.5000000 12877 736 2 2
45 126 10516 632 0.5000000 12877 736 2 2
45 127 10514 631 0.5000000 12877 736 3 2
45 128 10512 630 0.5000000 12877 736 3 1
45 129 10511 629 0.5000000 12877 736 3 1
45 130 10509 628 0.5000000 12877 736 3 1
45 131 10508 628 0.5000000 12877 736 2 0
45 132 10506 628 0.5000000 12877 736 2 0
45 133 10505 627 0.5000000 12877 736 2 0
45 134 10504 627 0.5000000 12877 736 2 1
45 135 10503 626 0.5000000 12877 736 1 1
45 136 10503 625 0.5000000 12877 736 1 1
45 137 10503 625 0.5000000 12877 736 0 0
45 138 10502 624 0.5000000 12877 736 0 0
45 139 10502 624 0.5000000 12877 736 0 1
45 140 10502 623 0.5000000 12877 736 0 1
45 141 10502 622 0.5000000 12877 736 0 1
45 142 10502 621 0.5000000 12877 736 0 2
45 143 10503 620 0.5000000 12877 736 0 2
45 144 10503 618 0.5000000 12877 736 0 2
45 145 10503 617 0.5000000 12877 736 0 2
45 146 10503 616 0.5000000 12877 736 0 2
45 147 10503 614 0.5000000 12877 736 0 2
45 148 10504 613 0.5000000 12877 736 0 2
45 149 10505 613 0.5000000 12877 736 -1 1
45 150 10505 612 0.5000000 12877 736 -1 2
45 151 10506 611 0.5000000 12877 736 -1 1
45 152 10507 610 0.5000000 12877 736 -1 1
45 153 10508 609 0.5000000 12877 736 -1 1
45 154 10509 608 0.5000000 12877 736 -1 1
45 155 10510 607 0.5000000 12877 736 -1 2
45 156 10511 606 0.5000000 12877 736 -1 2
45 157 10511 604 0.5000000 12877 736 -1 2
45 158 10512 603 0.5000000 12877 736 0 2
45 159 10512 601 0.5000000 12877 736 0 2
45 160 10513 600 0.5000000 12877 736 0 2
45 161 10513 599 0.5000000 12877 736 0 2
45 162 10513 598 0.5000000 12877 736 0 2
45 163 10513 597 0.5000000 12877 736 0 2
45 164 10514 596 0.5000000 12877 736 0 1
45 165 10514 595 0.5000000 12877 736 0 2
45 166 10514 593 0.5000000 12877 736 0 2
45 167 10515 592 0.5000000 12877 736 0 3
45 168 10515 590 0.5000000 12877 736 -1 2
45 169 10516 589 0.5000000 12877 736 -1 2
45 170 10517 588 0.5000000 12877 736 -2 2
45 171 10518 587 0.5000000 12877 736 -2 2
45 172 10520 585 0.5000000 12877 736 -2 2
45 173 10522 584 0.5000000 12877 736 -3 2
45 174 10524 583 0.5000000 12877 736 -3 1
45 175 10525 583 0.5000000 12877 736 -3 0
45 176 10527 582 0.5000000 12877 736 -3 0
45 177 10529 582 0.5000000 12877 736 -3 0
45 178 10530 582 0.5000000 12877 736 -3 0
45 179 10532 581 0.5000000 12877 736 -2 0
45 180 10533 581 0.5000000 12877 736 -2 0
45 181 10534 581 0.5000000 12877 736 -2 0
45 182 10536 581 0.5000000 12877 736 -3 0
45 183 10538 580 0.5000000 12877 736 -4 0
45 184 10540 580 0.5000000 12877 736 -3 0
45 185 10541 581 0.5000000 12877 736 -2 0
45 186 10542 581 0.5000000 12877 736 -2 0
45 187 10543 582 0.5000000 12877 736 -2 -1
45 188 10544 583 0.5000000 12877 736 -1 -1
45 189 10545 583 0.5000000 12877 736 -1 -1
45 190 10546 584 0.5000000 12877 736 -1 -1
45 191 10547 585 0.5000000 12877 736 -1 0
45 192 10548 585 0.5000000 12877 736 -2 -1
45 193 10549 586 0.5000000 12877 736 -2 -1
45 195 10549 586 0.5000000 12877 736 0 0
45 196 10550 587 0.5000000 12877 736 -1 -1
45 197 10551 588 0.5000000 12877 736 0 -1
45 198 10551 588 0.5000000 12877 736 -1 -1
45 199 10551 589 0.5000000 12877 736 0 -1
45 203 10551 591 0.5000000 12877 736 0 -2
45 204 10552 592 0.5000000 12877 736 -1 -3
45 211 10553 594 0.5000000 12877 736 -1 -3
45 212 10554 596 0.5000000 12877 736 -2 -4
45 213 10556 599 0.5000000 12877 736 -3 -6
45 214 10558 602 0.5000000 12877 736 -4 -5
45 217 10560 605 0.5000000 12877 736 -4 -6
45 218 10562 608 0.5000000 12877 736 -4 -5
45 219 10565 611 0.5000000 12877 736 -4 -5
45 220 10566 613 0.5000000 12877 736 -3 -4
45 221 10568 616 0.5000000 12877 736 -3 -6
45 222 10570 618 0.5000000 12877 736 -3 -5
45 223 10572 621 0.5000000 12877 736 -3 -4
45 224 10573 623 0.5000000 12877 736 -2 -4
45 225 10574 624 0.5000000 12877 736 -2 -3
45 226 10575 626 0.5000000 12877 736 -1 -3
45 227 10576 627 0.5000000 12877 736 -1 -1
45 228 10577 628 0.5000000 12877 736 -1 -1
45 229 10577 629 0.5000000 12877 736 0 -1
45 230 10578 629 0.5000000 12877 736 0 -1
45 231 10578 630 0.5000000 12877 736 0 -1
45 232 10578 631 0.5000000 12877 736 0 -1
45 233 10579 632 0.5000000 12877 736 0 -1
45 234 10579 632 0.5000000 12877 736 0 -1
45 235 10580 633 0.5000000 12877 736 -1 -1
45 236 10580 635 0.5000000 12877 736 0 -2
45 237 10580 637 0.5000000 12877 736 0 -4
45 238 10581 639 0.5000000 12877 736 -1 -4
45 239 10582 641 0.5000000 12877 736 -1 -4
45 240 10583 643 0.5000000 12877 736 -1 -3
45 241 10583 646 0.5000000 12877 736 0 -5
45 242 10583 648 0.5000000 12877 736 0 -4
45 243 10582 650 0.5000000 12877 736 0 -3
45 245 10582 653 0.5000000 12877 736 0 -4
45 248 10582 656 0.5000000 12877 736 0 -6
45 249 10581 659 0.5000000 12877 736 0 -6
45 250 10581 662 0.5000000 12877 736 0 -6
45 251 10581 665 0.5000000 12877 736 0 -6
45 252 10580 669 0.5000000 12877 736 0 -7
45 253 10580 672 0.5000000 12877 736 0 -7
45 254 10581 676 0.5000000 12877 736 -1 -6
45 256 10581 679 0.5000000 12877 736 -1 -6
45 257 10582 682 0.5000000 12877 736 -1 -5
45 258 10583 683 0.5000000 12877 736 -1 -3
45 259 10584 685 0.5000000 12877 736 -2 -2
45 260 10585 686 0.5000000 12877 736 -2 -1
45 261 10587 686 0.5000000 12877 736 -2 -1
45 262 10588 687 0.5000000 12877 736 -2 -1
45 263 10589 688 0.5000000 12877 736 -2 -1
45 264 10591 688 0.5000000 12877 736 -2 0
45 265 10592 688 0.5000000 12877 736 -1 0
45 266 10593 688 0.5000000 12877 736 -2 0
45 267 10593 688 0.5000000 12877 736 0 0
45 268 10593 689 0.5000000 12877 736 0 0
45 269 10592 689 0.5000000 12877 736 1 0
45 270 10592 689 0.5000000 12877 736 0 0
45 271 10592 690 0.5000000 12877 736 0 0
45 272 10591 690 0.5000000 12877 736 0 0
45 273 10591 690 0.5000000 12877 736 1 0
45 274 10590 689 0.5000000 12877 736 1 0
45 275 10589 689 0.5000000 12877 736 1 0
45 276 10589 689 0.5000000 12877 736 1 0
45 277 10588 689 0.5000000 12877 736 2 0
45 278 10586 690 0.5000000 12877 736 2 0
45 279 10585 690 0.5000000 12877 736 2 0
45 280 10584 691 0.5000000 12877 736 3 -1
45 281 10582 691 0.5000000 12877 736 3 -1
45 282 10581 692 0.5000000 12877 736 2 -1
45 283 10579 693 0.5000000 12877 736 3 -1
45 284 10577 694 0.5000000 12877 736 4 -1
45 285 10575 695 0.5000000 12877 736 4 -2
45 287 10572 697 0.5000000 12877 736 5 -2
45 288 10569 698 0.5000000 12877 736 5 -3
45 289 10566 700 0.5000000 12877 736 6 -3
45 293 10563 701 0.5000000 12877 736 6 -2
45 294 10560 703 0.5000000 12877 736 5 -2
45 296 10557 705 0.5000000 12877 736 5 -4
45 297 10555 707 0.5000000 12877 736 4 -3
45 298 10553 709 0.5000000 12877 736 4 -3
45 299 10551 711 0.5000000 12877 736 3 -3
45 300 10549 712 0.5000000 12877 736 2 -3
45 301 10548 714 0.5000000 12877 736 2 -3
45 302 10546 716 0.5000000 12877 736 3 -3
45 303 10545 718 0.5000000 12877 736 3 -4
45 304 10543 720 0.5000000 12877 736 2 -3
45 305 10542 722 0.5000000 12877 736 2 -4
45 306 10541 724 0.5000000 12877 736 2 -4
45 307 10539 726 0.5000000 12877 736 3 -3
45 308 10538 728 0.5000000 12877 736 1 -4
45 309 10538 730 0.5000000 12877 736 0 -3
45 314 10538 732 0.5000000 12877 736 0 -4
45 315 10539 734 0.5000000 12877 736 -1 -4
45 316 10540 736 0.5000000 12877 736 -1 -3
