17 0 7454 287 0.5000000 6333 -76 0 0
17 1 7455 287 0.5000000 6333 -76 0 0
17 2 7454 287 0.5000000 6333 -76 0 0
17 3 7454 287 0.5000000 6333 -76 1 0
17 4 7453 287 0.5000000 6333 -76 1 0
17 5 7452 288 0.5000000 6333 -76 2 0
17 6 7450 288 0.5000000 6333 -76 2 0
17 7 7449 288 0.5000000 6333 -76 2 0
17 8 7448 288 0.5000000 6333 -76 2 0
17 9 7447 288 0.5000000 6333 -76 1 0
17 10 7446 288 0.5000000 6333 -76 1 0
17 11 7445 288 0.5000000 6333 -76 1 0
17 12 7444 288 0.5000000 6333 -76 1 0
17 13 7444 288 0.5000000 6333 -76 1 0
17 14 7443 288 0.5000000 6333 -76 1 0
17 15 7443 288 0.5000000 6333 -76 0 0
17 16 7442 288 0.5000000 6333 -76 0 0
17 17 7442 288 0.5000000 6333 -76 0 0
17 18 7442 288 0.5000000 6333 -76 0 0
17 19 7442 288 0.5000000 6333 -76 0 0
17 20 7441 288 0.5000000 6333 -76 0 0
17 21 7441 288 0.5000000 6333 -76 0 0
17 22 7441 288 0.5000000 6333 -76 0 0
17 23 7441 288 0.5000000 6333 -76 0 0
17 24 7441 288 0.5000000 6333 -76 0 0
17 25 7440 288 0.5000000 6333 -76 0 0
17 26 7440 288 0.5000000 6333 -76 0 0
17 27 7440 288 0.5000000 6333 -76 0 0
17 28 7440 288 0.5000000 6333 -76 0 0
17 29 7440 288 0.5000000 6333 -76 0 0
17 30 7440 288 0.5000000 6333 -76 0 0
17 31 7440 288 0.5000000 6333 -76 0 0
17 32 7440 288 0.5000000 6333 -76 0 0
17 33 7440 288 0.5000000 6333 -76 0 0
17 34 7440 288 0.5000000 6333 -76 0 0
17 35 7440 288 0.5000000 6333 -76 0 0
17 36 7440 288 0.5000000 6333 -76 0 0
17 37 7440 288 0.5000000 6333 -76 0 0
17 38 7440 287 0.5000000 6333 -76 0 0
17 39 7440 287 0.5000000 6333 -76 0 0
17 40 7440 287 0.5000000 6333 -76 0 0
17 41 7440 287 0.5000000 6333 -76 0 0
17 42 7440 287 0.5000000 6333 -76 0 0
17 43 7440 287 0.5000000 6333 -76 0 0
17 44 7440 287 0.5000000 6333 -76 0 0
17 45 7440 287 0.5000000 6333 -76 0 0
17 46 7440 287 0.5000000 6333 -76 0 0
17 47 7440 287 0.5000000 6333 -76 0 0
17 48 7440 287 0.5000000 6333 -76 0 0
17 49 7440 287 0.5000000 6333 -76 0 0
17 50 7440 287 0.5000000 6333 -76 0 0
17 51 7440 287 0.5000000 6333 -76 0 0
17 52 7439 286 0.5000000 6333 -76 0 0
17 53 7439 286 0.5000000 6333 -76 0 0
17 54 7439 286 0.5000000 6333 -76 0 0
17 55 7439 286 0.5000000 6333 -76 0 0
17 56 7439 285 0.5000000 6333 -76 0 0
17 57 7439 285 0.5000000 6333 -76 0 0
17 58 7439 285 0.5000000 6333 -76 0 0
17 59 7439 285 0.5000000 6333 -76 0 0
17 60 7439 285 0.5000000 6333 -76 0 0
17 61 7439 285 0.5000000 6333 -76 0 0
17 62 7439 285 0.5000000 6333 -76 0 0
17 63 7438 285 0.5000000 6333 -76 0 0
17 64 7438 285 0.5000000 6333 -76 0 0
17 65 7438 284 0.5000000 6333 -76 0 0
17 66 7438 284 0.5000000 6333 -76 0 0
17 67 7438 284 0.5000000 6333 -76 0 0
17 68 7438 284 0.5000000 6333 -76 0 0
17 69 7438 284 0.5000000 6333 -76 0 0
17 70 7438 284 0.5000000 6333 -76 0 0
17 71 7438 283 0.5000000 6333 -76 0 0
17 72 7438 283 0.5000000 6333 -76 0 0
17 73 7438 283 0.5000000 6333 -76 0 0
17 74 7438 283 0.5000000 6333 -76 0 0
17 75 7438 283 0.5000000 6333 -76 0 0
17 76 7438 283 0.5000000 6333 -76 0 0
17 77 7438 283 0.5000000 6333 -76 0 0
17 78 7438 283 0.5000000 6333 -76 0 0
17 79 7438 283 0.5000000 6333 -76 0 0
17 80 7438 283 0.5000000 6333 -76 0 0
17 81 7439 283 0.5000000 6333 -76 0 0
17 82 7439 283 0.5000000 6333 -76 0 0
