7 0 4907 165 0.5000000 4771 -386 0 0
7 1 4907 165 0.5000000 4771 -386 0 0
7 2 4907 165 0.5000000 4771 -386 0 0
7 3 4907 164 0.5000000 4771 -386 0 0
7 4 4907 164 0.5000000 4771 -386 0 0
7 5 4907 164 0.5000000 4771 -386 0 0
7 6 4908 164 0.5000000 4771 -386 0 0
7 7 4908 164 0.5000000 4771 -386 0 0
7 8 4908 163 0.5000000 4771 -386 0 0
7 9 4908 163 0.5000000 4771 -386 0 0
7 10 4908 163 0.5000000 4771 -386 0 0
7 11 4908 163 0.5000000 4771 -386 0 0
7 12 4907 163 0.5000000 4771 -386 0 0
7 13 4907 163 0.5000000 4771 -386 0 0
7 14 4907 163 0.5000000 4771 -386 0 0
7 15 4907 163 0.5000000 4771 -386 0 0
7 16 4907 163 0.5000000 4771 -386 0 0
7 17 4907 163 0.5000000 4771 -386 0 0
7 18 4907 163 0.5000000 4771 -386 0 0
7 19 4907 163 0.5000000 4771 -386 0 0
7 20 4907 164 0.5000000 4771 -386 0 -1
7 21 4907 164 0.5000000 4771 -386 0 -1
7 22 4906 165 0.5000000 4771 -386 0 -1
7 23 4907 166 0.5000000 4771 -386 0 -1
7 24 4907 166 0.5000000 4771 -386 0 -1
7 25 4907 167 0.5000000 4771 -386 0 0
7 26 4908 167 0.5000000 4771 -386 -1 0
7 27 4909 167 0.5000000 4771 -386 -1 0
7 28 4909 167 0.5000000 4771 -386 -1 0
7 29 4910 167 0.5000000 4771 -386 0 0
7 30 4910 167 0.5000000 4771 -386 -1 0
7 31 4911 167 0.5000000 4771 -386 -1 0
7 32 4911 167 0.5000000 4771 -386 -1 0
7 33 4912 166 0.5000000 4771 -386 -1 0
7 34 4913 166 0.5000000 4771 -386 -1 1
7 35 4913 165 0.5000000 4771 -386 0 2
7 36 4914 164 0.5000000 4771 -386 0 2
7 37 4914 163 0.5000000 4771 -386 0 1
7 38 4914 162 0.5000000 4771 -386 0 1
7 39 4914 161 0.5000000 4771 -386 0 1
7 40 4914 161 0.5000000 4771 -386 0 0
7 41 4915 160 0.5000000 4771 -386 0 0
7 42 4915 160 0.5000000 4771 -386 0 0
7 43 4915 160 0.5000000 4771 -386 0 0
7 44 4915 160 0.5000000 4771 -386 0 0
7 45 4915 160 0.5000000 4771 -386 0 0
7 46 4915 160 0.5000000 4771 -386 0 0
7 47 4915 160 0.5000000 4771 -386 0 0
7 48 4915 161 0.5000000 4771 -386 0 -1
7 49 4915 162 0.5000000 4771 -386 0 -1
7 50 4914 162 0.5000000 4771 -386 0 -1
7 51 4914 163 0.5000000 4771 -386 0 -1
7 52 4914 164 0.5000000 4771 -386 0 -1
7 53 4913 165 0.5000000 4771 -386 0 -1
7 54 4913 165 0.5000000 4771 -386 0 0
7 55 4913 165 0.5000000 4771 -386 0 0
7 56 4912 165 0.5000000 4771 -386 1 0
7 57 4911 165 0.5000000 4771 -386 1 0
7 58 4911 165 0.5000000 4771 -386 1 0
7 59 4910 165 0.5000000 4771 -386 1 0
7 60 4910 165 0.5000000 4771 -386 1 0
7 61 4909 165 0.5000000 4771 -386 1 0
7 62 4909 165 0.5000000 4771 -386 1 0
7 63 4908 165 0.5000000 4771 -386 0 0
7 64 4908 165 0.5000000 4771 -386 0 0
7 65 4907 165 0.5000000 4771 -386 0 0
7 66 4907 164 0.5000000 4771 -386 0 0
7 67 4907 164 0.5000000 4771 -386 0 0
7 68 4907 164 0.5000000 4771 -386 0 0
7 69 4907 164 0.5000000 4771 -386 0 0
7 70 4906 164 0.5000000 4771 -386 0 0
7 71 4906 164 0.5000000 4771 -386 0 0
7 72 4906 164 0.5000000 4771 -386 0 0
7 73 4906 165 0.5000000 4771 -386 0 -1
7 74 4906 165 0.5000000 4771 -386 0 -1
7 75 4905 166 0.5000000 4771 -386 0 -1
7 76 4905 167 0.5000000 4771 -386 0 -1
7 77 4905 168 0.5000000 4771 -386 0 -1
7 78 4905 169 0.5000000 4771 -386 0 -1
7 79 4904 170 0.5000000 4771 -386 0 -1
7 80 4904 171 0.5000000 4771 -386 0 -1
7 81 4904 171 0.5000000 4771 -386 0 -1
7 82 4904 172 0.5000000 4771 -386 0 -1
7 83 4903 173 0.5000000 4771 -386 0 -2
7 84 4903 174 0.5000000 4771 -386 0 -2
7 85 4902 175 0.5000000 4771 -386 0 -1
7 86 4902 176 0.5000000 4771 -386 1 -2
7 87 4901 177 0.5000000 4771 -386 1 -2
7 88 4901 178 0.5000000 4771 -386 0 -2
7 89 4900 179 0.5000000 4771 -386 0 -1
7 90 4900 180 0.5000000 4771 -386 0 -1
7 91 4900 181 0.5000000 4771 -386 0 -1
7 92 4901 182 0.5000000 4771 -386 0 -1
7 93 4901 183 0.5000000 4771 -386 0 -1
7 94 4901 184 0.5000000 4771 -386 0 -1
7 95 4902 185 0.5000000 4771 -386 0 -2
7 96 4902 186 0.5000000 4771 -386 0 -2
7 97 4902 188 0.5000000 4771 -386 0 -2
7 98 4903 189 0.5000000 4771 -386 0 -2
7 99 4903 190 0.5000000 4771 -386 0 -2
7 100 4903 192 0.5000000 4771 -386 0 -3
7 101 4904 194 0.5000000 4771 -386 0 -3
7 102 4904 196 0.5000000 4771 -386 0 -3
7 103 4904 198 0.5000000 4771 -386 0 -3
7 104 4905 200 0.5000000 4771 -386 0 -3
7 105 4905 202 0.5000000 4771 -386 0 -4
7 106 4906 204 0.5000000 4771 -386 -1 -4
7 107 4906 206 0.5000000 4771 -386 -1 -3
7 108 4907 207 0.5000000 4771 -386 -1 -3
7 109 4908 210 0.5000000 4771 -386 -1 -4
7 110 4909 212 0.5000000 4771 -386 -1 -4
7 111 4909 214 0.5000000 4771 -386 -1 -4
7 112 4910 216 0.5000000 4771 -386 0 -3
7 113 4910 217 0.5000000 4771 -386 0 -3
7 114 4910 219 0.5000000 4771 -386 0 -3
7 115 4910 221 0.5000000 4771 -386 0 -3
7 116 4911 222 0.5000000 4771 -386 0 -2
7 117 4911 223 0.5000000 4771 -386 0 -2
7 118 4912 224 0.5000000 4771 -386 -1 -2
7 119 4912 225 0.5000000 4771 -386 -1 -1
7 120 4913 226 0.5000000 4771 -386 -1 -1
7 121 4914 226 0.5000000 4771 -386 -1 -1
7 122 4915 227 0.5000000 4771 -386 -1 -1
7 123 4915 228 0.5000000 4771 -386 -1 -1
7 124 4916 228 0.5000000 4771 -386 -1 -1
7 125 4917 229 0.5000000 4771 -386 -1 -1
7 126 4917 230 0.5000000 4771 -386 -1 -1
7 127 4918 230 0.5000000 4771 -386 -1 -1
7 128 4918 231 0.5000000 4771 -386 -1 -1
7 129 4919 232 0.5000000 4771 -386 -1 -1
7 130 4920 233 0.5000000 4771 -386 -1 -1
7 131 4920 233 0.5000000 4771 -386 -1 -1
7 132 4921 234 0.5000000 4771 -386 -1 -1
7 133 4921 235 0.5000000 4771 -386 0 -1
7 134 4922 235 0.5000000 4771 -386 -1 -1
7 135 4922 236 0.5000000 4771 -386 0 -1
7 136 4923 237 0.5000000 4771 -386 0 -1
7 137 4923 237 0.5000000 4771 -386 0 -1
7 138 4923 238 0.5000000 4771 -386 0 -1
7 139 4923 239 0.5000000 4771 -386 0 -1
7 140 4924 239 0.5000000 4771 -386 0 -1
7 141 4924 240 0.5000000 4771 -386 0 -1
7 142 4924 241 0.5000000 4771 -386 0 -1
7 143 4925 242 0.5000000 4771 -386 -1 -1
7 144 4925 242 0.5000000 4771 -386 0 -1
7 145 4926 243 0.5000000 4771 -386 0 -1
7 146 4926 244 0.5000000 4771 -386 -1 -1
