23 0 14509 644 0.5000000 13387 397 0 0
23 1 14509 645 0.5000000 13387 397 0 0
23 2 14509 645 0.5000000 13387 397 0 0
23 3 14510 645 0.5000000 13387 397 0 0
23 4 14510 646 0.5000000 13387 397 -1 0
23 5 14511 646 0.5000000 13387 397 -1 0
23 6 14512 647 0.5000000 13387 397 -1 0
23 7 14512 647 0.5000000 13387 397 -1 -1
23 8 14513 648 0.5000000 13387 397 -1 -1
23 9 14514 648 0.5000000 13387 397 -1 -1
23 10 14515 649 0.5000000 13387 397 -1 -1
23 11 14515 649 0.5000000 13387 397 0 0
23 12 14515 650 0.5000000 13387 397 0 0
23 13 14516 650 0.5000000 13387 397 0 0
23 14 14516 650 0.5000000 13387 397 0 0
23 15 14516 650 0.5000000 13387 397 0 0
23 16 14517 650 0.5000000 13387 397 -1 0
23 17 14518 651 0.5000000 13387 397 -1 0
23 18 14518 651 0.5000000 13387 397 0 0
23 19 14518 650 0.5000000 13387 397 0 0
23 20 14519 650 0.5000000 13387 397 0 0
23 21 14519 650 0.5000000 13387 397 0 0
23 22 14519 649 0.5000000 13387 397 0 1
23 23 14519 649 0.5000000 13387 397 0 1
23 24 14519 648 0.5000000 13387 397 0 0
23 25 14520 648 0.5000000 13387 397 0 0
23 26 14520 648 0.5000000 13387 397 0 0
23 27 14520 648 0.5000000 13387 397 0 0
23 28 14521 647 0.5000000 13387 397 0 0
23 29 14521 647 0.5000000 13387 397 0 0
23 30 14522 647 0.5000000 13387 397 0 0
23 31 14522 647 0.5000000 13387 397 0 0
23 32 14522 647 0.5000000 13387 397 0 0
23 33 14523 647 0.5000000 13387 397 0 0
23 34 14523 647 0.5000000 13387 397 0 0
23 35 14523 647 0.5000000 13387 397 0 0
23 36 14523 647 0.5000000 13387 397 0 0
23 37 14523 646 0.5000000 13387 397 0 0
23 38 14523 646 0.5000000 13387 397 0 0
23 39 14524 646 0.5000000 13387 397 0 0
23 40 14524 646 0.5000000 13387 397 0 0
23 41 14524 646 0.5000000 13387 397 0 0
23 42 14524 646 0.5000000 13387 397 0 0
23 43 14525 646 0.5000000 13387 397 0 0
23 44 14525 646 0.5000000 13387 397 0 0
23 45 14525 645 0.5000000 13387 397 0 0
23 46 14526 645 0.5000000 13387 397 0 0
23 47 14526 645 0.5000000 13387 397 0 0
23 48 14527 644 0.5000000 13387 397 0 0
23 49 14527 644 0.5000000 13387 397 -1 0
23 50 14528 644 0.5000000 13387 397 -1 0
23 51 14529 644 0.5000000 13387 397 -1 0
23 52 14530 644 0.5000000 13387 397 -1 0
23 53 14531 644 0.5000000 13387 397 -1 0
23 54 14532 644 0.5000000 13387 397 -2 0
23 55 14533 643 0.5000000 13387 397 -2 0
23 56 14534 643 0.5000000 13387 397 -2 0
23 57 14535 643 0.5000000 13387 397 -2 0
23 58 14537 643 0.5000000 13387 397 -2 0
23 59 14538 643 0.5000000 13387 397 -2 0
23 60 14539 643 0.5000000 13387 397 -2 0
23 61 14540 642 0.5000000 13387 397 -1 0
23 62 14541 642 0.5000000 13387 397 -1 0
23 63 14542 641 0.5000000 13387 397 -1 0
23 64 14542 641 0.5000000 13387 397 -1 0
23 65 14543 641 0.5000000 13387 397 -1 0
23 66 14544 640 0.5000000 13387 397 -1 0
23 67 14544 640 0.5000000 13387 397 -1 0
23 68 14545 640 0.5000000 13387 397 -1 0
23 69 14546 640 0.5000000 13387 397 -1 0
23 70 14547 640 0.5000000 13387 397 -1 0
23 71 14547 640 0.5000000 13387 397 -1 0
23 72 14548 640 0.5000000 13387 397 -1 0
23 73 14549 641 0.5000000 13387 397 -1 0
23 74 14550 641 0.5000000 13387 397 -1 0
23 75 14551 641 0.5000000 13387 397 -1 0
23 76 14552 641 0.5000000 13387 397 -1 0
23 77 14553 642 0.5000000 13387 397 -1 0
23 78 14553 642 0.5000000 13387 397 -1 0
23 79 14554 642 0.5000000 13387 397 -2 0
23 80 14556 642 0.5000000 13387 397 -2 0
23 81 14557 643 0.5000000 13387 397 -2 0
23 82 14558 643 0.5000000 13387 397 -2 0
23 83 14559 643 0.5000000 13387 397 -2 0
23 84 14560 644 0.5000000 13387 397 -2 0
23 85 14561 644 0.5000000 13387 397 -2 0
23 86 14562 644 0.5000000 13387 397 -2 0
23 87 14564 645 0.5000000 13387 397 -2 0
23 88 14565 645 0.5000000 13387 397 -2 0
23 89 14566 645 0.5000000 13387 397 -2 0
23 90 14567 646 0.5000000 13387 397 -2 0
23 91 14568 646 0.5000000 13387 397 -2 0
23 92 14570 646 0.5000000 13387 397 -2 0
23 93 14571 646 0.5000000 13387 397 -2 0
23 94 14572 646 0.5000000 13387 397 -1 0
23 95 14572 646 0.5000000 13387 397 -1 0
23 96 14573 646 0.5000000 13387 397 -1 0
23 97 14574 646 0.5000000 13387 397 0 0
23 98 14574 647 0.5000000 13387 397 0 0
23 99 14574 647 0.5000000 13387 397 0 0
23 100 14574 647 0.5000000 13387 397 0 0
23 101 14574 647 0.5000000 13387 397 0 0
23 102 14574 647 0.5000000 13387 397 0 0
23 103 14574 647 0.5000000 13387 397 0 0
23 104 14574 648 0.5000000 13387 397 0 0
23 105 14574 648 0.5000000 13387 397 0 0
23 106 14574 648 0.5000000 13387 397 0 0
23 107 14574 648 0.5000000 13387 397 0 0
23 108 14574 649 0.5000000 13387 397 0 0
23 109 14575 649 0.5000000 13387 397 0 0
23 110 14575 649 0.5000000 13387 397 0 0
23 111 14576 650 0.5000000 13387 397 -1 0
23 112 14576 650 0.5000000 13387 397 -1 0
23 113 14577 650 0.5000000 13387 397 -1 0
23 114 14578 651 0.5000000 13387 397 -1 0
23 115 14579 651 0.5000000 13387 397 -1 0
23 116 14579 652 0.5000000 13387 397 -1 0
23 117 14580 652 0.5000000 13387 397 -1 0
23 118 14580 652 0.5000000 13387 397 0 0
23 119 14581 653 0.5000000 13387 397 0 0
23 120 14581 653 0.5000000 13387 397 0 0
23 121 14581 653 0.5000000 13387 397 0 0
23 122 14581 654 0.5000000 13387 397 0 0
23 123 14581 654 0.5000000 13387 397 0 -1
23 124 14581 655 0.5000000 13387 397 0 -1
23 125 14581 655 0.5000000 13387 397 0 0
23 126 14581 656 0.5000000 13387 397 0 -1
23 127 14582 657 0.5000000 13387 397 0 0
23 128 14582 657 0.5000000 13387 397 0 0
23 129 14582 657 0.5000000 13387 397 0 0
23 130 14583 658 0.5000000 13387 397 0 0
23 131 14583 658 0.5000000 13387 397 0 0
23 132 14583 658 0.5000000 13387 397 0 0
23 133 14584 658 0.5000000 13387 397 0 0
23 134 14584 659 0.5000000 13387 397 0 0
23 135 14584 659 0.5000000 13387 397 0 0
23 136 14584 659 0.5000000 13387 397 0 0
23 137 14585 659 0.5000000 13387 397 0 0
23 138 14585 660 0.5000000 13387 397 0 0
23 139 14585 660 0.5000000 13387 397 0 0
23 140 14585 660 0.5000000 13387 397 0 0
23 141 14586 660 0.5000000 13387 397 0 0
23 142 14586 661 0.5000000 13387 397 0 0
23 143 14586 661 0.5000000 13387 397 0 0
23 144 14585 661 0.5000000 13387 397 0 0
23 145 14585 662 0.5000000 13387 397 0 0
23 146 14585 662 0.5000000 13387 397 0 0
23 147 14585 662 0.5000000 13387 397 0 0
23 148 14585 662 0.5000000 13387 397 0 0
23 149 14585 662 0.5000000 13387 397 0 0
23 150 14584 662 0.5000000 13387 397 0 0
23 151 14584 662 0.5000000 13387 397 0 0
23 152 14584 663 0.5000000 13387 397 0 0
23 153 14584 663 0.5000000 13387 397 0 0
23 154 14585 663 0.5000000 13387 397 0 0
23 155 14585 664 0.5000000 13387 397 0 0
23 156 14584 664 0.5000000 13387 397 0 0
23 157 14584 664 0.5000000 13387 397 0 0
23 158 14584 665 0.5000000 13387 397 0 0
23 159 14584 665 0.5000000 13387 397 0 0
23 160 14584 665 0.5000000 13387 397 0 0
23 161 14584 665 0.5000000 13387 397 0 0
23 162 14583 666 0.5000000 13387 397 0 0
23 163 14583 666 0.5000000 13387 397 0 0
23 164 14582 666 0.5000000 13387 397 1 0
23 165 14582 667 0.5000000 13387 397 1 0
23 166 14581 667 0.5000000 13387 397 1 0
23 167 14580 667 0.5000000 13387 397 1 0
23 168 14580 668 0.5000000 13387 397 0 0
23 169 14579 668 0.5000000 13387 397 0 0
23 170 14579 669 0.5000000 13387 397 0 0
23 171 14579 669 0.5000000 13387 397 0 0
23 172 14579 669 0.5000000 13387 397 0 0
23 173 14580 670 0.5000000 13387 397 0 0
23 174 14580 670 0.5000000 13387 397 0 -1
23 175 14580 671 0.5000000 13387 397 0 0
23 176 14580 671 0.5000000 13387 397 0 -1
23 177 14579 672 0.5000000 13387 397 0 -1
23 178 14579 672 0.5000000 13387 397 0 0
23 179 14579 673 0.5000000 13387 397 0 0
23 180 14578 673 0.5000000 13387 397 1 0
23 181 14578 674 0.5000000 13387 397 1 0
23 182 14577 674 0.5000000 13387 397 0 0
23 183 14577 674 0.5000000 13387 397 0 0
23 184 14577 675 0.5000000 13387 397 0 0
23 185 14577 675 0.5000000 13387 397 0 0
23 186 14576 675 0.5000000 13387 397 0 0
23 187 14576 676 0.5000000 13387 397 0 0
23 188 14576 676 0.5000000 13387 397 0 0
23 189 14576 676 0.5000000 13387 397 0 0
23 190 14576 676 0.5000000 13387 397 0 0
23 191 14576 675 0.5000000 13387 397 0 0
23 192 14576 675 0.5000000 13387 397 0 0
23 193 14576 675 0.5000000 13387 397 0 0
23 194 14576 675 0.5000000 13387 397 0 0
23 195 14576 675 0.5000000 13387 397 0 0
23 196 14575 675 0.5000000 13387 397 0 0
23 197 14575 675 0.5000000 13387 397 0 0
23 198 14575 675 0.5000000 13387 397 0 0
23 199 14575 675 0.5000000 13387 397 0 0
23 200 14575 675 0.5000000 13387 397 0 0
23 201 14574 674 0.5000000 13387 397 0 0
23 204 14574 674 0.5000000 13387 397 0 0
23 205 14574 674 0.5000000 13387 397 0 1
23 206 14574 673 0.5000000 13387 397 0 0
23 207 14574 673 0.5000000 13387 397 0 1
23 208 14574 672 0.5000000 13387 397 0 1
23 209 14574 671 0.5000000 13387 397 0 1
23 210 14574 670 0.5000000 13387 397 0 1
23 211 14574 669 0.5000000 13387 397 0 2
23 212 14574 668 0.5000000 13387 397 0 1
23 213 14574 668 0.5000000 13387 397 0 1
23 214 14573 667 0.5000000 13387 397 0 1
23 216 14572 667 0.5000000 13387 397 2 0
