43 0 7856 760 0.5000000 10210 389 0 0
43 1 7856 759 0.5000000 10210 389 0 0
43 2 7856 759 0.5000000 10210 389 0 0
43 3 7856 759 0.5000000 10210 389 0 0
43 4 7856 758 0.5000000 10210 389 0 0
43 5 7856 758 0.5000000 10210 389 0 0
43 6 7856 758 0.5000000 10210 389 0 0
43 7 7856 757 0.5000000 10210 389 0 0
43 8 7855 758 0.5000000 10210 389 0 0
43 9 7855 758 0.5000000 10210 389 0 0
43 10 7855 758 0.5000000 10210 389 0 0
43 11 7855 759 0.5000000 10210 389 0 -1
43 12 7855 759 0.5000000 10210 389 0 -1
43 13 7855 760 0.5000000 10210 389 0 -1
43 14 7855 761 0.5000000 10210 389 0 -1
43 15 7855 762 0.5000000 10210 389 0 -1
43 16 7855 763 0.5000000 10210 389 0 -1
43 17 7855 763 0.5000000 10210 389 0 -1
43 18 7855 764 0.5000000 10210 389 0 -1
43 19 7855 765 0.5000000 10210 389 0 -1
43 20 7855 765 0.5000000 10210 389 0 -1
43 21 7855 766 0.5000000 10210 389 0 0
43 22 7855 766 0.5000000 10210 389 0 0
43 23 7854 767 0.5000000 10210 389 0 -1
43 24 7854 767 0.5000000 10210 389 0 -1
43 25 7854 768 0.5000000 10210 389 0 -1
43 26 7854 768 0.5000000 10210 389 0 -1
43 27 7853 769 0.5000000 10210 389 0 -1
43 28 7853 770 0.5000000 10210 389 0 -1
43 29 7852 770 0.5000000 10210 389 0 -1
43 30 7852 771 0.5000000 10210 389 0 -1
43 31 7851 772 0.5000000 10210 389 1 -1
43 32 7851 773 0.5000000 10210 389 1 -1
43 33 7850 773 0.5000000 10210 389 1 -1
43 34 7850 773 0.5000000 10210 389 1 0
43 35 7849 774 0.5000000 10210 389 1 0
43 36 7848 774 0.5000000 10210 389 1 0
43 37 7848 774 0.5000000 10210 389 0 0
43 38 7848 775 0.5000000 10210 389 0 0
43 39 7848 775 0.5000000 10210 389 0 0
43 40 7848 775 0.5000000 10210 389 0 0
43 41 7848 776 0.5000000 10210 389 0 0
43 42 7848 776 0.5000000 10210 389 0 0
43 43 7848 777 0.5000000 10210 389 0 0
43 44 7848 777 0.5000000 10210 389 0 0
43 45 7848 778 0.5000000 10210 389 0 -1
43 46 7848 779 0.5000000 10210 389 0 -1
43 47 7848 779 0.5000000 10210 389 0 0
43 48 7847 779 0.5000000 10210 389 0 0
43 49 7847 780 0.5000000 10210 389 0 0
43 50 7847 780 0.5000000 10210 389 0 0
43 51 7847 780 0.5000000 10210 389 0 0
43 52 7847 781 0.5000000 10210 389 0 0
43 53 7847 781 0.5000000 10210 389 0 0
43 54 7847 781 0.5000000 10210 389 0 0
43 55 7847 781 0.5000000 10210 389 0 0
43 56 7847 781 0.5000000 10210 389 0 0
43 57 7847 781 0.5000000 10210 389 0 0
43 58 7847 782 0.5000000 10210 389 0 0
43 59 7847 782 0.5000000 10210 389 0 0
43 60 7847 782 0.5000000 10210 389 0 0
43 61 7847 782 0.5000000 10210 389 0 0
43 62 7848 783 0.5000000 10210 389 0 0
43 63 7848 783 0.5000000 10210 389 0 0
43 64 7848 783 0.5000000 10210 389 0 0
43 65 7849 783 0.5000000 10210 389 0 0
43 66 7849 783 0.5000000 10210 389 0 0
43 67 7849 784 0.5000000 10210 389 0 0
43 68 7849 784 0.5000000 10210 389 0 0
43 69 7849 784 0.5000000 10210 389 0 0
43 70 7849 784 0.5000000 10210 389 0 0
43 71 7849 784 0.5000000 10210 389 0 0
43 72 7849 784 0.5000000 10210 389 0 0
43 73 7850 784 0.5000000 10210 389 0 0
43 74 7850 784 0.5000000 10210 389 0 0
43 75 7850 784 0.5000000 10210 389 0 0
43 76 7850 784 0.5000000 10210 389 0 0
43 77 7850 784 0.5000000 10210 389 0 0
43 78 7851 784 0.5000000 10210 389 0 0
43 79 7851 784 0.5000000 10210 389 0 0
43 80 7851 783 0.5000000 10210 389 0 0
43 81 7851 783 0.5000000 10210 389 0 0
