10 0 6963 459 0.5000000 5799 -32 0 0
10 1 6963 459 0.5000000 5799 -32 0 0
10 2 6963 459 0.5000000 5799 -32 0 0
10 3 6963 459 0.5000000 5799 -32 0 0
10 4 6963 459 0.5000000 5799 -32 0 0
10 5 6963 459 0.5000000 5799 -32 0 0
10 6 6963 459 0.5000000 5799 -32 0 0
10 7 6963 458 0.5000000 5799 -32 0 0
10 8 6963 458 0.5000000 5799 -32 0 0
10 9 6963 458 0.5000000 5799 -32 0 0
10 10 6963 458 0.5000000 5799 -32 0 0
10 11 6963 458 0.5000000 5799 -32 0 0
10 12 6963 458 0.5000000 5799 -32 0 0
10 13 6963 459 0.5000000 5799 -32 0 0
10 14 6963 459 0.5000000 5799 -32 0 0
10 15 6963 459 0.5000000 5799 -32 0 0
10 16 6963 459 0.5000000 5799 -32 0 0
10 17 6963 459 0.5000000 5799 -32 0 0
10 18 6963 459 0.5000000 5799 -32 0 0
10 19 6963 459 0.5000000 5799 -32 0 0
10 20 6963 459 0.5000000 5799 -32 0 0
10 21 6963 460 0.5000000 5799 -32 0 0
10 22 6963 460 0.5000000 5799 -32 0 0
10 23 6963 460 0.5000000 5799 -32 0 0
10 24 6963 460 0.5000000 5799 -32 0 0
10 25 6963 460 0.5000000 5799 -32 0 0
10 26 6963 460 0.5000000 5799 -32 0 0
10 27 6963 460 0.5000000 5799 -32 0 0
10 28 6963 460 0.5000000 5799 -32 0 0
10 29 6963 460 0.5000000 5799 -32 0 0
10 30 6963 460 0.5000000 5799 -32 0 0
10 31 6963 460 0.5000000 5799 -32 0 0
10 32 6963 460 0.5000000 5799 -32 0 0
10 33 6963 460 0.5000000 5799 -32 0 0
10 34 6963 460 0.5000000 5799 -32 0 0
10 35 6964 460 0.5000000 5799 -32 0 0
10 36 6964 460 0.5000000 5799 -32 0 0
10 37 6964 460 0.5000000 5799 -32 0 0
10 38 6964 460 0.5000000 5799 -32 0 0
10 39 6964 460 0.5000000 5799 -32 0 0
10 40 6964 460 0.5000000 5799 -32 0 0
10 41 6964 460 0.5000000 5799 -32 0 0
10 42 6964 460 0.5000000 5799 -32 0 0
10 43 6964 460 0.5000000 5799 -32 0 0
10 44 6964 460 0.5000000 5799 -32 0 0
10 45 6964 460 0.5000000 5799 -32 0 0
10 46 6964 460 0.5000000 5799 -32 0 0
10 47 6964 460 0.5000000 5799 -32 0 0
10 48 6964 460 0.5000000 5799 -32 0 0
10 49 6964 460 0.5000000 5799 -32 0 0
10 50 6964 460 0.5000000 5799 -32 0 0
10 51 6963 460 0.5000000 5799 -32 0 0
10 52 6963 460 0.5000000 5799 -32 0 0
10 53 6963 459 0.5000000 5799 -32 0 0
10 54 6963 460 0.5000000 5799 -32 0 0
10 55 6963 460 0.5000000 5799 -32 0 0
10 56 6963 460 0.5000000 5799 -32 0 0
10 57 6963 460 0.5000000 5799 -32 0 0
10 58 6963 460 0.5000000 5799 -32 0 0
10 59 6963 460 0.5000000 5799 -32 0 0
10 60 6963 460 0.5000000 5799 -32 0 0
10 61 6963 460 0.5000000 5799 -32 0 0
10 62 6963 460 0.5000000 5799 -32 0 0
10 63 6963 460 0.5000000 5799 -32 0 0
10 64 6963 460 0.5000000 5799 -32 0 0
10 65 6963 460 0.5000000 5799 -32 0 0
10 66 6963 460 0.5000000 5799 -32 0 0
10 67 6963 460 0.5000000 5799 -32 0 0
10 68 6963 460 0.5000000 5799 -32 0 0
10 69 6963 460 0.5000000 5799 -32 0 0
10 70 6963 460 0.5000000 5799 -32 0 0
10 71 6963 460 0.5000000 5799 -32 0 0
10 72 6963 460 0.5000000 5799 -32 0 0
10 73 6963 459 0.5000000 5799 -32 0 0
10 74 6963 459 0.5000000 5799 -32 0 0
10 75 6963 459 0.5000000 5799 -32 0 0
10 76 6963 459 0.5000000 5799 -32 0 0
10 77 6963 459 0.5000000 5799 -32 0 0
10 78 6963 459 0.5000000 5799 -32 0 0
10 79 6963 459 0.5000000 5799 -32 0 0
10 80 6963 459 0.5000000 5799 -32 0 0
10 81 6963 459 0.5000000 5799 -32 0 0
10 82 6963 459 0.5000000 5799 -32 0 0
10 83 6963 459 0.5000000 5799 -32 0 0
10 84 6963 459 0.5000000 5799 -32 0 0
10 85 6963 459 0.5000000 5799 -32 0 0
10 86 6963 459 0.5000000 5799 -32 0 0
10 87 6963 459 0.5000000 5799 -32 0 0
10 88 6963 459 0.5000000 5799 -32 0 0
10 89 6963 459 0.5000000 5799 -32 0 0
10 90 6962 459 0.5000000 5799 -32 0 0
10 91 6962 459 0.5000000 5799 -32 0 0
10 92 6962 459 0.5000000 5799 -32 0 0
10 93 6963 460 0.5000000 5799 -32 0 0
10 94 6963 460 0.5000000 5799 -32 0 0
10 95 6963 460 0.5000000 5799 -32 0 0
10 96 6963 459 0.5000000 5799 -32 0 0
10 97 6963 459 0.5000000 5799 -32 0 0
10 98 6963 459 0.5000000 5799 -32 0 0
10 99 6963 459 0.5000000 5799 -32 0 0
10 100 6962 459 0.5000000 5799 -32 0 0
10 101 6962 459 0.5000000 5799 -32 0 0
10 102 6962 459 0.5000000 5799 -32 0 0
10 103 6962 459 0.5000000 5799 -32 0 0
10 104 6963 459 0.5000000 5799 -32 0 0
10 105 6963 459 0.5000000 5799 -32 0 0
10 106 6963 459 0.5000000 5799 -32 0 0
10 107 6963 459 0.5000000 5799 -32 0 0
10 108 6963 459 0.5000000 5799 -32 0 0
10 109 6963 458 0.5000000 5799 -32 0 0
10 110 6963 458 0.5000000 5799 -32 0 0
10 111 6963 458 0.5000000 5799 -32 0 0
10 112 6963 458 0.5000000 5799 -32 0 0
10 113 6963 458 0.5000000 5799 -32 0 0
10 114 6963 458 0.5000000 5799 -32 0 0
10 115 6962 458 0.5000000 5799 -32 0 0
10 116 6962 459 0.5000000 5799 -32 0 0
10 117 6962 459 0.5000000 5799 -32 0 0
10 118 6962 459 0.5000000 5799 -32 0 0
10 119 6962 459 0.5000000 5799 -32 0 0
10 120 6962 459 0.5000000 5799 -32 0 0
10 121 6962 459 0.5000000 5799 -32 0 0
10 122 6962 459 0.5000000 5799 -32 0 0
10 123 6962 459 0.5000000 5799 -32 0 0
10 124 6962 459 0.5000000 5799 -32 0 0
10 125 6962 459 0.5000000 5799 -32 0 0
10 126 6962 459 0.5000000 5799 -32 0 0
10 127 6962 459 0.5000000 5799 -32 0 0
10 128 6962 459 0.5000000 5799 -32 0 0
10 129 6962 459 0.5000000 5799 -32 0 0
10 130 6962 459 0.5000000 5799 -32 0 0
10 131 6962 459 0.5000000 5799 -32 0 0
10 132 6962 459 0.5000000 5799 -32 0 0
10 133 6962 459 0.5000000 5799 -32 0 0
10 134 6962 459 0.5000000 5799 -32 0 0
10 135 6962 459 0.5000000 5799 -32 0 0
10 136 6962 459 0.5000000 5799 -32 0 0
10 137 6962 459 0.5000000 5799 -32 0 0
10 138 6962 458 0.5000000 5799 -32 0 0
10 139 6962 458 0.5000000 5799 -32 0 0
10 140 6962 458 0.5000000 5799 -32 0 0
10 141 6962 458 0.5000000 5799 -32 0 0
10 142 6962 458 0.5000000 5799 -32 0 0
10 143 6962 458 0.5000000 5799 -32 0 0
10 144 6962 457 0.5000000 5799 -32 0 0
10 145 6962 457 0.5000000 5799 -32 0 0
10 146 6962 457 0.5000000 5799 -32 0 0
10 147 6962 457 0.5000000 5799 -32 0 0
10 148 6962 457 0.5000000 5799 -32 0 0
