12 0 8611 -413 0.5000000 7423 -1175 0 0
12 1 8611 -413 0.5000000 7423 -1175 0 0
12 2 8611 -413 0.5000000 7423 -1175 0 0
12 3 8611 -413 0.5000000 7423 -1175 0 0
12 4 8611 -413 0.5000000 7423 -1175 0 0
12 5 8612 -412 0.5000000 7423 -1175 0 0
12 6 8612 -412 0.5000000 7423 -1175 0 0
12 7 8612 -412 0.5000000 7423 -1175 0 0
12 8 8612 -412 0.5000000 7423 -1175 0 0
12 9 8613 -412 0.5000000 7423 -1175 0 0
12 10 8613 -412 0.5000000 7423 -1175 0 0
12 11 8613 -412 0.5000000 7423 -1175 0 0
12 12 8613 -412 0.5000000 7423 -1175 0 0
12 13 8614 -412 0.5000000 7423 -1175 0 0
12 14 8614 -412 0.5000000 7423 -1175 0 0
12 15 8614 -412 0.5000000 7423 -1175 0 0
12 16 8614 -412 0.5000000 7423 -1175 0 0
12 17 8614 -412 0.5000000 7423 -1175 0 0
12 18 8615 -412 0.5000000 7423 -1175 0 0
12 19 8615 -412 0.5000000 7423 -1175 -1 0
12 20 8616 -412 0.5000000 7423 -1175 0 0
12 21 8616 -412 0.5000000 7423 -1175 0 0
12 22 8616 -412 0.5000000 7423 -1175 0 0
12 23 8617 -412 0.5000000 7423 -1175 0 0
12 24 8617 -412 0.5000000 7423 -1175 0 0
12 25 8617 -412 0.5000000 7423 -1175 0 0
12 26 8617 -412 0.5000000 7423 -1175 0 0
12 27 8617 -412 0.5000000 7423 -1175 0 0
12 28 8617 -412 0.5000000 7423 -1175 0 0
12 29 8617 -412 0.5000000 7423 -1175 0 0
12 30 8617 -412 0.5000000 7423 -1175 0 0
12 31 8617 -412 0.5000000 7423 -1175 0 0
12 32 8617 -412 0.5000000 7423 -1175 0 0
12 33 8617 -412 0.5000000 7423 -1175 0 0
12 34 8617 -412 0.5000000 7423 -1175 0 0
12 35 8618 -413 0.5000000 7423 -1175 0 0
12 36 8618 -413 0.5000000 7423 -1175 0 0
12 37 8618 -413 0.5000000 7423 -1175 0 0
12 38 8618 -413 0.5000000 7423 -1175 0 0
12 39 8619 -413 0.5000000 7423 -1175 0 0
12 40 8619 -413 0.5000000 7423 -1175 0 0
12 41 8619 -413 0.5000000 7423 -1175 0 0
12 42 8619 -413 0.5000000 7423 -1175 0 0
12 43 8619 -413 0.5000000 7423 -1175 0 0
12 44 8619 -412 0.5000000 7423 -1175 0 0
12 45 8619 -412 0.5000000 7423 -1175 0 -1
12 46 8619 -411 0.5000000 7423 -1175 0 -1
12 47 8619 -410 0.5000000 7423 -1175 0 -1
12 48 8619 -409 0.5000000 7423 -1175 0 -2
12 49 8620 -408 0.5000000 7423 -1175 0 -2
12 50 8620 -407 0.5000000 7423 -1175 0 -2
12 51 8620 -405 0.5000000 7423 -1175 0 -2
12 52 8620 -404 0.5000000 7423 -1175 0 -3
12 53 8621 -402 0.5000000 7423 -1175 0 -3
12 54 8621 -400 0.5000000 7423 -1175 0 -3
12 55 8621 -398 0.5000000 7423 -1175 0 -4
12 56 8621 -395 0.5000000 7423 -1175 0 -4
12 57 8621 -393 0.5000000 7423 -1175 0 -5
12 58 8621 -390 0.5000000 7423 -1175 0 -5
12 59 8621 -387 0.5000000 7423 -1175 0 -6
12 60 8621 -383 0.5000000 7423 -1175 0 -6
12 61 8622 -380 0.5000000 7423 -1175 0 -7
12 62 8622 -376 0.5000000 7423 -1175 0 -7
12 63 8622 -372 0.5000000 7423 -1175 0 -7
12 64 8622 -368 0.5000000 7423 -1175 0 -7
12 65 8622 -364 0.5000000 7423 -1175 0 -7
12 66 8622 -360 0.5000000 7423 -1175 0 -7
12 67 8622 -356 0.5000000 7423 -1175 0 -8
12 68 8622 -352 0.5000000 7423 -1175 0 -8
12 69 8622 -348 0.5000000 7423 -1175 0 -8
12 70 8623 -343 0.5000000 7423 -1175 0 -8
12 71 8623 -339 0.5000000 7423 -1175 0 -8
12 72 8623 -335 0.5000000 7423 -1175 0 -8
12 73 8624 -331 0.5000000 7423 -1175 -1 -8
12 74 8624 -326 0.5000000 7423 -1175 0 -8
12 75 8625 -322 0.5000000 7423 -1175 0 -8
12 76 8625 -318 0.5000000 7423 -1175 0 -8
12 77 8625 -314 0.5000000 7423 -1175 0 -7
12 78 8625 -311 0.5000000 7423 -1175 0 -7
12 79 8625 -308 0.5000000 7423 -1175 0 -6
12 80 8626 -304 0.5000000 7423 -1175 0 -6
12 81 8626 -301 0.5000000 7423 -1175 0 -6
12 82 8626 -298 0.5000000 7423 -1175 0 -6
12 83 8626 -294 0.5000000 7423 -1175 0 -6
12 84 8626 -291 0.5000000 7423 -1175 0 -6
12 85 8626 -288 0.5000000 7423 -1175 0 -5
12 86 8626 -285 0.5000000 7423 -1175 0 -6
12 87 8626 -282 0.5000000 7423 -1175 0 -6
12 88 8626 -279 0.5000000 7423 -1175 0 -6
12 89 8626 -276 0.5000000 7423 -1175 0 -5
12 90 8626 -273 0.5000000 7423 -1175 0 -5
12 91 8626 -270 0.5000000 7423 -1175 0 -5
12 92 8626 -268 0.5000000 7423 -1175 0 -5
12 93 8626 -265 0.5000000 7423 -1175 0 -5
12 94 8625 -263 0.5000000 7423 -1175 0 -4
12 95 8625 -261 0.5000000 7423 -1175 0 -4
12 96 8626 -259 0.5000000 7423 -1175 0 -3
12 97 8626 -258 0.5000000 7423 -1175 0 -2
12 98 8626 -257 0.5000000 7423 -1175 0 -2
12 99 8626 -255 0.5000000 7423 -1175 0 -2
12 100 8626 -254 0.5000000 7423 -1175 0 -2
12 101 8626 -252 0.5000000 7423 -1175 0 -2
12 102 8627 -251 0.5000000 7423 -1175 0 -2
12 103 8627 -250 0.5000000 7423 -1175 0 -2
12 104 8627 -249 0.5000000 7423 -1175 0 -2
12 105 8628 -248 0.5000000 7423 -1175 -1 -2
12 106 8628 -246 0.5000000 7423 -1175 0 -2
12 107 8629 -246 0.5000000 7423 -1175 0 -1
12 108 8629 -245 0.5000000 7423 -1175 0 -1
12 109 8630 -244 0.5000000 7423 -1175 0 -1
12 110 8630 -243 0.5000000 7423 -1175 0 -1
12 111 8630 -242 0.5000000 7423 -1175 0 -2
12 112 8630 -241 0.5000000 7423 -1175 0 -2
12 113 8630 -239 0.5000000 7423 -1175 0 -3
12 114 8630 -237 0.5000000 7423 -1175 0 -3
12 115 8631 -235 0.5000000 7423 -1175 0 -3
12 116 8631 -233 0.5000000 7423 -1175 0 -3
12 117 8631 -231 0.5000000 7423 -1175 0 -4
12 118 8631 -229 0.5000000 7423 -1175 0 -4
12 119 8631 -227 0.5000000 7423 -1175 0 -4
12 120 8631 -225 0.5000000 7423 -1175 0 -4
12 121 8631 -223 0.5000000 7423 -1175 0 -4
12 122 8631 -221 0.5000000 7423 -1175 0 -3
12 123 8630 -219 0.5000000 7423 -1175 0 -3
12 124 8630 -217 0.5000000 7423 -1175 0 -3
12 125 8630 -215 0.5000000 7423 -1175 0 -3
12 126 8630 -214 0.5000000 7423 -1175 0 -3
12 127 8630 -212 0.5000000 7423 -1175 0 -3
12 128 8631 -210 0.5000000 7423 -1175 0 -3
12 129 8631 -209 0.5000000 7423 -1175 0 -2
12 130 8631 -208 0.5000000 7423 -1175 0 -2
12 131 8631 -207 0.5000000 7423 -1175 0 -2
12 132 8632 -206 0.5000000 7423 -1175 0 -1
12 133 8632 -205 0.5000000 7423 -1175 0 -1
12 134 8633 -204 0.5000000 7423 -1175 -1 -1
12 135 8633 -204 0.5000000 7423 -1175 0 -1
12 136 8633 -203 0.5000000 7423 -1175 0 -1
12 137 8633 -203 0.5000000 7423 -1175 0 -1
12 138 8633 -202 0.5000000 7423 -1175 0 -1
12 139 8633 -202 0.5000000 7423 -1175 0 0
12 140 8633 -201 0.5000000 7423 -1175 0 0
12 141 8633 -201 0.5000000 7423 -1175 0 0
12 142 8633 -200 0.5000000 7423 -1175 0 0
12 143 8633 -200 0.5000000 7423 -1175 0 0
12 144 8633 -200 0.5000000 7423 -1175 0 0
12 145 8632 -199 0.5000000 7423 -1175 0 0
12 146 8632 -199 0.5000000 7423 -1175 0 -1
12 147 8632 -198 0.5000000 7423 -1175 0 -1
12 148 8632 -198 0.5000000 7423 -1175 0 -1
12 149 8632 -197 0.5000000 7423 -1175 0 -1
12 150 8632 -196 0.5000000 7423 -1175 0 -1
12 151 8632 -195 0.5000000 7423 -1175 0 -1
12 152 8632 -195 0.5000000 7423 -1175 0 -1
12 153 8633 -194 0.5000000 7423 -1175 0 -1
12 154 8633 -193 0.5000000 7423 -1175 0 -1
12 155 8633 -192 0.5000000 7423 -1175 0 -1
12 156 8633 -192 0.5000000 7423 -1175 0 -1
12 157 8634 -191 0.5000000 7423 -1175 0 -1
12 158 8634 -190 0.5000000 7423 -1175 0 -1
12 159 8634 -189 0.5000000 7423 -1175 0 -1
12 160 8634 -189 0.5000000 7423 -1175 0 -1
12 161 8634 -188 0.5000000 7423 -1175 0 -1
12 162 8634 -188 0.5000000 7423 -1175 0 -1
12 163 8634 -187 0.5000000 7423 -1175 0 -1
12 164 8635 -186 0.5000000 7423 -1175 0 -1
12 165 8635 -185 0.5000000 7423 -1175 0 -1
12 166 8635 -185 0.5000000 7423 -1175 0 -1
12 167 8635 -184 0.5000000 7423 -1175 0 -1
12 168 8635 -183 0.5000000 7423 -1175 0 -1
12 169 8634 -183 0.5000000 7423 -1175 0 -1
12 170 8634 -182 0.5000000 7423 -1175 0 -1
12 171 8634 -182 0.5000000 7423 -1175 0 0
12 172 8634 -181 0.5000000 7423 -1175 0 0
12 173 8634 -181 0.5000000 7423 -1175 0 0
12 174 8634 -181 0.5000000 7423 -1175 0 0
12 175 8635 -181 0.5000000 7423 -1175 0 0
12 176 8635 -180 0.5000000 7423 -1175 0 0
12 177 8635 -180 0.5000000 7423 -1175 0 0
12 178 8635 -179 0.5000000 7423 -1175 0 0
12 179 8635 -179 0.5000000 7423 -1175 0 0
12 180 8635 -179 0.5000000 7423 -1175 0 0
12 181 8635 -178 0.5000000 7423 -1175 0 0
12 182 8636 -178 0.5000000 7423 -1175 0 0
12 183 8635 -178 0.5000000 7423 -1175 0 0
12 184 8635 -177 0.5000000 7423 -1175 0 0
12 185 8635 -177 0.5000000 7423 -1175 0 0
12 186 8634 -177 0.5000000 7423 -1175 0 0
12 187 8634 -176 0.5000000 7423 -1175 1 0
12 188 8633 -176 0.5000000 7423 -1175 1 0
12 189 8633 -176 0.5000000 7423 -1175 0 0
12 190 8632 -176 0.5000000 7423 -1175 0 0
12 191 8632 -175 0.5000000 7423 -1175 0 0
12 192 8632 -175 0.5000000 7423 -1175 0 0
12 193 8632 -175 0.5000000 7423 -1175 0 0
