14 0 7928 -548 0.5000000 6720 -1500 0 0
14 1 7927 -548 0.5000000 6720 -1500 0 0
14 2 7927 -549 0.5000000 6720 -1500 0 0
14 3 7927 -549 0.5000000 6720 -1500 0 0
14 4 7927 -549 0.5000000 6720 -1500 0 0
14 5 7926 -550 0.5000000 6720 -1500 0 0
14 6 7926 -550 0.5000000 6720 -1500 0 0
14 7 7925 -550 0.5000000 6720 -1500 0 0
14 8 7925 -551 0.5000000 6720 -1500 0 0
14 9 7925 -551 0.5000000 6720 -1500 0 0
14 10 7924 -551 0.5000000 6720 -1500 0 0
14 11 7924 -552 0.5000000 6720 -1500 0 1
14 12 7924 -553 0.5000000 6720 -1500 0 1
14 13 7924 -553 0.5000000 6720 -1500 0 1
14 14 7924 -554 0.5000000 6720 -1500 0 1
14 15 7923 -554 0.5000000 6720 -1500 0 1
14 16 7923 -555 0.5000000 6720 -1500 0 1
14 17 7923 -555 0.5000000 6720 -1500 0 0
14 18 7923 -556 0.5000000 6720 -1500 0 0
14 19 7923 -556 0.5000000 6720 -1500 0 0
14 20 7923 -556 0.5000000 6720 -1500 0 0
14 21 7923 -557 0.5000000 6720 -1500 0 0
14 22 7923 -557 0.5000000 6720 -1500 0 0
14 23 7922 -557 0.5000000 6720 -1500 0 0
14 24 7922 -557 0.5000000 6720 -1500 0 0
14 25 7922 -557 0.5000000 6720 -1500 0 0
14 26 7922 -558 0.5000000 6720 -1500 0 0
14 27 7922 -558 0.5000000 6720 -1500 0 0
14 28 7922 -558 0.5000000 6720 -1500 0 0
14 29 7921 -559 0.5000000 6720 -1500 0 0
14 30 7921 -559 0.5000000 6720 -1500 0 0
14 31 7921 -559 0.5000000 6720 -1500 0 0
14 32 7921 -559 0.5000000 6720 -1500 0 0
14 33 7921 -560 0.5000000 6720 -1500 0 0
14 34 7921 -560 0.5000000 6720 -1500 0 0
14 35 7920 -560 0.5000000 6720 -1500 0 0
14 36 7920 -560 0.5000000 6720 -1500 0 0
14 37 7920 -561 0.5000000 6720 -1500 0 0
14 38 7920 -561 0.5000000 6720 -1500 0 1
14 39 7920 -562 0.5000000 6720 -1500 0 1
14 40 7920 -562 0.5000000 6720 -1500 0 1
14 41 7920 -563 0.5000000 6720 -1500 0 1
14 42 7920 -564 0.5000000 6720 -1500 0 1
14 43 7919 -565 0.5000000 6720 -1500 0 1
14 44 7919 -566 0.5000000 6720 -1500 0 1
14 45 7919 -567 0.5000000 6720 -1500 0 1
14 46 7919 -568 0.5000000 6720 -1500 0 1
14 47 7919 -569 0.5000000 6720 -1500 0 1
14 48 7919 -570 0.5000000 6720 -1500 0 1
14 49 7919 -570 0.5000000 6720 -1500 0 1
14 50 7919 -571 0.5000000 6720 -1500 0 1
14 51 7919 -572 0.5000000 6720 -1500 0 1
14 52 7919 -573 0.5000000 6720 -1500 0 1
14 53 7919 -574 0.5000000 6720 -1500 0 1
14 54 7919 -574 0.5000000 6720 -1500 0 1
14 55 7919 -575 0.5000000 6720 -1500 0 1
14 56 7919 -575 0.5000000 6720 -1500 0 0
14 57 7919 -576 0.5000000 6720 -1500 0 0
14 58 7919 -576 0.5000000 6720 -1500 0 0
14 59 7919 -577 0.5000000 6720 -1500 0 0
14 60 7919 -577 0.5000000 6720 -1500 0 0
14 61 7919 -578 0.5000000 6720 -1500 0 1
14 62 7919 -578 0.5000000 6720 -1500 0 1
14 63 7919 -579 0.5000000 6720 -1500 0 0
14 64 7920 -579 0.5000000 6720 -1500 0 1
14 65 7920 -580 0.5000000 6720 -1500 -1 1
14 66 7921 -580 0.5000000 6720 -1500 -1 0
14 67 7922 -581 0.5000000 6720 -1500 -1 0
14 68 7923 -581 0.5000000 6720 -1500 -1 0
14 69 7924 -581 0.5000000 6720 -1500 -2 0
14 70 7925 -582 0.5000000 6720 -1500 -1 0
14 71 7926 -582 0.5000000 6720 -1500 -2 0
14 72 7927 -582 0.5000000 6720 -1500 -2 0
14 73 7928 -582 0.5000000 6720 -1500 -2 0
14 74 7929 -582 0.5000000 6720 -1500 -2 0
14 75 7930 -583 0.5000000 6720 -1500 -2 0
14 76 7931 -583 0.5000000 6720 -1500 -2 0
14 77 7932 -583 0.5000000 6720 -1500 -2 0
14 78 7933 -583 0.5000000 6720 -1500 -1 0
14 79 7934 -583 0.5000000 6720 -1500 -1 0
14 80 7935 -583 0.5000000 6720 -1500 -1 0
14 81 7935 -583 0.5000000 6720 -1500 -1 0
14 82 7936 -583 0.5000000 6720 -1500 -1 0
14 83 7937 -584 0.5000000 6720 -1500 -1 0
14 84 7938 -584 0.5000000 6720 -1500 -1 0
14 85 7938 -584 0.5000000 6720 -1500 -1 0
14 86 7939 -584 0.5000000 6720 -1500 -1 0
14 87 7939 -585 0.5000000 6720 -1500 -1 0
14 88 7940 -585 0.5000000 6720 -1500 -1 0
14 89 7940 -585 0.5000000 6720 -1500 0 0
14 90 7941 -585 0.5000000 6720 -1500 -1 0
14 91 7941 -585 0.5000000 6720 -1500 0 0
14 92 7942 -585 0.5000000 6720 -1500 0 0
14 93 7942 -585 0.5000000 6720 -1500 0 0
14 94 7943 -585 0.5000000 6720 -1500 0 0
14 95 7943 -585 0.5000000 6720 -1500 -1 0
14 96 7944 -585 0.5000000 6720 -1500 0 0
14 97 7944 -585 0.5000000 6720 -1500 0 0
14 98 7944 -585 0.5000000 6720 -1500 0 0
14 99 7945 -586 0.5000000 6720 -1500 0 0
14 100 7945 -586 0.5000000 6720 -1500 0 0
14 101 7945 -586 0.5000000 6720 -1500 0 0
14 102 7945 -586 0.5000000 6720 -1500 0 0
14 103 7946 -586 0.5000000 6720 -1500 0 0
14 104 7946 -586 0.5000000 6720 -1500 0 0
14 105 7946 -586 0.5000000 6720 -1500 0 0
14 106 7946 -585 0.5000000 6720 -1500 0 0
14 107 7946 -585 0.5000000 6720 -1500 0 0
14 108 7946 -585 0.5000000 6720 -1500 0 0
14 109 7946 -585 0.5000000 6720 -1500 0 0
14 110 7946 -585 0.5000000 6720 -1500 0 0
14 111 7947 -585 0.5000000 6720 -1500 0 0
14 112 7947 -585 0.5000000 6720 -1500 0 0
14 113 7947 -585 0.5000000 6720 -1500 0 0
14 114 7947 -585 0.5000000 6720 -1500 0 0
14 115 7947 -585 0.5000000 6720 -1500 0 0
14 116 7947 -585 0.5000000 6720 -1500 0 0
14 117 7947 -585 0.5000000 6720 -1500 0 0
14 118 7946 -585 0.5000000 6720 -1500 0 0
14 119 7946 -584 0.5000000 6720 -1500 0 0
14 120 7946 -584 0.5000000 6720 -1500 0 0
14 121 7945 -584 0.5000000 6720 -1500 1 0
14 122 7945 -584 0.5000000 6720 -1500 1 0
14 123 7944 -584 0.5000000 6720 -1500 1 0
14 124 7943 -584 0.5000000 6720 -1500 1 0
14 125 7943 -585 0.5000000 6720 -1500 1 0
14 126 7942 -585 0.5000000 6720 -1500 1 0
14 127 7941 -585 0.5000000 6720 -1500 1 0
14 128 7941 -585 0.5000000 6720 -1500 1 0
14 129 7940 -585 0.5000000 6720 -1500 1 0
14 130 7939 -586 0.5000000 6720 -1500 1 0
14 131 7938 -586 0.5000000 6720 -1500 2 0
14 132 7937 -586 0.5000000 6720 -1500 1 0
14 133 7936 -586 0.5000000 6720 -1500 1 0
14 134 7935 -587 0.5000000 6720 -1500 1 0
14 135 7934 -587 0.5000000 6720 -1500 1 0
14 136 7933 -587 0.5000000 6720 -1500 1 0
14 137 7932 -588 0.5000000 6720 -1500 1 0
14 138 7931 -588 0.5000000 6720 -1500 1 0
14 139 7931 -589 0.5000000 6720 -1500 1 0
14 140 7930 -589 0.5000000 6720 -1500 1 0
14 141 7929 -589 0.5000000 6720 -1500 1 0
14 142 7928 -590 0.5000000 6720 -1500 1 0
14 143 7928 -590 0.5000000 6720 -1500 1 0
14 144 7927 -591 0.5000000 6720 -1500 1 0
14 145 7926 -591 0.5000000 6720 -1500 1 0
14 146 7926 -591 0.5000000 6720 -1500 1 0
14 147 7925 -592 0.5000000 6720 -1500 0 0
14 148 7925 -592 0.5000000 6720 -1500 0 0
14 149 7925 -592 0.5000000 6720 -1500 0 0
14 150 7924 -592 0.5000000 6720 -1500 0 0
14 151 7924 -593 0.5000000 6720 -1500 0 0
14 152 7924 -593 0.5000000 6720 -1500 0 0
14 153 7924 -593 0.5000000 6720 -1500 0 0
14 154 7924 -593 0.5000000 6720 -1500 0 0
14 155 7924 -594 0.5000000 6720 -1500 0 0
14 156 7924 -594 0.5000000 6720 -1500 0 0
14 157 7924 -594 0.5000000 6720 -1500 0 0
14 158 7923 -594 0.5000000 6720 -1500 0 0
14 159 7923 -594 0.5000000 6720 -1500 0 0
14 160 7924 -594 0.5000000 6720 -1500 0 0
14 161 7924 -594 0.5000000 6720 -1500 0 0
14 162 7924 -594 0.5000000 6720 -1500 0 0
14 163 7924 -594 0.5000000 6720 -1500 0 0
14 164 7924 -595 0.5000000 6720 -1500 0 0
14 165 7924 -595 0.5000000 6720 -1500 0 0
14 166 7924 -595 0.5000000 6720 -1500 0 0
14 167 7924 -595 0.5000000 6720 -1500 0 0
14 168 7924 -595 0.5000000 6720 -1500 0 0
