41 0 8325 233 0.5000000 10573 -88 2 0
41 1 8324 233 0.5000000 10573 -88 1 0
41 2 8324 233 0.5000000 10573 -88 1 0
41 3 8323 233 0.5000000 10573 -88 1 0
41 4 8322 233 0.5000000 10573 -88 1 0
41 5 8321 233 0.5000000 10573 -88 1 0
41 6 8321 233 0.5000000 10573 -88 1 0
41 7 8320 233 0.5000000 10573 -88 1 0
41 8 8319 233 0.5000000 10573 -88 1 0
41 9 8319 233 0.5000000 10573 -88 1 0
41 10 8318 233 0.5000000 10573 -88 1 0
41 11 8318 233 0.5000000 10573 -88 0 0
41 12 8317 234 0.5000000 10573 -88 0 0
41 13 8317 234 0.5000000 10573 -88 1 0
41 14 8316 234 0.5000000 10573 -88 1 0
41 15 8315 234 0.5000000 10573 -88 2 0
41 16 8314 234 0.5000000 10573 -88 2 0
41 17 8312 235 0.5000000 10573 -88 2 0
41 18 8311 235 0.5000000 10573 -88 3 0
41 19 8309 235 0.5000000 10573 -88 3 0
41 20 8308 236 0.5000000 10573 -88 3 0
41 21 8306 236 0.5000000 10573 -88 2 0
41 22 8305 236 0.5000000 10573 -88 2 0
41 23 8303 236 0.5000000 10573 -88 2 0
41 24 8302 237 0.5000000 10573 -88 2 0
41 25 8301 237 0.5000000 10573 -88 2 -1
41 26 8299 238 0.5000000 10573 -88 2 -1
41 27 8298 238 0.5000000 10573 -88 2 -1
41 28 8297 239 0.5000000 10573 -88 2 0
41 29 8295 239 0.5000000 10573 -88 2 0
41 30 8294 239 0.5000000 10573 -88 2 0
41 31 8293 239 0.5000000 10573 -88 1 0
41 32 8293 239 0.5000000 10573 -88 1 0
41 33 8292 240 0.5000000 10573 -88 1 0
41 34 8291 240 0.5000000 10573 -88 1 0
41 35 8290 240 0.5000000 10573 -88 1 0
41 36 8289 240 0.5000000 10573 -88 2 0
41 37 8288 240 0.5000000 10573 -88 2 0
41 38 8287 240 0.5000000 10573 -88 2 0
41 39 8286 240 0.5000000 10573 -88 2 0
41 40 8285 240 0.5000000 10573 -88 2 0
41 41 8283 240 0.5000000 10573 -88 2 0
41 42 8282 240 0.5000000 10573 -88 2 0
41 43 8281 240 0.5000000 10573 -88 2 0
41 44 8280 240 0.5000000 10573 -88 2 0
41 45 8279 240 0.5000000 10573 -88 1 0
41 46 8278 240 0.5000000 10573 -88 1 0
41 47 8277 240 0.5000000 10573 -88 1 0
41 48 8276 241 0.5000000 10573 -88 1 0
41 49 8276 241 0.5000000 10573 -88 1 0
41 50 8275 241 0.5000000 10573 -88 1 0
41 51 8274 241 0.5000000 10573 -88 1 0
41 52 8273 241 0.5000000 10573 -88 1 0
41 53 8273 241 0.5000000 10573 -88 1 0
41 54 8272 241 0.5000000 10573 -88 1 0
41 55 8272 241 0.5000000 10573 -88 1 0
41 56 8271 242 0.5000000 10573 -88 0 0
41 57 8271 242 0.5000000 10573 -88 0 0
41 58 8271 242 0.5000000 10573 -88 0 0
41 59 8271 242 0.5000000 10573 -88 0 0
41 60 8271 243 0.5000000 10573 -88 0 0
41 61 8271 243 0.5000000 10573 -88 0 0
41 62 8271 244 0.5000000 10573 -88 0 0
41 63 8270 244 0.5000000 10573 -88 0 0
41 64 8270 244 0.5000000 10573 -88 0 0
41 65 8270 245 0.5000000 10573 -88 0 0
41 66 8269 245 0.5000000 10573 -88 0 0
41 67 8269 245 0.5000000 10573 -88 0 0
41 68 8269 245 0.5000000 10573 -88 0 0
41 69 8269 245 0.5000000 10573 -88 0 0
41 70 8269 245 0.5000000 10573 -88 0 0
41 71 8269 246 0.5000000 10573 -88 0 0
41 72 8268 246 0.5000000 10573 -88 0 0
41 73 8268 246 0.5000000 10573 -88 0 0
41 74 8268 246 0.5000000 10573 -88 0 0
41 75 8268 246 0.5000000 10573 -88 0 0
41 76 8268 247 0.5000000 10573 -88 0 0
41 77 8269 247 0.5000000 10573 -88 0 0
41 78 8269 247 0.5000000 10573 -88 0 0
41 79 8269 248 0.5000000 10573 -88 0 0
41 80 8269 248 0.5000000 10573 -88 0 0
41 81 8269 248 0.5000000 10573 -88 0 0
41 82 8268 249 0.5000000 10573 -88 0 0
41 83 8268 249 0.5000000 10573 -88 1 0
41 84 8267 250 0.5000000 10573 -88 1 -1
41 85 8266 250 0.5000000 10573 -88 1 -1
41 86 8265 251 0.5000000 10573 -88 2 -1
41 87 8264 251 0.5000000 10573 -88 2 -1
41 88 8263 252 0.5000000 10573 -88 2 -1
41 89 8262 253 0.5000000 10573 -88 2 -1
41 90 8261 254 0.5000000 10573 -88 2 -1
41 91 8259 254 0.5000000 10573 -88 2 -1
41 92 8258 255 0.5000000 10573 -88 2 0
41 93 8257 255 0.5000000 10573 -88 1 -1
41 94 8256 256 0.5000000 10573 -88 1 0
41 95 8256 256 0.5000000 10573 -88 1 0
41 96 8255 257 0.5000000 10573 -88 1 0
41 97 8255 257 0.5000000 10573 -88 1 0
41 98 8254 257 0.5000000 10573 -88 1 0
41 99 8253 257 0.5000000 10573 -88 1 0
41 100 8252 258 0.5000000 10573 -88 1 0
41 101 8252 258 0.5000000 10573 -88 1 0
41 102 8251 258 0.5000000 10573 -88 1 0
41 103 8251 259 0.5000000 10573 -88 1 0
41 104 8250 259 0.5000000 10573 -88 1 0
41 105 8250 259 0.5000000 10573 -88 0 0
41 106 8249 259 0.5000000 10573 -88 0 0
41 107 8249 259 0.5000000 10573 -88 0 0
41 108 8249 259 0.5000000 10573 -88 0 0
41 109 8249 259 0.5000000 10573 -88 0 0
41 110 8248 259 0.5000000 10573 -88 0 0
41 111 8248 259 0.5000000 10573 -88 0 0
41 112 8248 259 0.5000000 10573 -88 0 0
41 113 8247 259 0.5000000 10573 -88 0 0
41 114 8247 259 0.5000000 10573 -88 0 0
41 115 8247 259 0.5000000 10573 -88 0 0
41 116 8247 259 0.5000000 10573 -88 0 0
41 117 8246 259 0.5000000 10573 -88 0 0
41 118 8246 258 0.5000000 10573 -88 0 0
41 119 8246 258 0.5000000 10573 -88 0 0
41 120 8245 258 0.5000000 10573 -88 0 0
41 121 8245 257 0.5000000 10573 -88 0 0
41 122 8245 258 0.5000000 10573 -88 0 0
41 123 8245 258 0.5000000 10573 -88 0 0
41 124 8245 257 0.5000000 10573 -88 0 0
41 125 8244 258 0.5000000 10573 -88 0 0
41 126 8244 258 0.5000000 10573 -88 0 0
41 127 8244 258 0.5000000 10573 -88 0 0
41 128 8244 258 0.5000000 10573 -88 0 0
41 129 8244 259 0.5000000 10573 -88 0 0
41 130 8244 259 0.5000000 10573 -88 0 0
41 131 8244 259 0.5000000 10573 -88 0 0
