25 0 12448 946 0.5000000 11135 757 -1 0
25 1 12448 946 0.5000000 11135 757 -1 0
25 2 12449 945 0.5000000 11135 757 -1 0
25 3 12449 945 0.5000000 11135 757 -1 1
25 4 12450 944 0.5000000 11135 757 -1 1
25 5 12451 944 0.5000000 11135 757 -1 0
25 6 12451 943 0.5000000 11135 757 -1 1
25 7 12452 942 0.5000000 11135 757 -1 1
25 9 12454 941 0.5000000 11135 757 -2 2
25 10 12455 940 0.5000000 11135 757 -3 2
25 11 12458 938 0.5000000 11135 757 -4 2
25 12 12460 937 0.5000000 11135 757 -4 2
25 13 12462 936 0.5000000 11135 757 -4 2
25 14 12464 934 0.5000000 11135 757 -4 2
25 15 12467 933 0.5000000 11135 757 -5 2
25 16 12469 932 0.5000000 11135 757 -4 1
25 17 12472 931 0.5000000 11135 757 -5 1
25 18 12474 931 0.5000000 11135 757 -4 1
25 19 12476 930 0.5000000 11135 757 -4 1
25 20 12479 929 0.5000000 11135 757 -4 1
25 21 12481 928 0.5000000 11135 757 -4 1
25 22 12484 928 0.5000000 11135 757 -4 1
25 23 12485 927 0.5000000 11135 757 -3 1
25 26 12488 926 0.5000000 11135 757 -4 1
25 27 12491 926 0.5000000 11135 757 -5 1
25 28 12493 925 0.5000000 11135 757 -5 1
25 29 12495 924 0.5000000 11135 757 -4 1
25 30 12497 923 0.5000000 11135 757 -3 1
25 31 12499 922 0.5000000 11135 757 -4 1
25 32 12501 922 0.5000000 11135 757 -4 1
25 33 12503 921 0.5000000 11135 757 -3 1
25 34 12505 920 0.5000000 11135 757 -3 1
25 35 12507 919 0.5000000 11135 757 -4 2
25 36 12509 918 0.5000000 11135 757 -3 2
25 37 12511 917 0.5000000 11135 757 -3 2
25 38 12512 916 0.5000000 11135 757 -3 2
25 39 12514 915 0.5000000 11135 757 -2 2
25 40 12515 914 0.5000000 11135 757 -2 1
25 41 12516 913 0.5000000 11135 757 -3 2
25 42 12518 911 0.5000000 11135 757 -3 2
25 43 12520 910 0.5000000 11135 757 -3 2
25 46 12521 909 0.5000000 11135 757 -2 2
25 47 12523 907 0.5000000 11135 757 -3 2
25 48 12525 906 0.5000000 11135 757 -3 2
25 51 12526 906 0.5000000 11135 757 -2 1
25 52 12527 905 0.5000000 11135 757 -2 1
25 53 12528 904 0.5000000 11135 757 -1 1
25 54 12529 904 0.5000000 11135 757 -1 0
25 55 12530 903 0.5000000 11135 757 -1 0
25 56 12531 903 0.5000000 11135 757 -1 0
25 59 12532 903 0.5000000 11135 757 -1 0
25 60 12532 903 0.5000000 11135 757 -1 0
25 61 12533 902 0.5000000 11135 757 -1 0
25 62 12533 902 0.5000000 11135 757 0 0
25 63 12534 902 0.5000000 11135 757 0 0
25 66 12534 902 0.5000000 11135 757 0 0
25 67 12534 902 0.5000000 11135 757 0 0
25 68 12535 902 0.5000000 11135 757 -1 0
25 69 12535 902 0.5000000 11135 757 -1 0
25 70 12536 902 0.5000000 11135 757 -1 0
25 72 12537 902 0.5000000 11135 757 -1 0
25 77 12538 902 0.5000000 11135 757 -3 0
25 78 12540 901 0.5000000 11135 757 -3 0
25 79 12542 901 0.5000000 11135 757 -3 1
25 80 12543 900 0.5000000 11135 757 -3 1
25 81 12545 899 0.5000000 11135 757 -3 1
25 82 12546 899 0.5000000 11135 757 -2 1
25 83 12547 898 0.5000000 11135 757 -2 1
25 84 12548 898 0.5000000 11135 757 -1 0
25 87 12548 898 0.5000000 11135 757 -1 0
25 88 12549 898 0.5000000 11135 757 -1 0
25 89 12550 898 0.5000000 11135 757 -1 0
25 90 12550 898 0.5000000 11135 757 -1 0
25 91 12551 899 0.5000000 11135 757 -1 0
25 92 12551 899 0.5000000 11135 757 -1 0
25 93 12552 899 0.5000000 11135 757 0 0
25 94 12552 900 0.5000000 11135 757 -1 0
25 95 12553 900 0.5000000 11135 757 -1 0
25 96 12553 900 0.5000000 11135 757 0 0
25 97 12554 901 0.5000000 11135 757 -1 -1
25 98 12554 901 0.5000000 11135 757 -1 0
25 99 12555 901 0.5000000 11135 757 -2 0
25 103 12557 901 0.5000000 11135 757 -2 0
25 104 12558 901 0.5000000 11135 757 -2 0
25 105 12559 900 0.5000000 11135 757 -2 0
25 106 12560 900 0.5000000 11135 757 -2 0
25 107 12561 900 0.5000000 11135 757 -1 0
25 108 12562 900 0.5000000 11135 757 -1 0
25 109 12562 900 0.5000000 11135 757 -1 0
25 110 12563 900 0.5000000 11135 757 -1 0
25 111 12563 900 0.5000000 11135 757 -1 0
25 112 12564 900 0.5000000 11135 757 -1 0
25 113 12564 899 0.5000000 11135 757 -1 0
25 114 12565 899 0.5000000 11135 757 0 0
25 116 12565 898 0.5000000 11135 757 -1 1
25 117 12566 898 0.5000000 11135 757 -2 0
25 118 12568 898 0.5000000 11135 757 -2 0
25 119 12569 897 0.5000000 11135 757 -3 0
25 120 12571 897 0.5000000 11135 757 -2 1
25 121 12572 896 0.5000000 11135 757 -2 0
25 122 12573 896 0.5000000 11135 757 -2 0
25 123 12574 896 0.5000000 11135 757 -1 0
25 124 12574 895 0.5000000 11135 757 -1 1
25 125 12575 895 0.5000000 11135 757 -1 0
25 126 12575 894 0.5000000 11135 757 -1 0
25 127 12576 894 0.5000000 11135 757 -1 0
