30 0 14858 153 0.5000000 13429 -52 0 0
30 1 14858 153 0.5000000 13429 -52 0 0
30 2 14859 153 0.5000000 13429 -52 0 0
30 3 14859 154 0.5000000 13429 -52 0 0
30 8 14859 154 0.5000000 13429 -52 0 0
30 9 14859 154 0.5000000 13429 -52 0 0
30 10 14859 153 0.5000000 13429 -52 0 0
30 11 14859 153 0.5000000 13429 -52 0 0
30 13 14859 153 0.5000000 13429 -52 0 0
30 14 14858 153 0.5000000 13429 -52 0 0
30 15 14858 152 0.5000000 13429 -52 1 0
30 16 14857 152 0.5000000 13429 -52 1 0
30 17 14856 152 0.5000000 13429 -52 1 0
30 18 14855 153 0.5000000 13429 -52 2 0
30 19 14854 153 0.5000000 13429 -52 1 -1
30 20 14853 155 0.5000000 13429 -52 1 -2
30 21 14852 156 0.5000000 13429 -52 2 -2
30 22 14851 157 0.5000000 13429 -52 2 -2
30 23 14849 158 0.5000000 13429 -52 3 0
30 26 14848 158 0.5000000 13429 -52 2 0
30 29 14847 158 0.5000000 13429 -52 1 0
30 33 14846 158 0.5000000 13429 -52 1 0
30 34 14846 159 0.5000000 13429 -52 1 0
30 35 14844 159 0.5000000 13429 -52 2 0
30 36 14844 160 0.5000000 13429 -52 1 0
30 37 14844 160 0.5000000 13429 -52 0 0
30 38 14843 160 0.5000000 13429 -52 0 0
30 39 14843 159 0.5000000 13429 -52 0 0
30 40 14843 159 0.5000000 13429 -52 0 0
30 41 14843 158 0.5000000 13429 -52 0 0
30 42 14843 158 0.5000000 13429 -52 0 0
30 43 14843 157 0.5000000 13429 -52 0 1
30 44 14842 156 0.5000000 13429 -52 1 2
30 47 14842 155 0.5000000 13429 -52 0 1
30 52 14842 155 0.5000000 13429 -52 0 1
30 53 14842 154 0.5000000 13429 -52 0 1
30 54 14842 154 0.5000000 13429 -52 0 0
30 58 14843 153 0.5000000 13429 -52 -1 1
30 59 14844 151 0.5000000 13429 -52 -1 3
30 62 14844 150 0.5000000 13429 -52 -1 2
30 63 14845 150 0.5000000 13429 -52 -1 0
30 72 14845 150 0.5000000 13429 -52 0 0
30 73 14846 150 0.5000000 13429 -52 0 0
30 74 14846 150 0.5000000 13429 -52 0 0
30 78 14846 149 0.5000000 13429 -52 0 0
30 79 14846 149 0.5000000 13429 -52 0 0
30 80 14846 149 0.5000000 13429 -52 0 0
30 81 14846 149 0.5000000 13429 -52 0 0
30 82 14846 149 0.5000000 13429 -52 0 0
30 83 14846 149 0.5000000 13429 -52 0 0
