32 0 10711 -80 0.5000000 9279 -361 0 0
32 1 10711 -80 0.5000000 9279 -361 0 0
32 2 10711 -80 0.5000000 9279 -361 0 0
32 3 10711 -80 0.5000000 9279 -361 0 0
32 4 10711 -80 0.5000000 9279 -361 0 0
32 5 10710 -80 0.5000000 9279 -361 0 0
32 6 10710 -79 0.5000000 9279 -361 0 0
32 7 10710 -79 0.5000000 9279 -361 0 0
32 8 10710 -79 0.5000000 9279 -361 0 0
32 9 10710 -79 0.5000000 9279 -361 0 0
32 10 10710 -80 0.5000000 9279 -361 0 0
32 11 10710 -80 0.5000000 9279 -361 0 0
32 12 10710 -80 0.5000000 9279 -361 0 0
32 13 10710 -80 0.5000000 9279 -361 0 0
32 14 10710 -80 0.5000000 9279 -361 0 0
32 15 10710 -80 0.5000000 9279 -361 0 0
32 16 10710 -80 0.5000000 9279 -361 0 0
32 17 10710 -80 0.5000000 9279 -361 0 0
32 18 10711 -80 0.5000000 9279 -361 0 0
32 19 10711 -80 0.5000000 9279 -361 0 0
32 20 10711 -80 0.5000000 9279 -361 0 0
32 21 10711 -81 0.5000000 9279 -361 0 0
32 22 10711 -81 0.5000000 9279 -361 0 0
32 23 10711 -81 0.5000000 9279 -361 0 0
32 24 10711 -82 0.5000000 9279 -361 0 0
32 25 10711 -82 0.5000000 9279 -361 0 0
32 26 10711 -82 0.5000000 9279 -361 0 0
32 27 10710 -83 0.5000000 9279 -361 0 0
32 28 10710 -83 0.5000000 9279 -361 0 0
32 29 10710 -83 0.5000000 9279 -361 0 0
32 30 10710 -83 0.5000000 9279 -361 0 0
32 31 10710 -84 0.5000000 9279 -361 0 0
32 32 10710 -84 0.5000000 9279 -361 0 0
32 33 10710 -84 0.5000000 9279 -361 0 0
32 34 10710 -85 0.5000000 9279 -361 0 0
32 35 10710 -85 0.5000000 9279 -361 0 0
32 36 10710 -85 0.5000000 9279 -361 0 0
32 37 10710 -85 0.5000000 9279 -361 0 0
32 38 10710 -85 0.5000000 9279 -361 0 0
32 39 10710 -86 0.5000000 9279 -361 0 0
32 40 10710 -86 0.5000000 9279 -361 0 0
32 41 10710 -86 0.5000000 9279 -361 0 0
32 42 10710 -86 0.5000000 9279 -361 0 0
32 43 10710 -86 0.5000000 9279 -361 0 0
32 44 10709 -86 0.5000000 9279 -361 0 0
32 45 10709 -86 0.5000000 9279 -361 0 0
32 46 10709 -86 0.5000000 9279 -361 0 0
32 47 10709 -86 0.5000000 9279 -361 0 0
32 48 10709 -86 0.5000000 9279 -361 0 0
32 49 10709 -86 0.5000000 9279 -361 0 0
32 50 10709 -86 0.5000000 9279 -361 0 0
32 51 10709 -86 0.5000000 9279 -361 0 0
32 52 10709 -86 0.5000000 9279 -361 0 0
32 53 10709 -86 0.5000000 9279 -361 0 0
32 54 10709 -86 0.5000000 9279 -361 0 0
32 55 10709 -86 0.5000000 9279 -361 0 0
32 56 10709 -86 0.5000000 9279 -361 0 0
32 57 10709 -86 0.5000000 9279 -361 0 0
32 58 10709 -85 0.5000000 9279 -361 0 0
32 59 10709 -85 0.5000000 9279 -361 0 0
32 60 10709 -85 0.5000000 9279 -361 0 0
32 61 10709 -85 0.5000000 9279 -361 0 0
32 62 10709 -84 0.5000000 9279 -361 0 0
32 63 10709 -84 0.5000000 9279 -361 0 0
32 64 10709 -84 0.5000000 9279 -361 0 0
32 65 10709 -84 0.5000000 9279 -361 0 0
32 66 10709 -84 0.5000000 9279 -361 0 0
32 67 10709 -84 0.5000000 9279 -361 0 0
32 68 10709 -84 0.5000000 9279 -361 0 0
32 69 10709 -84 0.5000000 9279 -361 0 0
32 70 10710 -83 0.5000000 9279 -361 0 0
32 71 10710 -83 0.5000000 9279 -361 0 0
32 72 10710 -83 0.5000000 9279 -361 0 0
32 73 10710 -84 0.5000000 9279 -361 0 0
32 74 10710 -84 0.5000000 9279 -361 0 0
32 75 10710 -84 0.5000000 9279 -361 0 0
32 76 10710 -84 0.5000000 9279 -361 0 0
32 77 10710 -84 0.5000000 9279 -361 0 0
32 78 10710 -85 0.5000000 9279 -361 0 0
32 79 10710 -85 0.5000000 9279 -361 0 0
32 80 10710 -85 0.5000000 9279 -361 0 0
32 81 10710 -85 0.5000000 9279 -361 0 0
32 82 10710 -85 0.5000000 9279 -361 0 0
32 83 10710 -86 0.5000000 9279 -361 0 0
32 84 10710 -86 0.5000000 9279 -361 0 0
32 85 10711 -86 0.5000000 9279 -361 0 0
32 86 10711 -86 0.5000000 9279 -361 0 0
32 87 10711 -86 0.5000000 9279 -361 0 0
32 88 10711 -86 0.5000000 9279 -361 0 0
32 89 10711 -87 0.5000000 9279 -361 0 0
32 90 10711 -86 0.5000000 9279 -361 0 0
32 91 10711 -86 0.5000000 9279 -361 0 0
32 92 10711 -86 0.5000000 9279 -361 0 0
32 93 10711 -86 0.5000000 9279 -361 0 0
32 94 10711 -86 0.5000000 9279 -361 0 0
32 95 10711 -86 0.5000000 9279 -361 0 0
32 96 10711 -86 0.5000000 9279 -361 0 0
32 97 10711 -86 0.5000000 9279 -361 0 0
32 98 10711 -86 0.5000000 9279 -361 0 0
32 99 10711 -85 0.5000000 9279 -361 0 0
32 100 10711 -85 0.5000000 9279 -361 0 0
32 101 10711 -85 0.5000000 9279 -361 0 0
32 102 10711 -85 0.5000000 9279 -361 0 0
32 103 10711 -85 0.5000000 9279 -361 0 0
32 104 10711 -85 0.5000000 9279 -361 0 0
32 105 10711 -85 0.5000000 9279 -361 0 0
32 106 10711 -84 0.5000000 9279 -361 0 0
32 107 10711 -84 0.5000000 9279 -361 0 0
32 108 10711 -84 0.5000000 9279 -361 0 0
32 109 10711 -84 0.5000000 9279 -361 0 0
32 110 10712 -84 0.5000000 9279 -361 0 0
32 111 10712 -84 0.5000000 9279 -361 0 0
32 112 10712 -84 0.5000000 9279 -361 0 0
32 113 10712 -84 0.5000000 9279 -361 0 0
32 114 10712 -84 0.5000000 9279 -361 0 0
32 115 10712 -84 0.5000000 9279 -361 0 0
32 116 10712 -84 0.5000000 9279 -361 0 0
32 117 10712 -83 0.5000000 9279 -361 0 0
32 118 10712 -83 0.5000000 9279 -361 0 0
32 119 10712 -83 0.5000000 9279 -361 0 0
32 120 10712 -83 0.5000000 9279 -361 0 0
32 121 10712 -83 0.5000000 9279 -361 0 0
32 122 10712 -83 0.5000000 9279 -361 0 0
32 123 10712 -83 0.5000000 9279 -361 0 0
32 124 10712 -83 0.5000000 9279 -361 0 0
32 125 10712 -83 0.5000000 9279 -361 0 0
32 126 10713 -84 0.5000000 9279 -361 0 0
32 127 10713 -84 0.5000000 9279 -361 0 0
32 128 10713 -84 0.5000000 9279 -361 0 0
32 129 10713 -84 0.5000000 9279 -361 0 0
32 130 10713 -84 0.5000000 9279 -361 0 0
32 131 10713 -84 0.5000000 9279 -361 0 0
32 132 10713 -84 0.5000000 9279 -361 0 0
32 133 10713 -85 0.5000000 9279 -361 0 0
32 134 10713 -85 0.5000000 9279 -361 0 0
32 135 10713 -85 0.5000000 9279 -361 0 0
32 136 10713 -85 0.5000000 9279 -361 0 0
32 137 10713 -86 0.5000000 9279 -361 0 0
