39 0 7151 694 0.5000000 9358 625 0 0
39 1 7150 694 0.5000000 9358 625 0 0
39 2 7150 694 0.5000000 9358 625 0 0
39 3 7150 694 0.5000000 9358 625 0 0
39 4 7149 694 0.5000000 9358 625 0 0
39 5 7149 694 0.5000000 9358 625 0 0
39 6 7149 694 0.5000000 9358 625 0 0
39 7 7149 693 0.5000000 9358 625 0 0
39 8 7149 693 0.5000000 9358 625 0 0
39 9 7149 693 0.5000000 9358 625 0 0
39 10 7149 693 0.5000000 9358 625 0 0
39 11 7149 693 0.5000000 9358 625 0 0
39 12 7149 693 0.5000000 9358 625 0 0
39 13 7148 693 0.5000000 9358 625 0 0
39 14 7148 693 0.5000000 9358 625 0 0
39 15 7148 693 0.5000000 9358 625 0 0
39 16 7148 693 0.5000000 9358 625 0 0
39 17 7148 693 0.5000000 9358 625 0 0
39 18 7148 693 0.5000000 9358 625 0 0
39 19 7148 693 0.5000000 9358 625 0 0
39 20 7148 693 0.5000000 9358 625 0 0
39 21 7148 693 0.5000000 9358 625 0 0
39 22 7148 693 0.5000000 9358 625 0 0
39 23 7148 693 0.5000000 9358 625 0 0
39 24 7148 693 0.5000000 9358 625 0 0
39 25 7148 693 0.5000000 9358 625 0 0
39 26 7148 693 0.5000000 9358 625 0 0
39 27 7148 694 0.5000000 9358 625 0 0
39 28 7148 694 0.5000000 9358 625 0 0
39 29 7148 694 0.5000000 9358 625 0 0
39 30 7148 694 0.5000000 9358 625 0 0
39 31 7148 695 0.5000000 9358 625 0 0
39 32 7148 695 0.5000000 9358 625 0 0
39 33 7149 695 0.5000000 9358 625 0 0
39 34 7149 696 0.5000000 9358 625 0 0
39 35 7149 696 0.5000000 9358 625 0 0
39 36 7149 696 0.5000000 9358 625 0 0
39 37 7150 696 0.5000000 9358 625 0 0
39 38 7150 697 0.5000000 9358 625 0 0
39 39 7150 697 0.5000000 9358 625 0 0
39 40 7150 697 0.5000000 9358 625 0 0
39 41 7150 698 0.5000000 9358 625 0 0
39 42 7150 698 0.5000000 9358 625 0 0
39 43 7150 698 0.5000000 9358 625 0 0
