42 0 8424 781 0.5000000 10766 433 0 0
42 1 8424 781 0.5000000 10766 433 0 0
42 2 8424 781 0.5000000 10766 433 0 0
42 3 8424 780 0.5000000 10766 433 0 0
42 4 8424 780 0.5000000 10766 433 0 0
42 5 8424 780 0.5000000 10766 433 0 0
42 6 8424 780 0.5000000 10766 433 0 0
42 7 8424 780 0.5000000 10766 433 0 0
42 8 8424 780 0.5000000 10766 433 0 0
42 9 8424 780 0.5000000 10766 433 0 0
42 10 8424 779 0.5000000 10766 433 0 0
42 11 8424 779 0.5000000 10766 433 0 0
42 12 8424 779 0.5000000 10766 433 0 0
42 13 8424 779 0.5000000 10766 433 0 0
42 14 8424 779 0.5000000 10766 433 0 0
42 15 8423 779 0.5000000 10766 433 0 0
42 16 8423 779 0.5000000 10766 433 0 0
42 17 8423 779 0.5000000 10766 433 0 0
42 18 8423 779 0.5000000 10766 433 0 0
42 19 8423 779 0.5000000 10766 433 0 0
42 20 8423 779 0.5000000 10766 433 0 0
42 21 8423 779 0.5000000 10766 433 0 0
42 22 8423 779 0.5000000 10766 433 0 0
42 23 8423 779 0.5000000 10766 433 0 0
42 24 8423 779 0.5000000 10766 433 0 0
42 25 8423 779 0.5000000 10766 433 0 0
42 26 8422 779 0.5000000 10766 433 0 0
42 27 8422 778 0.5000000 10766 433 0 0
42 28 8422 778 0.5000000 10766 433 0 0
42 29 8422 779 0.5000000 10766 433 0 0
42 30 8422 779 0.5000000 10766 433 0 0
42 31 8422 779 0.5000000 10766 433 0 0
42 32 8422 778 0.5000000 10766 433 0 0
42 33 8422 778 0.5000000 10766 433 0 0
42 34 8422 778 0.5000000 10766 433 0 0
42 35 8422 778 0.5000000 10766 433 0 0
42 36 8421 778 0.5000000 10766 433 0 0
42 37 8421 778 0.5000000 10766 433 0 0
42 38 8421 778 0.5000000 10766 433 0 0
42 39 8420 778 0.5000000 10766 433 1 0
42 40 8419 778 0.5000000 10766 433 1 0
42 41 8419 778 0.5000000 10766 433 0 0
42 42 8418 778 0.5000000 10766 433 1 0
42 43 8418 779 0.5000000 10766 433 0 0
42 44 8417 779 0.5000000 10766 433 1 0
42 45 8417 779 0.5000000 10766 433 1 0
42 46 8416 779 0.5000000 10766 433 1 0
42 47 8416 779 0.5000000 10766 433 1 0
42 48 8415 779 0.5000000 10766 433 1 0
42 49 8415 780 0.5000000 10766 433 1 0
42 50 8414 780 0.5000000 10766 433 1 0
42 51 8413 780 0.5000000 10766 433 1 0
42 52 8413 780 0.5000000 10766 433 1 0
42 53 8412 780 0.5000000 10766 433 1 0
42 54 8412 780 0.5000000 10766 433 0 0
42 55 8411 780 0.5000000 10766 433 0 0
42 56 8411 780 0.5000000 10766 433 0 0
42 57 8411 780 0.5000000 10766 433 0 0
42 58 8410 780 0.5000000 10766 433 0 0
42 59 8410 780 0.5000000 10766 433 0 0
42 60 8410 780 0.5000000 10766 433 0 0
42 61 8409 780 0.5000000 10766 433 0 0
42 62 8409 780 0.5000000 10766 433 0 0
42 63 8409 780 0.5000000 10766 433 0 0
42 64 8409 780 0.5000000 10766 433 0 0
42 65 8409 780 0.5000000 10766 433 0 0
42 66 8409 780 0.5000000 10766 433 0 0
42 67 8408 780 0.5000000 10766 433 0 0
42 68 8408 780 0.5000000 10766 433 0 0
42 69 8408 780 0.5000000 10766 433 0 0
42 70 8408 780 0.5000000 10766 433 0 0
42 71 8408 780 0.5000000 10766 433 0 0
42 72 8408 780 0.5000000 10766 433 0 0
42 73 8407 781 0.5000000 10766 433 0 0
42 74 8407 780 0.5000000 10766 433 0 0
42 75 8407 781 0.5000000 10766 433 0 0
42 76 8407 781 0.5000000 10766 433 0 0
42 77 8407 781 0.5000000 10766 433 0 0
42 78 8407 781 0.5000000 10766 433 0 0
42 79 8407 781 0.5000000 10766 433 0 0
42 80 8407 781 0.5000000 10766 433 0 0
42 81 8407 781 0.5000000 10766 433 0 0
42 82 8407 781 0.5000000 10766 433 0 0
42 83 8407 781 0.5000000 10766 433 0 0
42 84 8407 781 0.5000000 10766 433 0 0
42 85 8407 781 0.5000000 10766 433 0 0
42 86 8407 781 0.5000000 10766 433 0 0
42 87 8407 781 0.5000000 10766 433 0 0
42 88 8407 781 0.5000000 10766 433 0 0
42 89 8407 781 0.5000000 10766 433 0 0
42 90 8407 781 0.5000000 10766 433 0 0
42 91 8407 781 0.5000000 10766 433 0 0
42 92 8407 781 0.5000000 10766 433 0 0
42 93 8407 781 0.5000000 10766 433 0 0
42 94 8407 781 0.5000000 10766 433 0 0
42 95 8407 781 0.5000000 10766 433 0 0
42 96 8407 781 0.5000000 10766 433 0 0
42 97 8408 781 0.5000000 10766 433 0 0
42 98 8408 781 0.5000000 10766 433 0 0
42 99 8408 781 0.5000000 10766 433 0 0
42 100 8408 781 0.5000000 10766 433 0 0
42 101 8408 781 0.5000000 10766 433 0 0
42 102 8408 781 0.5000000 10766 433 0 0
42 103 8408 781 0.5000000 10766 433 0 0
42 104 8408 781 0.5000000 10766 433 0 0
42 105 8408 781 0.5000000 10766 433 0 0
42 106 8408 781 0.5000000 10766 433 0 0
42 107 8408 781 0.5000000 10766 433 0 0
42 108 8409 781 0.5000000 10766 433 0 0
42 109 8409 781 0.5000000 10766 433 0 0
42 110 8409 781 0.5000000 10766 433 0 0
42 111 8409 781 0.5000000 10766 433 0 0
42 112 8409 782 0.5000000 10766 433 0 0
42 113 8409 782 0.5000000 10766 433 0 0
42 114 8409 782 0.5000000 10766 433 0 0
42 115 8409 782 0.5000000 10766 433 0 0
42 116 8409 782 0.5000000 10766 433 0 0
42 117 8409 782 0.5000000 10766 433 0 0
42 118 8409 782 0.5000000 10766 433 0 0
42 119 8409 782 0.5000000 10766 433 0 0
42 120 8409 782 0.5000000 10766 433 0 0
42 121 8409 782 0.5000000 10766 433 0 0
42 122 8409 782 0.5000000 10766 433 0 0
42 123 8409 782 0.5000000 10766 433 0 0
42 124 8409 782 0.5000000 10766 433 0 0
42 125 8409 782 0.5000000 10766 433 0 0
42 126 8409 782 0.5000000 10766 433 0 0
42 127 8409 782 0.5000000 10766 433 0 0
42 128 8410 782 0.5000000 10766 433 0 0
42 129 8410 782 0.5000000 10766 433 0 0
42 130 8410 782 0.5000000 10766 433 0 0
42 131 8410 782 0.5000000 10766 433 0 0
42 132 8410 782 0.5000000 10766 433 0 0
42 133 8410 782 0.5000000 10766 433 0 0
42 134 8410 782 0.5000000 10766 433 0 0
42 135 8410 782 0.5000000 10766 433 0 0
42 136 8410 782 0.5000000 10766 433 0 0
42 137 8410 781 0.5000000 10766 433 0 0
42 138 8411 781 0.5000000 10766 433 0 0
42 139 8411 781 0.5000000 10766 433 0 0
42 140 8411 781 0.5000000 10766 433 0 0
42 141 8411 781 0.5000000 10766 433 0 0
