22 0 11893 259 0.5000000 10841 27 -1 0
22 1 11893 259 0.5000000 10841 27 -1 0
22 2 11894 259 0.5000000 10841 27 0 0
22 3 11894 259 0.5000000 10841 27 0 0
22 4 11894 259 0.5000000 10841 27 0 0
22 5 11895 259 0.5000000 10841 27 0 0
22 6 11895 259 0.5000000 10841 27 0 0
22 7 11895 259 0.5000000 10841 27 0 0
22 8 11895 259 0.5000000 10841 27 0 0
22 9 11896 259 0.5000000 10841 27 0 0
22 10 11896 259 0.5000000 10841 27 0 0
22 11 11896 259 0.5000000 10841 27 0 0
22 12 11896 259 0.5000000 10841 27 0 0
22 13 11896 259 0.5000000 10841 27 0 0
22 14 11896 259 0.5000000 10841 27 0 0
22 15 11897 258 0.5000000 10841 27 0 0
22 16 11897 258 0.5000000 10841 27 0 0
22 17 11897 258 0.5000000 10841 27 0 0
22 18 11897 258 0.5000000 10841 27 0 0
22 19 11897 258 0.5000000 10841 27 0 0
22 20 11898 258 0.5000000 10841 27 0 0
22 21 11898 258 0.5000000 10841 27 0 0
22 22 11898 258 0.5000000 10841 27 0 0
22 23 11898 258 0.5000000 10841 27 0 0
22 24 11898 258 0.5000000 10841 27 0 0
22 25 11898 258 0.5000000 10841 27 0 0
22 26 11898 257 0.5000000 10841 27 0 0
22 27 11899 257 0.5000000 10841 27 0 0
22 28 11899 257 0.5000000 10841 27 0 0
22 29 11899 257 0.5000000 10841 27 0 0
22 30 11899 257 0.5000000 10841 27 0 0
22 31 11899 257 0.5000000 10841 27 0 0
22 32 11899 257 0.5000000 10841 27 0 0
22 33 11899 257 0.5000000 10841 27 0 0
22 34 11899 257 0.5000000 10841 27 0 0
22 35 11899 257 0.5000000 10841 27 0 0
22 36 11899 257 0.5000000 10841 27 0 0
22 37 11899 257 0.5000000 10841 27 0 0
22 38 11899 257 0.5000000 10841 27 0 0
22 39 11899 256 0.5000000 10841 27 0 0
22 40 11899 256 0.5000000 10841 27 0 0
22 41 11899 256 0.5000000 10841 27 0 0
22 42 11899 256 0.5000000 10841 27 0 0
22 43 11899 256 0.5000000 10841 27 0 0
22 44 11899 256 0.5000000 10841 27 0 0
22 45 11899 256 0.5000000 10841 27 0 0
22 46 11899 256 0.5000000 10841 27 0 0
22 47 11899 257 0.5000000 10841 27 0 0
22 48 11899 257 0.5000000 10841 27 0 0
22 49 11898 257 0.5000000 10841 27 0 0
22 50 11898 257 0.5000000 10841 27 0 0
22 51 11898 257 0.5000000 10841 27 0 0
22 52 11898 257 0.5000000 10841 27 0 0
22 53 11898 257 0.5000000 10841 27 0 0
22 54 11898 257 0.5000000 10841 27 0 0
22 55 11898 257 0.5000000 10841 27 0 0
22 56 11898 257 0.5000000 10841 27 0 0
22 57 11897 257 0.5000000 10841 27 0 0
22 58 11897 257 0.5000000 10841 27 0 0
22 59 11897 257 0.5000000 10841 27 0 0
22 60 11897 257 0.5000000 10841 27 0 0
22 61 11896 257 0.5000000 10841 27 0 0
22 62 11896 257 0.5000000 10841 27 0 0
22 63 11896 257 0.5000000 10841 27 0 0
22 64 11896 257 0.5000000 10841 27 0 0
22 65 11896 257 0.5000000 10841 27 0 0
22 66 11896 257 0.5000000 10841 27 0 0
22 67 11895 257 0.5000000 10841 27 0 0
22 68 11895 256 0.5000000 10841 27 0 0
22 69 11895 256 0.5000000 10841 27 0 0
22 70 11894 256 0.5000000 10841 27 0 0
22 71 11894 256 0.5000000 10841 27 0 0
22 72 11894 256 0.5000000 10841 27 0 0
22 73 11893 256 0.5000000 10841 27 0 0
22 74 11893 256 0.5000000 10841 27 0 0
22 75 11893 256 0.5000000 10841 27 0 0
22 76 11892 257 0.5000000 10841 27 0 0
22 77 11892 256 0.5000000 10841 27 0 0
22 78 11892 256 0.5000000 10841 27 0 0
22 79 11892 256 0.5000000 10841 27 0 0
22 80 11891 256 0.5000000 10841 27 0 0
22 81 11891 256 0.5000000 10841 27 0 0
22 82 11891 256 0.5000000 10841 27 0 0
22 83 11891 256 0.5000000 10841 27 0 0
22 84 11891 256 0.5000000 10841 27 0 0
22 85 11891 256 0.5000000 10841 27 0 0
22 86 11890 256 0.5000000 10841 27 0 0
22 87 11890 256 0.5000000 10841 27 0 0
22 88 11890 256 0.5000000 10841 27 0 0
22 89 11890 256 0.5000000 10841 27 0 0
22 90 11890 256 0.5000000 10841 27 0 0
22 91 11890 256 0.5000000 10841 27 0 0
22 92 11889 256 0.5000000 10841 27 0 0
22 93 11889 256 0.5000000 10841 27 0 0
22 94 11889 256 0.5000000 10841 27 0 0
22 95 11889 257 0.5000000 10841 27 0 0
22 96 11889 257 0.5000000 10841 27 0 0
22 97 11889 257 0.5000000 10841 27 0 0
22 98 11889 257 0.5000000 10841 27 0 0
22 99 11890 257 0.5000000 10841 27 0 0
22 100 11890 257 0.5000000 10841 27 0 0
22 101 11890 257 0.5000000 10841 27 0 0
22 102 11890 257 0.5000000 10841 27 0 0
22 103 11891 258 0.5000000 10841 27 -1 0
22 104 11892 258 0.5000000 10841 27 -1 0
22 105 11892 258 0.5000000 10841 27 -1 0
