1 0 7185 489 0.5000000 7191 508 0 1
1 1 7185 489 0.5000000 7191 508 0 0
1 2 7185 488 0.5000000 7191 508 0 0
1 3 7185 488 0.5000000 7191 508 0 0
1 4 7185 488 0.5000000 7191 508 0 0
1 5 7185 488 0.5000000 7191 508 0 0
1 6 7185 488 0.5000000 7191 508 0 0
1 7 7186 487 0.5000000 7191 508 0 0
1 8 7186 487 0.5000000 7191 508 0 0
1 9 7186 487 0.5000000 7191 508 0 0
1 10 7186 487 0.5000000 7191 508 0 0
1 11 7186 487 0.5000000 7191 508 0 0
1 12 7185 487 0.5000000 7191 508 0 0
1 13 7185 487 0.5000000 7191 508 0 0
1 14 7185 487 0.5000000 7191 508 0 0
1 15 7185 487 0.5000000 7191 508 0 0
1 16 7185 487 0.5000000 7191 508 0 0
1 17 7185 487 0.5000000 7191 508 0 0
1 18 7185 487 0.5000000 7191 508 0 0
1 19 7185 487 0.5000000 7191 508 0 0
1 20 7185 487 0.5000000 7191 508 0 0
1 21 7185 487 0.5000000 7191 508 0 0
1 22 7185 487 0.5000000 7191 508 0 0
1 23 7185 487 0.5000000 7191 508 0 0
1 24 7185 487 0.5000000 7191 508 0 0
1 25 7185 487 0.5000000 7191 508 0 0
1 26 7184 487 0.5000000 7191 508 0 0
1 27 7184 487 0.5000000 7191 508 0 0
1 28 7184 487 0.5000000 7191 508 0 0
1 29 7184 488 0.5000000 7191 508 0 0
1 30 7184 487 0.5000000 7191 508 0 1
1 32 7183 486 0.5000000 7191 508 0 1
1 33 7183 485 0.5000000 7191 508 0 1
1 34 7183 484 0.5000000 7191 508 0 1
1 35 7183 484 0.5000000 7191 508 0 0
1 36 7182 484 0.5000000 7191 508 0 0
1 37 7182 484 0.5000000 7191 508 0 0
1 38 7182 483 0.5000000 7191 508 0 0
1 39 7182 483 0.5000000 7191 508 0 0
1 40 7181 483 0.5000000 7191 508 0 0
1 41 7181 483 0.5000000 7191 508 0 0
1 42 7181 483 0.5000000 7191 508 0 0
1 43 7181 482 0.5000000 7191 508 0 0
1 44 7181 482 0.5000000 7191 508 0 0
1 45 7181 482 0.5000000 7191 508 0 0
1 46 7181 482 0.5000000 7191 508 0 0
1 47 7181 482 0.5000000 7191 508 0 0
1 48 7181 482 0.5000000 7191 508 0 0
1 49 7181 482 0.5000000 7191 508 0 0
1 50 7181 482 0.5000000 7191 508 0 0
1 51 7181 482 0.5000000 7191 508 0 0
1 52 7181 482 0.5000000 7191 508 0 0
1 53 7181 482 0.5000000 7191 508 0 0
1 54 7181 482 0.5000000 7191 508 0 0
1 55 7180 481 0.5000000 7191 508 0 0
1 56 7180 481 0.5000000 7191 508 0 0
1 57 7180 481 0.5000000 7191 508 0 0
1 58 7180 481 0.5000000 7191 508 0 0
1 59 7180 481 0.5000000 7191 508 0 0
1 60 7180 481 0.5000000 7191 508 0 0
1 61 7180 481 0.5000000 7191 508 0 0
1 62 7180 481 0.5000000 7191 508 0 0
1 63 7180 481 0.5000000 7191 508 0 0
1 64 7180 481 0.5000000 7191 508 0 0
1 65 7180 481 0.5000000 7191 508 0 0
1 66 7180 481 0.5000000 7191 508 0 0
1 67 7180 481 0.5000000 7191 508 0 0
1 68 7180 481 0.5000000 7191 508 0 0
1 69 7180 481 0.5000000 7191 508 0 0
1 70 7180 481 0.5000000 7191 508 0 0
1 71 7180 481 0.5000000 7191 508 0 0
1 72 7180 481 0.5000000 7191 508 0 0
1 73 7180 481 0.5000000 7191 508 0 0
1 74 7180 481 0.5000000 7191 508 0 0
1 75 7180 481 0.5000000 7191 508 0 0
1 76 7180 481 0.5000000 7191 508 0 0
1 77 7180 481 0.5000000 7191 508 0 0
1 78 7180 481 0.5000000 7191 508 0 0
1 79 7180 481 0.5000000 7191 508 0 0
1 80 7180 481 0.5000000 7191 508 0 0
1 81 7180 481 0.5000000 7191 508 0 0
1 82 7180 481 0.5000000 7191 508 0 0
1 83 7180 481 0.5000000 7191 508 0 0
1 84 7180 481 0.5000000 7191 508 0 0
1 85 7180 481 0.5000000 7191 508 0 0
1 86 7180 481 0.5000000 7191 508 0 0
1 87 7180 481 0.5000000 7191 508 0 0
1 88 7180 481 0.5000000 7191 508 0 0
1 89 7180 481 0.5000000 7191 508 0 0
1 90 7180 481 0.5000000 7191 508 0 0
1 91 7180 482 0.5000000 7191 508 0 0
1 92 7180 482 0.5000000 7191 508 0 0
1 93 7180 482 0.5000000 7191 508 0 0
1 94 7180 482 0.5000000 7191 508 0 0
1 95 7180 482 0.5000000 7191 508 0 0
1 96 7180 482 0.5000000 7191 508 0 0
1 97 7180 482 0.5000000 7191 508 0 0
1 98 7180 482 0.5000000 7191 508 0 0
1 99 7180 482 0.5000000 7191 508 0 0
1 100 7180 482 0.5000000 7191 508 0 0
1 101 7180 482 0.5000000 7191 508 0 0
1 102 7180 482 0.5000000 7191 508 0 0
1 103 7180 482 0.5000000 7191 508 0 0
1 104 7180 482 0.5000000 7191 508 0 0
1 105 7180 482 0.5000000 7191 508 0 0
1 106 7180 482 0.5000000 7191 508 0 0
1 107 7180 482 0.5000000 7191 508 0 0
1 108 7180 482 0.5000000 7191 508 0 0
1 109 7180 482 0.5000000 7191 508 0 0
1 110 7181 483 0.5000000 7191 508 0 0
1 111 7181 483 0.5000000 7191 508 0 0
1 112 7181 482 0.5000000 7191 508 0 0
1 113 7181 482 0.5000000 7191 508 0 0
1 114 7181 482 0.5000000 7191 508 0 0
1 115 7181 482 0.5000000 7191 508 0 0
1 116 7181 482 0.5000000 7191 508 0 0
1 117 7181 482 0.5000000 7191 508 0 0
1 118 7181 482 0.5000000 7191 508 0 0
1 119 7181 482 0.5000000 7191 508 0 0
1 120 7181 482 0.5000000 7191 508 0 0
1 121 7181 482 0.5000000 7191 508 0 0
1 122 7181 482 0.5000000 7191 508 0 0
1 123 7181 482 0.5000000 7191 508 0 0
1 124 7181 482 0.5000000 7191 508 0 0
1 125 7181 482 0.5000000 7191 508 0 0
1 126 7181 482 0.5000000 7191 508 0 0
1 127 7181 482 0.5000000 7191 508 0 0
1 128 7181 482 0.5000000 7191 508 0 0
1 129 7181 481 0.5000000 7191 508 0 0
1 130 7181 481 0.5000000 7191 508 0 0
1 131 7181 481 0.5000000 7191 508 0 0
1 132 7181 481 0.5000000 7191 508 0 0
1 133 7181 481 0.5000000 7191 508 0 0
1 134 7181 481 0.5000000 7191 508 0 0
1 135 7181 481 0.5000000 7191 508 0 0
1 136 7181 481 0.5000000 7191 508 0 0
1 137 7181 481 0.5000000 7191 508 0 0
1 138 7182 481 0.5000000 7191 508 0 0
1 139 7182 481 0.5000000 7191 508 0 0
1 140 7182 481 0.5000000 7191 508 0 0
1 141 7182 481 0.5000000 7191 508 0 0
1 142 7182 480 0.5000000 7191 508 0 0
1 143 7182 480 0.5000000 7191 508 0 0
1 144 7182 480 0.5000000 7191 508 0 0
1 145 7182 480 0.5000000 7191 508 0 0
1 146 7182 480 0.5000000 7191 508 0 0
1 147 7182 480 0.5000000 7191 508 0 0
1 148 7182 480 0.5000000 7191 508 0 0
1 149 7182 480 0.5000000 7191 508 0 0
1 150 7182 480 0.5000000 7191 508 0 0
1 151 7182 480 0.5000000 7191 508 0 0
1 152 7181 480 0.5000000 7191 508 0 0
1 153 7181 480 0.5000000 7191 508 0 0
1 154 7181 480 0.5000000 7191 508 0 0
1 155 7181 480 0.5000000 7191 508 0 0
1 156 7181 480 0.5000000 7191 508 0 0
1 157 7181 480 0.5000000 7191 508 0 0
1 158 7181 480 0.5000000 7191 508 0 0
1 159 7181 480 0.5000000 7191 508 0 0
1 160 7181 480 0.5000000 7191 508 0 0
1 161 7181 480 0.5000000 7191 508 0 0
