21 0 6477 800 0.5000000 6473 801 0 0
21 1 6477 800 0.5000000 6473 801 0 0
21 2 6477 800 0.5000000 6473 801 0 0
21 3 6477 800 0.5000000 6473 801 0 0
21 4 6477 800 0.5000000 6473 801 0 0
21 5 6478 800 0.5000000 6473 801 0 0
21 6 6478 800 0.5000000 6473 801 0 0
21 7 6478 801 0.5000000 6473 801 0 0
21 8 6478 801 0.5000000 6473 801 0 0
21 9 6478 801 0.5000000 6473 801 0 0
21 10 6478 801 0.5000000 6473 801 0 0
21 11 6478 801 0.5000000 6473 801 0 0
21 12 6479 801 0.5000000 6473 801 0 0
21 13 6479 801 0.5000000 6473 801 0 0
21 14 6479 801 0.5000000 6473 801 0 0
21 15 6479 801 0.5000000 6473 801 0 0
21 16 6479 801 0.5000000 6473 801 0 0
21 17 6479 801 0.5000000 6473 801 0 0
21 18 6479 801 0.5000000 6473 801 0 0
21 19 6479 801 0.5000000 6473 801 0 0
21 20 6479 801 0.5000000 6473 801 0 0
21 21 6479 801 0.5000000 6473 801 0 0
21 22 6479 800 0.5000000 6473 801 0 0
21 23 6479 800 0.5000000 6473 801 0 0
21 24 6479 800 0.5000000 6473 801 0 0
21 25 6479 800 0.5000000 6473 801 0 0
21 26 6479 800 0.5000000 6473 801 0 0
21 27 6479 799 0.5000000 6473 801 0 0
21 28 6479 799 0.5000000 6473 801 0 0
21 29 6479 799 0.5000000 6473 801 0 0
21 30 6479 798 0.5000000 6473 801 0 0
21 31 6479 798 0.5000000 6473 801 0 0
21 32 6479 798 0.5000000 6473 801 0 0
21 33 6479 798 0.5000000 6473 801 0 0
21 34 6480 798 0.5000000 6473 801 0 0
21 35 6480 798 0.5000000 6473 801 0 0
21 36 6480 798 0.5000000 6473 801 0 0
21 37 6481 797 0.5000000 6473 801 0 0
21 38 6481 797 0.5000000 6473 801 0 0
21 39 6481 797 0.5000000 6473 801 0 0
21 40 6481 796 0.5000000 6473 801 0 0
21 41 6481 796 0.5000000 6473 801 0 1
21 42 6481 795 0.5000000 6473 801 0 0
21 43 6482 795 0.5000000 6473 801 0 0
21 44 6482 795 0.5000000 6473 801 0 0
21 45 6482 795 0.5000000 6473 801 0 0
21 46 6483 795 0.5000000 6473 801 -1 0
21 47 6483 795 0.5000000 6473 801 0 0
21 48 6483 795 0.5000000 6473 801 0 0
21 49 6484 795 0.5000000 6473 801 0 0
21 50 6484 795 0.5000000 6473 801 0 0
21 51 6484 794 0.5000000 6473 801 0 0
21 52 6484 794 0.5000000 6473 801 0 0
21 53 6485 794 0.5000000 6473 801 0 0
21 54 6485 794 0.5000000 6473 801 0 0
21 55 6485 795 0.5000000 6473 801 0 0
21 56 6485 795 0.5000000 6473 801 0 0
21 57 6485 795 0.5000000 6473 801 0 0
21 58 6485 795 0.5000000 6473 801 0 0
21 59 6485 795 0.5000000 6473 801 0 0
21 60 6485 795 0.5000000 6473 801 0 0
21 61 6485 795 0.5000000 6473 801 0 0
21 62 6485 795 0.5000000 6473 801 0 0
21 63 6485 795 0.5000000 6473 801 0 0
21 64 6485 795 0.5000000 6473 801 0 0
21 65 6485 795 0.5000000 6473 801 0 0
21 66 6485 795 0.5000000 6473 801 0 0
21 67 6485 795 0.5000000 6473 801 0 0
21 68 6485 795 0.5000000 6473 801 0 0
21 69 6485 795 0.5000000 6473 801 0 0
21 70 6485 795 0.5000000 6473 801 0 0
21 71 6485 795 0.5000000 6473 801 0 0
21 72 6485 795 0.5000000 6473 801 0 0
21 73 6485 795 0.5000000 6473 801 0 0
21 74 6485 794 0.5000000 6473 801 0 0
21 75 6485 794 0.5000000 6473 801 0 0
21 76 6485 794 0.5000000 6473 801 0 0
21 77 6485 794 0.5000000 6473 801 0 0
21 78 6485 794 0.5000000 6473 801 0 0
21 79 6485 794 0.5000000 6473 801 0 0
21 80 6485 794 0.5000000 6473 801 0 0
21 81 6484 794 0.5000000 6473 801 0 0
21 82 6484 794 0.5000000 6473 801 0 0
21 83 6484 794 0.5000000 6473 801 0 0
21 84 6483 794 0.5000000 6473 801 1 0
21 85 6483 794 0.5000000 6473 801 0 0
21 86 6482 794 0.5000000 6473 801 1 0
21 87 6482 794 0.5000000 6473 801 1 0
21 88 6481 794 0.5000000 6473 801 1 0
21 89 6481 794 0.5000000 6473 801 0 0
21 90 6480 794 0.5000000 6473 801 0 0
21 91 6480 794 0.5000000 6473 801 0 0
21 92 6480 794 0.5000000 6473 801 0 0
21 93 6480 794 0.5000000 6473 801 0 0
21 94 6479 794 0.5000000 6473 801 0 0
21 95 6479 795 0.5000000 6473 801 0 0
21 96 6478 795 0.5000000 6473 801 1 0
21 97 6478 795 0.5000000 6473 801 1 0
21 98 6477 795 0.5000000 6473 801 0 0
21 99 6477 795 0.5000000 6473 801 1 0
21 100 6476 795 0.5000000 6473 801 1 0
21 101 6476 796 0.5000000 6473 801 1 0
21 102 6475 796 0.5000000 6473 801 0 0
21 103 6475 796 0.5000000 6473 801 0 0
21 104 6474 796 0.5000000 6473 801 0 0
21 105 6474 796 0.5000000 6473 801 0 0
21 106 6473 797 0.5000000 6473 801 1 0
21 107 6472 797 0.5000000 6473 801 1 -1
21 108 6472 798 0.5000000 6473 801 1 0
21 109 6471 798 0.5000000 6473 801 1 0
21 110 6470 798 0.5000000 6473 801 1 0
21 111 6470 799 0.5000000 6473 801 1 0
21 112 6469 799 0.5000000 6473 801 1 0
21 113 6468 799 0.5000000 6473 801 1 0
21 114 6467 799 0.5000000 6473 801 1 0
21 115 6467 800 0.5000000 6473 801 1 0
21 116 6466 800 0.5000000 6473 801 1 0
21 117 6465 800 0.5000000 6473 801 1 0
21 118 6464 800 0.5000000 6473 801 1 0
21 119 6463 801 0.5000000 6473 801 1 0
21 120 6462 801 0.5000000 6473 801 1 0
21 121 6461 801 0.5000000 6473 801 2 0
21 122 6460 801 0.5000000 6473 801 1 0
21 123 6459 802 0.5000000 6473 801 1 0
21 124 6459 802 0.5000000 6473 801 1 0
21 125 6457 802 0.5000000 6473 801 2 0
21 126 6456 802 0.5000000 6473 801 2 0
21 127 6456 802 0.5000000 6473 801 1 0
21 128 6455 802 0.5000000 6473 801 1 0
21 129 6454 803 0.5000000 6473 801 1 0
21 130 6453 803 0.5000000 6473 801 1 0
21 131 6452 803 0.5000000 6473 801 2 0
21 132 6451 803 0.5000000 6473 801 2 0
21 133 6450 803 0.5000000 6473 801 1 0
21 134 6449 803 0.5000000 6473 801 1 0
21 135 6448 803 0.5000000 6473 801 1 0
21 136 6447 804 0.5000000 6473 801 1 0
21 137 6447 804 0.5000000 6473 801 1 0
21 138 6446 804 0.5000000 6473 801 1 0
21 139 6445 805 0.5000000 6473 801 1 0
21 140 6445 805 0.5000000 6473 801 1 0
21 141 6444 805 0.5000000 6473 801 1 0
21 142 6444 805 0.5000000 6473 801 1 0
21 143 6443 806 0.5000000 6473 801 0 0
21 144 6443 806 0.5000000 6473 801 1 0
21 145 6442 806 0.5000000 6473 801 0 0
21 146 6442 806 0.5000000 6473 801 0 0
21 147 6441 807 0.5000000 6473 801 1 0
21 148 6441 807 0.5000000 6473 801 1 0
21 149 6440 807 0.5000000 6473 801 1 0
21 150 6439 807 0.5000000 6473 801 1 0
21 151 6439 807 0.5000000 6473 801 1 0
21 152 6438 808 0.5000000 6473 801 1 0
21 153 6437 808 0.5000000 6473 801 1 0
21 154 6437 808 0.5000000 6473 801 0 0
21 155 6436 808 0.5000000 6473 801 1 0
21 156 6436 808 0.5000000 6473 801 1 0
21 157 6435 809 0.5000000 6473 801 1 0
21 158 6435 809 0.5000000 6473 801 0 0
21 159 6434 809 0.5000000 6473 801 0 0
21 160 6434 809 0.5000000 6473 801 0 0
21 161 6433 810 0.5000000 6473 801 0 0
21 162 6433 810 0.5000000 6473 801 0 0
21 163 6433 810 0.5000000 6473 801 0 0
21 164 6433 811 0.5000000 6473 801 0 0
21 165 6432 811 0.5000000 6473 801 0 0
21 166 6432 812 0.5000000 6473 801 0 0
21 167 6432 812 0.5000000 6473 801 0 0
21 168 6432 812 0.5000000 6473 801 0 0
21 169 6431 812 0.5000000 6473 801 0 0
21 170 6431 812 0.5000000 6473 801 0 0
21 171 6431 813 0.5000000 6473 801 0 0
21 172 6431 813 0.5000000 6473 801 0 0
21 173 6430 813 0.5000000 6473 801 0 0
21 174 6430 813 0.5000000 6473 801 0 0
21 175 6430 813 0.5000000 6473 801 0 0
21 176 6429 813 0.5000000 6473 801 0 0
21 177 6429 813 0.5000000 6473 801 0 0
21 178 6429 813 0.5000000 6473 801 0 0
21 179 6429 813 0.5000000 6473 801 0 0
21 180 6429 813 0.5000000 6473 801 0 0
21 181 6429 813 0.5000000 6473 801 0 0
21 182 6429 813 0.5000000 6473 801 0 0
21 183 6429 813 0.5000000 6473 801 0 0
21 184 6429 813 0.5000000 6473 801 0 0
21 185 6429 813 0.5000000 6473 801 0 0
21 186 6429 813 0.5000000 6473 801 0 0
21 187 6429 813 0.5000000 6473 801 0 0
21 188 6429 813 0.5000000 6473 801 0 0
21 189 6429 813 0.5000000 6473 801 0 0
21 190 6429 813 0.5000000 6473 801 0 0
21 191 6429 813 0.5000000 6473 801 0 0
21 192 6429 813 0.5000000 6473 801 0 0
21 193 6429 813 0.5000000 6473 801 0 0
21 194 6429 813 0.5000000 6473 801 0 0
21 195 6429 814 0.5000000 6473 801 0 0
21 196 6429 814 0.5000000 6473 801 0 0
21 197 6429 814 0.5000000 6473 801 0 0
21 198 6429 814 0.5000000 6473 801 0 0
21 199 6430 814 0.5000000 6473 801 0 0
21 200 6430 814 0.5000000 6473 801 0 0
21 201 6430 814 0.5000000 6473 801 0 0
21 202 6430 814 0.5000000 6473 801 0 0
21 203 6430 813 0.5000000 6473 801 0 0
21 204 6430 813 0.5000000 6473 801 0 0
21 205 6430 813 0.5000000 6473 801 0 0
21 206 6430 813 0.5000000 6473 801 0 0
21 207 6430 813 0.5000000 6473 801 0 0
21 208 6431 813 0.5000000 6473 801 0 0
21 209 6431 813 0.5000000 6473 801 0 0
21 210 6431 813 0.5000000 6473 801 0 0
21 211 6431 814 0.5000000 6473 801 0 0
21 212 6431 814 0.5000000 6473 801 0 0
21 213 6431 814 0.5000000 6473 801 0 0
21 214 6431 814 0.5000000 6473 801 0 0
21 215 6431 814 0.5000000 6473 801 0 0
21 216 6431 814 0.5000000 6473 801 0 0
21 217 6431 814 0.5000000 6473 801 0 0
21 218 6431 813 0.5000000 6473 801 0 0
21 219 6431 813 0.5000000 6473 801 0 0
21 220 6431 813 0.5000000 6473 801 0 0
21 221 6431 813 0.5000000 6473 801 0 0
21 222 6431 813 0.5000000 6473 801 0 0
21 223 6431 813 0.5000000 6473 801 0 0
21 224 6431 813 0.5000000 6473 801 0 0
21 225 6431 813 0.5000000 6473 801 0 0
21 226 6432 813 0.5000000 6473 801 0 0
21 227 6432 813 0.5000000 6473 801 0 0
21 228 6432 813 0.5000000 6473 801 0 0
21 229 6432 813 0.5000000 6473 801 0 0
21 230 6432 813 0.5000000 6473 801 0 0
21 231 6432 813 0.5000000 6473 801 0 0
21 232 6432 813 0.5000000 6473 801 0 0
21 233 6432 813 0.5000000 6473 801 0 0
21 234 6432 813 0.5000000 6473 801 0 0
21 235 6432 813 0.5000000 6473 801 0 0
21 236 6432 812 0.5000000 6473 801 0 0