24 0 9377 815 0.5000000 9380 820 0 0
24 1 9377 815 0.5000000 9380 820 0 0
24 2 9377 815 0.5000000 9380 820 0 0
24 3 9376 816 0.5000000 9380 820 0 -1
24 4 9376 816 0.5000000 9380 820 0 0
24 5 9376 817 0.5000000 9380 820 0 -1
24 6 9376 818 0.5000000 9380 820 0 -2
24 7 9376 819 0.5000000 9380 820 0 -2
24 8 9375 820 0.5000000 9380 820 0 -2
24 9 9375 822 0.5000000 9380 820 1 -2
24 10 9374 823 0.5000000 9380 820 1 -1
24 11 9373 823 0.5000000 9380 820 2 -1
24 12 9372 823 0.5000000 9380 820 2 0
24 13 9371 823 0.5000000 9380 820 1 0
24 14 9370 822 0.5000000 9380 820 1 0
24 15 9369 822 0.5000000 9380 820 1 0
24 16 9368 821 0.5000000 9380 820 1 1
24 17 9368 820 0.5000000 9380 820 0 1
24 18 9368 819 0.5000000 9380 820 0 1
24 19 9368 818 0.5000000 9380 820 0 2
24 20 9368 817 0.5000000 9380 820 0 2
24 21 9369 816 0.5000000 9380 820 0 2
24 22 9369 814 0.5000000 9380 820 0 2
24 23 9369 813 0.5000000 9380 820 0 1
24 24 9369 813 0.5000000 9380 820 0 1
24 25 9369 812 0.5000000 9380 820 0 1
24 26 9370 811 0.5000000 9380 820 0 1
24 27 9369 810 0.5000000 9380 820 0 1
24 28 9369 809 0.5000000 9380 820 0 1
24 29 9370 808 0.5000000 9380 820 0 1
24 30 9369 808 0.5000000 9380 820 0 1
24 31 9369 807 0.5000000 9380 820 0 1
24 32 9369 807 0.5000000 9380 820 0 0
24 33 9369 806 0.5000000 9380 820 0 0
24 34 9369 807 0.5000000 9380 820 0 0
24 35 9369 807 0.5000000 9380 820 0 0
24 36 9369 807 0.5000000 9380 820 0 0
24 37 9369 808 0.5000000 9380 820 0 -1
24 38 9369 808 0.5000000 9380 820 0 0
24 41 9370 808 0.5000000 9380 820 -1 0
24 42 9371 809 0.5000000 9380 820 -1 0
24 43 9372 809 0.5000000 9380 820 -2 0
24 44 9373 809 0.5000000 9380 820 -2 0
24 45 9374 809 0.5000000 9380 820 -1 0
24 46 9375 809 0.5000000 9380 820 -1 0
24 47 9375 809 0.5000000 9380 820 -1 0
24 48 9376 809 0.5000000 9380 820 0 0
24 49 9376 808 0.5000000 9380 820 0 0
24 50 9377 808 0.5000000 9380 820 0 0
24 51 9377 807 0.5000000 9380 820 0 1
24 52 9377 807 0.5000000 9380 820 0 1
24 53 9377 806 0.5000000 9380 820 0 1
24 54 9377 804 0.5000000 9380 820 0 2
24 55 9376 803 0.5000000 9380 820 0 2
24 56 9376 802 0.5000000 9380 820 1 2
24 57 9375 801 0.5000000 9380 820 0 2
24 58 9375 799 0.5000000 9380 820 0 2
24 59 9374 799 0.5000000 9380 820 1 1
24 60 9373 798 0.5000000 9380 820 2 1
24 61 9372 797 0.5000000 9380 820 2 1
24 62 9370 796 0.5000000 9380 820 2 2
24 63 9369 795 0.5000000 9380 820 2 2
24 64 9368 793 0.5000000 9380 820 1 2
24 65 9367 792 0.5000000 9380 820 1 2
24 66 9367 791 0.5000000 9380 820 0 2
24 67 9367 790 0.5000000 9380 820 0 2
24 68 9367 788 0.5000000 9380 820 0 3
24 69 9367 786 0.5000000 9380 820 0 3
24 70 9367 785 0.5000000 9380 820 0 2
24 71 9368 784 0.5000000 9380 820 -1 2
24 72 9369 782 0.5000000 9380 820 -2 2
24 73 9370 781 0.5000000 9380 820 -1 2
24 74 9370 780 0.5000000 9380 820 -1 2
24 75 9371 779 0.5000000 9380 820 0 2
24 76 9371 778 0.5000000 9380 820 0 2
24 77 9372 777 0.5000000 9380 820 -1 2
24 78 9372 776 0.5000000 9380 820 0 2
24 79 9373 774 0.5000000 9380 820 0 2
24 80 9373 773 0.5000000 9380 820 0 2
24 81 9373 772 0.5000000 9380 820 0 2
24 82 9374 770 0.5000000 9380 820 0 2
24 83 9374 769 0.5000000 9380 820 0 2
24 84 9375 768 0.5000000 9380 820 0 2
24 85 9375 767 0.5000000 9380 820 0 1
24 86 9375 767 0.5000000 9380 820 0 0
24 87 9375 767 0.5000000 9380 820 0 0
24 88 9375 767 0.5000000 9380 820 0 0
24 89 9375 767 0.5000000 9380 820 0 0
24 90 9375 767 0.5000000 9380 820 0 0
24 91 9375 768 0.5000000 9380 820 0 -1
24 92 9375 768 0.5000000 9380 820 0 -1
24 93 9375 769 0.5000000 9380 820 0 -1
24 94 9376 770 0.5000000 9380 820 0 -1
24 95 9376 771 0.5000000 9380 820 -1 -1
24 96 9377 772 0.5000000 9380 820 -1 -1
24 97 9378 773 0.5000000 9380 820 -1 -1
24 98 9379 773 0.5000000 9380 820 -1 -1
24 99 9379 774 0.5000000 9380 820 -1 -1
24 100 9380 775 0.5000000 9380 820 -1 -1
24 101 9381 776 0.5000000 9380 820 -1 -1
24 102 9382 777 0.5000000 9380 820 -1 -2
24 103 9383 778 0.5000000 9380 820 -1 -1
24 104 9383 779 0.5000000 9380 820 0 -1
24 105 9384 780 0.5000000 9380 820 -1 -2
