40 0 7521 561 0.5000000 9731 369 1 0
40 1 7521 561 0.5000000 9731 369 1 0
40 2 7520 561 0.5000000 9731 369 1 0
40 3 7520 562 0.5000000 9731 369 1 -1
40 4 7519 563 0.5000000 9731 369 0 -1
40 5 7519 563 0.5000000 9731 369 0 0
40 7 7519 563 0.5000000 9731 369 0 0
40 8 7518 564 0.5000000 9731 369 0 0
40 9 7518 564 0.5000000 9731 369 0 0
40 10 7518 564 0.5000000 9731 369 0 0
40 11 7518 563 0.5000000 9731 369 0 0
40 12 7518 563 0.5000000 9731 369 0 0
40 13 7518 563 0.5000000 9731 369 0 0
40 14 7518 562 0.5000000 9731 369 0 1
40 15 7518 561 0.5000000 9731 369 0 2
40 16 7517 560 0.5000000 9731 369 0 2
40 17 7517 558 0.5000000 9731 369 0 2
40 18 7517 557 0.5000000 9731 369 0 2
40 19 7517 556 0.5000000 9731 369 0 2
40 20 7517 555 0.5000000 9731 369 0 2
40 21 7516 554 0.5000000 9731 369 1 2
40 22 7516 552 0.5000000 9731 369 1 2
40 23 7515 552 0.5000000 9731 369 1 1
40 24 7515 551 0.5000000 9731 369 0 1
40 25 7514 550 0.5000000 9731 369 0 1
40 26 7514 550 0.5000000 9731 369 0 0
40 27 7514 550 0.5000000 9731 369 0 0
40 28 7514 549 0.5000000 9731 369 0 0
40 29 7513 550 0.5000000 9731 369 0 0
40 30 7513 550 0.5000000 9731 369 0 0
40 31 7512 550 0.5000000 9731 369 1 0
40 32 7512 551 0.5000000 9731 369 1 0
40 33 7511 551 0.5000000 9731 369 1 -1
40 34 7511 552 0.5000000 9731 369 0 -1
40 35 7510 553 0.5000000 9731 369 0 -1
40 36 7510 554 0.5000000 9731 369 0 -2
40 37 7510 555 0.5000000 9731 369 0 -2
40 38 7510 556 0.5000000 9731 369 0 -2
40 39 7510 558 0.5000000 9731 369 0 -2
40 40 7509 559 0.5000000 9731 369 0 -3
40 41 7509 561 0.5000000 9731 369 0 -3
40 42 7509 562 0.5000000 9731 369 0 -3
40 43 7509 564 0.5000000 9731 369 0 -3
40 44 7509 566 0.5000000 9731 369 0 -3
40 46 7509 567 0.5000000 9731 369 0 -3
40 47 7508 569 0.5000000 9731 369 0 -3
40 48 7508 570 0.5000000 9731 369 0 -3
40 49 7508 572 0.5000000 9731 369 0 -3
40 50 7508 574 0.5000000 9731 369 0 -3
40 51 7508 575 0.5000000 9731 369 0 -3
40 52 7508 577 0.5000000 9731 369 0 -3
40 53 7508 579 0.5000000 9731 369 0 -3
40 54 7508 580 0.5000000 9731 369 0 -3
40 55 7509 582 0.5000000 9731 369 0 -3
40 57 7509 584 0.5000000 9731 369 0 -3
40 58 7509 586 0.5000000 9731 369 0 -3
40 59 7509 587 0.5000000 9731 369 0 -3
40 60 7509 589 0.5000000 9731 369 0 -3
40 62 7508 591 0.5000000 9731 369 0 -3
40 63 7508 593 0.5000000 9731 369 0 -3
40 64 7508 595 0.5000000 9731 369 0 -3
40 65 7508 596 0.5000000 9731 369 0 -3
40 66 7508 598 0.5000000 9731 369 0 -2
40 67 7507 599 0.5000000 9731 369 0 -3
40 68 7507 601 0.5000000 9731 369 0 -3
40 69 7507 603 0.5000000 9731 369 0 -3
40 70 7507 604 0.5000000 9731 369 0 -3
40 71 7507 606 0.5000000 9731 369 0 -3
40 72 7507 608 0.5000000 9731 369 0 -3
40 73 7507 609 0.5000000 9731 369 0 -3
40 74 7507 611 0.5000000 9731 369 0 -3
40 75 7507 612 0.5000000 9731 369 0 -2
40 76 7507 613 0.5000000 9731 369 0 -2
40 77 7507 615 0.5000000 9731 369 0 -2
40 78 7507 616 0.5000000 9731 369 0 -2
40 79 7507 617 0.5000000 9731 369 0 -1
40 80 7507 617 0.5000000 9731 369 0 -1
40 81 7507 618 0.5000000 9731 369 0 -1
40 82 7507 619 0.5000000 9731 369 0 -1
40 83 7508 620 0.5000000 9731 369 0 -1
40 84 7508 621 0.5000000 9731 369 0 -1
40 85 7508 622 0.5000000 9731 369 0 -1
40 86 7509 623 0.5000000 9731 369 0 -1
40 87 7509 624 0.5000000 9731 369 0 -2
40 88 7510 625 0.5000000 9731 369 0 -2
40 89 7510 626 0.5000000 9731 369 -1 -2
40 90 7511 627 0.5000000 9731 369 -1 -2
40 93 7511 628 0.5000000 9731 369 -1 -1
40 95 7512 629 0.5000000 9731 369 -1 -1
40 96 7513 630 0.5000000 9731 369 -1 -1
40 97 7513 630 0.5000000 9731 369 0 -1
40 98 7513 631 0.5000000 9731 369 -1 0
40 99 7514 631 0.5000000 9731 369 0 -1
40 103 7515 631 0.5000000 9731 369 -1 0
40 104 7515 632 0.5000000 9731 369 -1 0
40 105 7516 632 0.5000000 9731 369 -1 -1
40 106 7516 633 0.5000000 9731 369 -1 0
40 107 7517 633 0.5000000 9731 369 -1 -1
40 108 7518 634 0.5000000 9731 369 -1 -1
40 109 7518 635 0.5000000 9731 369 -1 -1
40 110 7519 635 0.5000000 9731 369 -1 -1
40 111 7519 636 0.5000000 9731 369 -1 -1
40 112 7520 636 0.5000000 9731 369 -1 -1
40 113 7521 637 0.5000000 9731 369 -1 -1
40 114 7521 638 0.5000000 9731 369 0 -1
40 115 7521 638 0.5000000 9731 369 0 -1
40 116 7522 639 0.5000000 9731 369 0 -1
40 117 7522 640 0.5000000 9731 369 0 -1
40 118 7522 641 0.5000000 9731 369 0 -1
40 119 7522 642 0.5000000 9731 369 0 -1
40 120 7523 643 0.5000000 9731 369 0 -1
40 121 7523 643 0.5000000 9731 369 0 -1
40 122 7523 644 0.5000000 9731 369 0 -1
40 123 7523 644 0.5000000 9731 369 0 -1
40 124 7523 645 0.5000000 9731 369 0 0
40 125 7523 645 0.5000000 9731 369 0 0
40 126 7523 645 0.5000000 9731 369 0 0
40 127 7523 646 0.5000000 9731 369 0 -1
40 128 7523 647 0.5000000 9731 369 0 -1
40 129 7523 647 0.5000000 9731 369 0 -1
40 130 7523 648 0.5000000 9731 369 0 -1
40 132 7523 649 0.5000000 9731 369 0 -1
40 133 7523 649 0.5000000 9731 369 0 -1
40 134 7523 650 0.5000000 9731 369 0 -1
40 135 7522 651 0.5000000 9731 369 0 -1
40 136 7522 651 0.5000000 9731 369 0 -1
40 137 7522 651 0.5000000 9731 369 0 0
40 138 7523 651 0.5000000 9731 369 0 0
40 140 7523 651 0.5000000 9731 369 0 1
40 141 7523 650 0.5000000 9731 369 0 0
40 142 7522 650 0.5000000 9731 369 0 0
40 143 7522 650 0.5000000 9731 369 0 0
40 144 7522 650 0.5000000 9731 369 0 0
40 145 7522 649 0.5000000 9731 369 0 0
40 146 7523 649 0.5000000 9731 369 0 0
40 147 7523 649 0.5000000 9731 369 0 0
40 148 7523 648 0.5000000 9731 369 0 0
40 149 7522 648 0.5000000 9731 369 0 0
40 150 7522 648 0.5000000 9731 369 0 0
40 151 7522 648 0.5000000 9731 369 0 0
40 152 7523 648 0.5000000 9731 369 0 0
40 153 7523 649 0.5000000 9731 369 0 0
40 154 7523 649 0.5000000 9731 369 0 0
40 156 7523 649 0.5000000 9731 369 0 0
40 157 7523 650 0.5000000 9731 369 0 0
40 158 7523 650 0.5000000 9731 369 0 -1
40 159 7523 651 0.5000000 9731 369 0 -1
40 160 7523 652 0.5000000 9731 369 0 -1
40 161 7523 652 0.5000000 9731 369 0 -1
40 162 7523 653 0.5000000 9731 369 0 -1
40 163 7523 654 0.5000000 9731 369 0 -1
40 164 7522 655 0.5000000 9731 369 0 -1
40 165 7522 656 0.5000000 9731 369 0 -1
40 166 7522 657 0.5000000 9731 369 0 -2
40 167 7521 658 0.5000000 9731 369 0 -2
40 168 7521 659 0.5000000 9731 369 0 -2
40 169 7520 660 0.5000000 9731 369 1 -2
40 170 7520 661 0.5000000 9731 369 0 -2
40 171 7519 662 0.5000000 9731 369 0 -2
40 172 7519 663 0.5000000 9731 369 0 -2
40 173 7519 664 0.5000000 9731 369 0 -2
40 174 7519 666 0.5000000 9731 369 0 -2
40 175 7519 667 0.5000000 9731 369 0 -2
40 176 7519 668 0.5000000 9731 369 0 -2
40 177 7520 669 0.5000000 9731 369 0 -2
40 178 7520 670 0.5000000 9731 369 0 -2
40 179 7520 671 0.5000000 9731 369 0 -2
40 180 7520 672 0.5000000 9731 369 0 -2
40 181 7520 674 0.5000000 9731 369 0 -2
40 182 7520 675 0.5000000 9731 369 0 -1
40 183 7520 675 0.5000000 9731 369 0 -1
40 184 7519 676 0.5000000 9731 369 0 -1
40 185 7519 677 0.5000000 9731 369 0 -1
40 188 7519 678 0.5000000 9731 369 1 -1
40 189 7518 679 0.5000000 9731 369 1 -1
