9 0 6019 579 0.5000000 5390 59 0 0
9 1 6019 579 0.5000000 5390 59 0 0
9 2 6020 578 0.5000000 5390 59 0 0
9 3 6020 578 0.5000000 5390 59 0 0
9 4 6020 579 0.5000000 5390 59 0 0
9 5 6020 579 0.5000000 5390 59 0 0
9 7 6019 581 0.5000000 5390 59 0 -3
9 8 6019 583 0.5000000 5390 59 0 -3
9 9 6019 584 0.5000000 5390 59 0 -2
9 10 6019 585 0.5000000 5390 59 0 -2
9 11 6020 587 0.5000000 5390 59 0 -2
9 12 6020 588 0.5000000 5390 59 0 -2
9 13 6020 589 0.5000000 5390 59 0 -2
9 14 6021 590 0.5000000 5390 59 -1 -1
9 15 6021 590 0.5000000 5390 59 -1 0
9 16 6023 591 0.5000000 5390 59 -2 0
9 17 6024 591 0.5000000 5390 59 -3 -1
9 18 6026 592 0.5000000 5390 59 -3 -1
9 19 6028 593 0.5000000 5390 59 -3 -1
9 20 6030 594 0.5000000 5390 59 -3 -1
9 21 6032 595 0.5000000 5390 59 -4 -1
9 22 6034 596 0.5000000 5390 59 -4 -1
9 23 6036 597 0.5000000 5390 59 -4 -1
9 24 6038 598 0.5000000 5390 59 -4 -1
9 25 6040 599 0.5000000 5390 59 -4 -2
9 26 6042 600 0.5000000 5390 59 -4 -2
9 27 6044 601 0.5000000 5390 59 -4 -2
9 28 6046 602 0.5000000 5390 59 -3 -2
9 29 6048 603 0.5000000 5390 59 -3 -2
9 30 6050 605 0.5000000 5390 59 -3 -2
9 31 6051 606 0.5000000 5390 59 -2 -2
9 32 6052 607 0.5000000 5390 59 -2 -2
9 33 6053 608 0.5000000 5390 59 -1 -2
9 34 6054 609 0.5000000 5390 59 -1 -2
9 35 6055 610 0.5000000 5390 59 -1 -2
9 36 6055 611 0.5000000 5390 59 -1 -1
9 37 6056 612 0.5000000 5390 59 -1 -1
9 38 6056 612 0.5000000 5390 59 -1 -1
9 39 6057 613 0.5000000 5390 59 0 -1
9 40 6057 613 0.5000000 5390 59 0 0
9 41 6058 614 0.5000000 5390 59 0 -1
9 42 6058 614 0.5000000 5390 59 0 0
9 43 6058 615 0.5000000 5390 59 0 0
9 44 6058 615 0.5000000 5390 59 0 0
9 45 6059 615 0.5000000 5390 59 0 0
9 46 6059 615 0.5000000 5390 59 0 0
9 47 6059 615 0.5000000 5390 59 0 0
9 48 6059 616 0.5000000 5390 59 0 0
9 49 6059 616 0.5000000 5390 59 0 0
9 50 6059 616 0.5000000 5390 59 0 0
9 51 6059 616 0.5000000 5390 59 0 0
9 52 6059 616 0.5000000 5390 59 0 0
9 53 6059 616 0.5000000 5390 59 0 0
9 54 6059 616 0.5000000 5390 59 0 0
9 55 6059 616 0.5000000 5390 59 0 0
9 56 6059 616 0.5000000 5390 59 0 0
9 57 6059 616 0.5000000 5390 59 0 0
9 58 6059 616 0.5000000 5390 59 0 0
9 59 6059 616 0.5000000 5390 59 0 0
9 60 6059 616 0.5000000 5390 59 0 0
9 61 6059 616 0.5000000 5390 59 0 0
9 62 6059 616 0.5000000 5390 59 0 0
9 63 6059 616 0.5000000 5390 59 0 0
9 64 6059 616 0.5000000 5390 59 0 0
9 65 6059 616 0.5000000 5390 59 0 0
9 66 6059 616 0.5000000 5390 59 0 0
9 67 6059 616 0.5000000 5390 59 0 0
9 68 6059 616 0.5000000 5390 59 0 0
9 69 6059 616 0.5000000 5390 59 0 0
9 70 6059 616 0.5000000 5390 59 0 0
9 71 6059 616 0.5000000 5390 59 0 0
9 72 6059 616 0.5000000 5390 59 0 0
9 73 6059 616 0.5000000 5390 59 0 0
9 74 6059 616 0.5000000 5390 59 0 0
9 75 6059 616 0.5000000 5390 59 0 0
9 76 6059 616 0.5000000 5390 59 0 0
9 77 6059 616 0.5000000 5390 59 0 0
9 78 6059 616 0.5000000 5390 59 0 0
9 79 6059 616 0.5000000 5390 59 0 0
9 80 6059 616 0.5000000 5390 59 0 0
9 81 6059 616 0.5000000 5390 59 0 0
9 82 6059 616 0.5000000 5390 59 0 0
9 83 6059 616 0.5000000 5390 59 0 0
9 84 6059 616 0.5000000 5390 59 0 0
9 85 6059 616 0.5000000 5390 59 0 0
9 86 6059 616 0.5000000 5390 59 0 0
9 87 6060 615 0.5000000 5390 59 -1 0
9 88 6061 615 0.5000000 5390 59 -1 0
9 89 6061 615 0.5000000 5390 59 -1 0
9 90 6062 614 0.5000000 5390 59 -1 0
9 91 6062 614 0.5000000 5390 59 0 0
9 92 6062 613 0.5000000 5390 59 0 1
9 93 6062 612 0.5000000 5390 59 0 1
9 94 6062 611 0.5000000 5390 59 0 2
9 95 6063 610 0.5000000 5390 59 0 2
9 96 6063 609 0.5000000 5390 59 0 2
9 97 6063 608 0.5000000 5390 59 0 2
9 98 6063 606 0.5000000 5390 59 0 2
9 99 6063 605 0.5000000 5390 59 0 2
9 100 6063 604 0.5000000 5390 59 0 2
9 101 6063 603 0.5000000 5390 59 0 1
9 102 6063 602 0.5000000 5390 59 0 1
9 103 6063 602 0.5000000 5390 59 0 1
9 104 6063 601 0.5000000 5390 59 0 1
9 105 6063 600 0.5000000 5390 59 0 1
9 106 6063 600 0.5000000 5390 59 0 1
9 107 6063 599 0.5000000 5390 59 0 1
9 108 6063 599 0.5000000 5390 59 0 1
9 109 6063 598 0.5000000 5390 59 0 0
9 110 6064 598 0.5000000 5390 59 0 1
9 111 6064 597 0.5000000 5390 59 0 0
9 112 6064 597 0.5000000 5390 59 0 0
9 113 6064 596 0.5000000 5390 59 0 0
9 114 6064 596 0.5000000 5390 59 0 0
9 115 6064 596 0.5000000 5390 59 0 0
9 116 6064 596 0.5000000 5390 59 0 0
9 117 6064 596 0.5000000 5390 59 0 0
9 118 6064 596 0.5000000 5390 59 0 0
9 119 6065 596 0.5000000 5390 59 0 0
9 120 6065 595 0.5000000 5390 59 0 0
9 121 6065 595 0.5000000 5390 59 0 0
9 122 6064 595 0.5000000 5390 59 0 0
9 123 6064 595 0.5000000 5390 59 0 0
9 124 6064 595 0.5000000 5390 59 0 0
9 125 6064 596 0.5000000 5390 59 0 0
9 126 6063 596 0.5000000 5390 59 0 0
9 127 6063 596 0.5000000 5390 59 0 0
9 128 6063 596 0.5000000 5390 59 0 0
9 129 6063 596 0.5000000 5390 59 0 0
9 130 6062 596 0.5000000 5390 59 0 0
9 131 6062 596 0.5000000 5390 59 0 0
9 132 6062 596 0.5000000 5390 59 0 0
9 133 6061 597 0.5000000 5390 59 1 0
9 134 6061 597 0.5000000 5390 59 1 0
9 135 6060 597 0.5000000 5390 59 1 0
9 136 6059 597 0.5000000 5390 59 1 0
9 137 6059 597 0.5000000 5390 59 1 0
9 138 6058 598 0.5000000 5390 59 1 0
9 139 6058 598 0.5000000 5390 59 1 0
9 140 6057 598 0.5000000 5390 59 1 0
9 141 6057 598 0.5000000 5390 59 0 0
9 142 6056 598 0.5000000 5390 59 1 0
9 143 6056 598 0.5000000 5390 59 0 0
9 144 6055 598 0.5000000 5390 59 0 0
9 145 6055 598 0.5000000 5390 59 0 0
9 146 6055 598 0.5000000 5390 59 0 0
9 147 6055 598 0.5000000 5390 59 0 0
9 148 6055 598 0.5000000 5390 59 0 0
9 149 6055 598 0.5000000 5390 59 0 0
9 150 6055 598 0.5000000 5390 59 0 0
9 151 6055 598 0.5000000 5390 59 0 0
9 152 6056 598 0.5000000 5390 59 0 0
9 153 6056 597 0.5000000 5390 59 -1 1
9 154 6058 596 0.5000000 5390 59 -2 1
9 155 6059 595 0.5000000 5390 59 -2 1
9 156 6060 594 0.5000000 5390 59 -2 2
9 157 6062 593 0.5000000 5390 59 -3 2
9 158 6064 592 0.5000000 5390 59 -4 3
9 159 6066 590 0.5000000 5390 59 -4 3
9 160 6069 588 0.5000000 5390 59 -4 3
9 161 6071 586 0.5000000 5390 59 -5 4
9 162 6074 584 0.5000000 5390 59 -5 3
9 163 6077 582 0.5000000 5390 59 -5 4
9 164 6080 580 0.5000000 5390 59 -6 4
9 165 6083 578 0.5000000 5390 59 -6 4
9 166 6087 575 0.5000000 5390 59 -6 4
9 167 6090 573 0.5000000 5390 59 -6 4
9 168 6093 571 0.5000000 5390 59 -6 4
9 169 6097 568 0.5000000 5390 59 -6 4
9 170 6100 566 0.5000000 5390 59 -6 5
9 171 6104 563 0.5000000 5390 59 -6 5
9 172 6107 560 0.5000000 5390 59 -6 5
9 173 6111 558 0.5000000 5390 59 -6 5
9 174 6114 555 0.5000000 5390 59 -6 5
9 175 6117 552 0.5000000 5390 59 -6 5
9 176 6120 548 0.5000000 5390 59 -6 6
9 177 6123 545 0.5000000 5390 59 -5 6
9 178 6126 542 0.5000000 5390 59 -5 6
9 179 6128 539 0.5000000 5390 59 -5 6
9 180 6131 536 0.5000000 5390 59 -4 6
9 181 6133 533 0.5000000 5390 59 -4 6
9 182 6135 530 0.5000000 5390 59 -4 5
9 183 6137 527 0.5000000 5390 59 -3 5
9 184 6139 524 0.5000000 5390 59 -4 5
9 185 6141 521 0.5000000 5390 59 -4 5
9 186 6144 518 0.5000000 5390 59 -4 5
9 187 6146 516 0.5000000 5390 59 -4 5
9 188 6148 513 0.5000000 5390 59 -4 5
9 189 6151 510 0.5000000 5390 59 -5 5
9 190 6154 508 0.5000000 5390 59 -5 4
9 191 6157 506 0.5000000 5390 59 -6 4
9 192 6160 503 0.5000000 5390 59 -6 4
9 193 6163 501 0.5000000 5390 59 -6 4
9 194 6167 499 0.5000000 5390 59 -6 4
9 195 6170 497 0.5000000 5390 59 -6 4
9 196 6173 495 0.5000000 5390 59 -6 4
9 197 6177 493 0.5000000 5390 59 -7 4
9 198 6181 491 0.5000000 5390 59 -7 3
9 199 6184 489 0.5000000 5390 59 -7 3
9 200 6188 487 0.5000000 5390 59 -7 3
9 201 6192 486 0.5000000 5390 59 -7 2
9 202 6196 485 0.5000000 5390 59 -7 2
9 203 6200 484 0.5000000 5390 59 -8 2
9 204 6205 482 0.5000000 5390 59 -8 2
9 205 6209 481 0.5000000 5390 59 -8 2
9 206 6213 480 0.5000000 5390 59 -8 2
9 207 6217 479 0.5000000 5390 59 -7 1
9 208 6220 478 0.5000000 5390 59 -6 1
9 209 6224 477 0.5000000 5390 59 -6 1
9 210 6227 477 0.5000000 5390 59 -7 1
9 211 6231 476 0.5000000 5390 59 -6 1
9 212 6233 475 0.5000000 5390 59 -5 1
9 213 6237 475 0.5000000 5390 59 -6 1
9 214 6240 474 0.5000000 5390 59 -6 0
9 215 6243 474 0.5000000 5390 59 -7 0
9 216 6247 474 0.5000000 5390 59 -7 0
9 217 6251 473 0.5000000 5390 59 -7 0
9 218 6255 473 0.5000000 5390 59 -8 0
9 219 6259 473 0.5000000 5390 59 -8 0
9 220 6264 473 0.5000000 5390 59 -8 0
9 221 6268 472 0.5000000 5390 59 -8 0
9 222 6273 472 0.5000000 5390 59 -8 0
9 223 6277 472 0.5000000 5390 59 -8 0
9 224 6281 472 0.5000000 5390 59 -8 0
9 225 6286 471 0.5000000 5390 59 -8 0
9 226 6290 471 0.5000000 5390 59 -8 0
9 227 6294 471 0.5000000 5390 59 -8 0
9 228 6298 471 0.5000000 5390 59 -8 0
9 229 6303 471 0.5000000 5390 59 -8 0
9 230 6307 471 0.5000000 5390 59 -8 0
9 231 6311 471 0.5000000 5390 59 -8 0
9 232 6315 471 0.5000000 5390 59 -8 0
9 233 6319 471 0.5000000 5390 59 -8 0
9 234 6324 471 0.5000000 5390 59 -8 0
9 235 6328 471 0.5000000 5390 59 -8 0
9 236 6332 471 0.5000000 5390 59 -8 0
9 237 6336 471 0.5000000 5390 59 -8 0
9 238 6340 470 0.5000000 5390 59 -7 0
9 239 6343 471 0.5000000 5390 59 -7 0
9 240 6347 471 0.5000000 5390 59 -7 0
9 241 6351 471 0.5000000 5390 59 -7 0
9 242 6354 471 0.5000000 5390 59 -6 0
9 243 6357 471 0.5000000 5390 59 -5 0
9 244 6360 471 0.5000000 5390 59 -6 0
9 245 6363 471 0.5000000 5390 59 -6 0
9 246 6367 471 0.5000000 5390 59 -6 0
9 247 6370 471 0.5000000 5390 59 -7 0
9 248 6374 471 0.5000000 5390 59 -7 0
9 249 6378 471 0.5000000 5390 59 -7 0
9 250 6381 472 0.5000000 5390 59 -7 -1
9 251 6385 473 0.5000000 5390 59 -7 -1
9 252 6389 474 0.5000000 5390 59 -7 -1
9 253 6393 474 0.5000000 5390 59 -7 -1
9 254 6397 476 0.5000000 5390 59 -7 -2
9 255 6401 477 0.5000000 5390 59 -8 -2
9 256 6405 478 0.5000000 5390 59 -8 -2
9 257 6409 479 0.5000000 5390 59 -8 -2
9 258 6413 480 0.5000000 5390 59 -8 -2
9 259 6417 481 0.5000000 5390 59 -8 -2
9 260 6421 482 0.5000000 5390 59 -8 -2
9 261 6425 484 0.5000000 5390 59 -8 -2
9 262 6429 485 0.5000000 5390 59 -8 -2
9 263 6434 486 0.5000000 5390 59 -8 -2
9 264 6438 488 0.5000000 5390 59 -8 -3
9 265 6442 490 0.5000000 5390 59 -7 -3
9 266 6445 491 0.5000000 5390 59 -7 -3
9 267 6449 493 0.5000000 5390 59 -7 -3
9 268 6453 495 0.5000000 5390 59 -7 -3
9 269 6456 497 0.5000000 5390 59 -6 -3
9 270 6459 499 0.5000000 5390 59 -5 -3
9 271 6462 501 0.5000000 5390 59 -5 -3
9 272 6465 503 0.5000000 5390 59 -6 -3
9 273 6468 505 0.5000000 5390 59 -6 -3
9 274 6471 507 0.5000000 5390 59 -6 -4
9 275 6474 509 0.5000000 5390 59 -6 -3
9 276 6478 511 0.5000000 5390 59 -6 -3
9 277 6481 513 0.5000000 5390 59 -6 -4
9 278 6485 515 0.5000000 5390 59 -6 -4
9 279 6488 517 0.5000000 5390 59 -6 -4
9 280 6491 520 0.5000000 5390 59 -6 -4
9 281 6495 522 0.5000000 5390 59 -6 -4
9 282 6498 524 0.5000000 5390 59 -6 -4
9 283 6502 527 0.5000000 5390 59 -7 -4
9 284 6505 529 0.5000000 5390 59 -7 -4
9 285 6509 531 0.5000000 5390 59 -7 -4
9 286 6513 533 0.5000000 5390 59 -7 -4
9 287 6516 536 0.5000000 5390 59 -7 -4
9 288 6520 538 0.5000000 5390 59 -6 -4
9 289 6523 540 0.5000000 5390 59 -6 -4
9 290 6526 542 0.5000000 5390 59 -6 -3
9 291 6529 543 0.5000000 5390 59 -5 -3
9 292 6532 545 0.5000000 5390 59 -5 -2
9 293 6534 546 0.5000000 5390 59 -4 -2
9 294 6536 547 0.5000000 5390 59 -3 -1
9 295 6538 548 0.5000000 5390 59 -3 -1
9 296 6539 548 0.5000000 5390 59 -3 -1
9 297 6541 549 0.5000000 5390 59 -3 -1
9 298 6542 549 0.5000000 5390 59 -2 -1
9 299 6544 550 0.5000000 5390 59 -2 0
9 300 6545 550 0.5000000 5390 59 -2 0
9 301 6546 551 0.5000000 5390 59 -2 0
9 302 6546 551 0.5000000 5390 59 -1 0
9 303 6547 551 0.5000000 5390 59 -1 0
9 304 6548 552 0.5000000 5390 59 -1 0
9 305 6549 552 0.5000000 5390 59 -1 0
9 306 6550 552 0.5000000 5390 59 -1 0
9 307 6550 552 0.5000000 5390 59 -1 0
9 308 6551 552 0.5000000 5390 59 -1 0
9 309 6551 552 0.5000000 5390 59 -1 0
9 310 6552 553 0.5000000 5390 59 -1 0
9 311 6552 553 0.5000000 5390 59 -1 0
9 312 6553 553 0.5000000 5390 59 0 0
9 313 6553 553 0.5000000 5390 59 0 0
9 314 6554 553 0.5000000 5390 59 0 0
9 315 6554 553 0.5000000 5390 59 0 0
9 316 6554 553 0.5000000 5390 59 0 0
9 317 6555 552 0.5000000 5390 59 0 0
9 318 6555 552 0.5000000 5390 59 0 0
9 319 6555 552 0.5000000 5390 59 0 0
9 320 6555 552 0.5000000 5390 59 0 0
9 321 6556 552 0.5000000 5390 59 0 0
9 322 6556 552 0.5000000 5390 59 0 0
9 323 6556 552 0.5000000 5390 59 0 0
9 324 6556 552 0.5000000 5390 59 0 0
9 325 6556 552 0.5000000 5390 59 0 0
9 326 6556 552 0.5000000 5390 59 0 0
9 327 6556 552 0.5000000 5390 59 0 0
9 328 6556 552 0.5000000 5390 59 0 0
9 329 6556 552 0.5000000 5390 59 0 0
9 330 6556 552 0.5000000 5390 59 0 0
9 331 6556 552 0.5000000 5390 59 0 0
9 332 6556 552 0.5000000 5390 59 0 0
9 333 6557 552 0.5000000 5390 59 0 0
9 334 6557 552 0.5000000 5390 59 0 0
9 335 6557 552 0.5000000 5390 59 0 0
9 336 6556 552 0.5000000 5390 59 0 0
9 337 6556 552 0.5000000 5390 59 0 0
9 338 6557 552 0.5000000 5390 59 0 0
9 339 6557 552 0.5000000 5390 59 0 0
9 340 6557 552 0.5000000 5390 59 0 0
9 341 6557 552 0.5000000 5390 59 0 0
9 342 6557 552 0.5000000 5390 59 0 0
9 343 6557 552 0.5000000 5390 59 0 0
9 344 6556 552 0.5000000 5390 59 0 0
9 345 6556 552 0.5000000 5390 59 0 0
9 346 6556 552 0.5000000 5390 59 0 0
9 347 6556 552 0.5000000 5390 59 0 0
9 348 6556 552 0.5000000 5390 59 0 0
9 349 6557 553 0.5000000 5390 59 0 0
9 350 6557 553 0.5000000 5390 59 0 0
9 351 6557 553 0.5000000 5390 59 0 0
9 352 6557 553 0.5000000 5390 59 0 0
9 353 6557 553 0.5000000 5390 59 0 0
9 354 6557 553 0.5000000 5390 59 0 0
9 355 6557 553 0.5000000 5390 59 0 0
9 356 6557 553 0.5000000 5390 59 0 0
9 357 6557 553 0.5000000 5390 59 0 0
9 358 6557 553 0.5000000 5390 59 0 0
9 359 6557 553 0.5000000 5390 59 0 0
9 360 6557 553 0.5000000 5390 59 0 0
9 361 6557 553 0.5000000 5390 59 0 0
9 362 6557 553 0.5000000 5390 59 0 0
9 363 6557 553 0.5000000 5390 59 0 0
9 364 6557 553 0.5000000 5390 59 0 0
9 365 6557 553 0.5000000 5390 59 0 0
9 366 6557 553 0.5000000 5390 59 0 0
9 367 6557 553 0.5000000 5390 59 0 0
9 368 6557 553 0.5000000 5390 59 0 0
9 369 6557 553 0.5000000 5390 59 0 0
9 370 6557 553 0.5000000 5390 59 0 0
9 371 6557 553 0.5000000 5390 59 0 0
9 372 6557 553 0.5000000 5390 59 0 0
9 373 6557 553 0.5000000 5390 59 0 0
9 374 6557 553 0.5000000 5390 59 0 0
9 375 6556 553 0.5000000 5390 59 0 0
9 376 6556 553 0.5000000 5390 59 0 0
9 377 6556 553 0.5000000 5390 59 0 0
9 378 6556 553 0.5000000 5390 59 0 0
9 379 6556 553 0.5000000 5390 59 0 0
9 380 6556 553 0.5000000 5390 59 0 0
9 381 6556 553 0.5000000 5390 59 0 0
9 382 6556 553 0.5000000 5390 59 0 0
