3 0 5812 503 0.5000000 6185 478 0 0
3 1 5812 503 0.5000000 6185 478 0 0
3 2 5812 503 0.5000000 6185 478 0 0
3 3 5812 502 0.5000000 6185 478 0 0
3 4 5812 502 0.5000000 6185 478 0 0
3 5 5812 502 0.5000000 6185 478 0 0
3 6 5812 502 0.5000000 6185 478 0 0
3 7 5812 502 0.5000000 6185 478 0 0
3 8 5812 502 0.5000000 6185 478 0 0
3 9 5812 502 0.5000000 6185 478 0 0
3 10 5812 502 0.5000000 6185 478 0 0
3 11 5812 502 0.5000000 6185 478 0 0
3 12 5812 502 0.5000000 6185 478 0 0
3 13 5812 502 0.5000000 6185 478 0 0
3 14 5812 502 0.5000000 6185 478 0 0
3 15 5812 502 0.5000000 6185 478 0 0
3 16 5812 502 0.5000000 6185 478 0 0
3 17 5812 502 0.5000000 6185 478 0 0
3 18 5812 502 0.5000000 6185 478 0 0
3 19 5812 502 0.5000000 6185 478 0 0
3 20 5812 502 0.5000000 6185 478 0 0
3 21 5812 502 0.5000000 6185 478 0 0
3 22 5812 503 0.5000000 6185 478 0 0
3 23 5812 503 0.5000000 6185 478 0 0
3 24 5813 503 0.5000000 6185 478 0 0
3 25 5813 503 0.5000000 6185 478 0 0
3 26 5813 503 0.5000000 6185 478 0 0
3 27 5813 503 0.5000000 6185 478 0 0
3 28 5813 503 0.5000000 6185 478 0 0
3 29 5813 503 0.5000000 6185 478 0 0
3 30 5813 503 0.5000000 6185 478 0 0
3 31 5814 503 0.5000000 6185 478 0 0
3 32 5814 504 0.5000000 6185 478 0 0
3 33 5814 504 0.5000000 6185 478 0 0
3 34 5814 504 0.5000000 6185 478 0 0
3 35 5814 504 0.5000000 6185 478 0 0
3 36 5814 504 0.5000000 6185 478 0 0
3 37 5814 505 0.5000000 6185 478 0 0
3 38 5814 505 0.5000000 6185 478 0 0
3 39 5814 505 0.5000000 6185 478 0 0
3 40 5814 505 0.5000000 6185 478 0 0
3 41 5814 505 0.5000000 6185 478 0 0
3 42 5814 505 0.5000000 6185 478 0 0
3 43 5814 505 0.5000000 6185 478 0 0
3 44 5814 505 0.5000000 6185 478 0 0
3 45 5814 505 0.5000000 6185 478 0 0
3 46 5814 505 0.5000000 6185 478 0 0
3 47 5814 505 0.5000000 6185 478 0 0
3 48 5814 505 0.5000000 6185 478 0 0
3 49 5814 505 0.5000000 6185 478 0 0
3 50 5814 505 0.5000000 6185 478 0 0
3 51 5814 505 0.5000000 6185 478 0 0
3 52 5814 505 0.5000000 6185 478 0 0
3 53 5814 505 0.5000000 6185 478 0 0
3 54 5814 505 0.5000000 6185 478 0 0
3 55 5814 505 0.5000000 6185 478 0 0
3 56 5814 505 0.5000000 6185 478 0 0
3 57 5814 505 0.5000000 6185 478 0 0
3 58 5814 505 0.5000000 6185 478 0 0
3 59 5814 505 0.5000000 6185 478 0 0
3 60 5814 505 0.5000000 6185 478 0 0
3 61 5814 505 0.5000000 6185 478 0 0
3 62 5814 505 0.5000000 6185 478 0 0
3 63 5814 505 0.5000000 6185 478 0 0
3 64 5814 505 0.5000000 6185 478 0 0
3 65 5814 505 0.5000000 6185 478 0 0
3 66 5814 505 0.5000000 6185 478 0 0
3 67 5814 505 0.5000000 6185 478 0 0
3 68 5814 505 0.5000000 6185 478 0 0
3 69 5814 505 0.5000000 6185 478 0 0
3 70 5814 505 0.5000000 6185 478 0 0
3 71 5814 505 0.5000000 6185 478 0 0
3 72 5814 505 0.5000000 6185 478 0 0
3 73 5814 505 0.5000000 6185 478 0 0
3 74 5813 505 0.5000000 6185 478 0 0
3 75 5813 505 0.5000000 6185 478 0 0
3 76 5813 505 0.5000000 6185 478 0 0
3 77 5813 505 0.5000000 6185 478 0 0
3 78 5813 505 0.5000000 6185 478 0 0
3 79 5813 505 0.5000000 6185 478 0 0
3 80 5813 505 0.5000000 6185 478 0 0
3 81 5813 505 0.5000000 6185 478 0 0
3 82 5812 505 0.5000000 6185 478 0 0
3 83 5812 505 0.5000000 6185 478 0 0
3 84 5812 506 0.5000000 6185 478 0 0
3 85 5811 506 0.5000000 6185 478 0 0
3 86 5811 506 0.5000000 6185 478 0 0
3 87 5811 506 0.5000000 6185 478 0 0
3 88 5810 506 0.5000000 6185 478 0 0
3 89 5810 506 0.5000000 6185 478 0 0
3 90 5810 506 0.5000000 6185 478 0 0
3 91 5810 506 0.5000000 6185 478 0 0
3 92 5810 506 0.5000000 6185 478 0 0
3 93 5810 506 0.5000000 6185 478 0 0
3 94 5809 506 0.5000000 6185 478 0 0
3 95 5809 506 0.5000000 6185 478 1 0
3 96 5808 505 0.5000000 6185 478 1 0
3 97 5808 505 0.5000000 6185 478 0 0
3 98 5807 505 0.5000000 6185 478 0 0
3 99 5807 505 0.5000000 6185 478 0 0
3 100 5806 505 0.5000000 6185 478 0 0
3 101 5806 505 0.5000000 6185 478 0 0
3 102 5806 505 0.5000000 6185 478 0 0
3 103 5806 505 0.5000000 6185 478 0 0
3 104 5806 505 0.5000000 6185 478 0 0
3 105 5805 505 0.5000000 6185 478 0 0
3 106 5805 505 0.5000000 6185 478 0 0
3 107 5804 506 0.5000000 6185 478 0 0
3 108 5804 506 0.5000000 6185 478 0 0
3 109 5804 506 0.5000000 6185 478 0 0
3 110 5803 506 0.5000000 6185 478 0 0
3 111 5803 506 0.5000000 6185 478 0 0
3 112 5803 506 0.5000000 6185 478 0 0
3 113 5802 506 0.5000000 6185 478 0 0
3 114 5802 506 0.5000000 6185 478 0 0
3 115 5802 506 0.5000000 6185 478 0 0
3 116 5802 506 0.5000000 6185 478 0 0
3 117 5802 506 0.5000000 6185 478 0 0
3 118 5802 506 0.5000000 6185 478 0 0
3 119 5802 506 0.5000000 6185 478 0 0
3 120 5802 506 0.5000000 6185 478 0 0
3 121 5802 506 0.5000000 6185 478 0 0
3 122 5802 506 0.5000000 6185 478 0 0
3 123 5802 506 0.5000000 6185 478 0 0
3 124 5802 506 0.5000000 6185 478 0 0
3 125 5802 506 0.5000000 6185 478 0 0
3 126 5802 506 0.5000000 6185 478 0 0
3 127 5802 506 0.5000000 6185 478 0 0
3 128 5802 506 0.5000000 6185 478 0 0
3 129 5802 506 0.5000000 6185 478 0 0
3 130 5803 506 0.5000000 6185 478 0 0
3 131 5803 505 0.5000000 6185 478 0 0
3 132 5803 505 0.5000000 6185 478 0 0
3 133 5804 505 0.5000000 6185 478 0 0
3 134 5804 505 0.5000000 6185 478 0 0
3 135 5804 505 0.5000000 6185 478 0 0
3 136 5804 505 0.5000000 6185 478 0 0
