27 0 10415 553 0.5000000 9003 455 1 0
27 1 10414 553 0.5000000 9003 455 1 0
27 2 10413 553 0.5000000 9003 455 1 0
27 3 10413 553 0.5000000 9003 455 0 0
27 4 10413 553 0.5000000 9003 455 0 0
27 5 10412 553 0.5000000 9003 455 0 0
27 6 10412 552 0.5000000 9003 455 0 0
27 7 10412 552 0.5000000 9003 455 0 0
27 8 10411 553 0.5000000 9003 455 0 0
27 9 10411 553 0.5000000 9003 455 0 0
27 10 10411 553 0.5000000 9003 455 0 0
27 11 10410 553 0.5000000 9003 455 0 0
27 12 10410 553 0.5000000 9003 455 0 0
27 13 10410 553 0.5000000 9003 455 0 0
27 14 10410 553 0.5000000 9003 455 0 0
27 15 10409 552 0.5000000 9003 455 0 0
27 16 10409 552 0.5000000 9003 455 0 0
27 17 10409 552 0.5000000 9003 455 0 0
27 18 10409 552 0.5000000 9003 455 0 0
27 19 10410 552 0.5000000 9003 455 0 0
27 20 10410 552 0.5000000 9003 455 0 0
27 21 10410 552 0.5000000 9003 455 0 0
27 22 10410 552 0.5000000 9003 455 0 0
27 23 10410 553 0.5000000 9003 455 0 0
27 24 10410 552 0.5000000 9003 455 0 0
27 25 10410 552 0.5000000 9003 455 0 0
27 26 10410 552 0.5000000 9003 455 0 0
27 27 10411 552 0.5000000 9003 455 0 0
27 28 10411 551 0.5000000 9003 455 0 0
27 29 10411 551 0.5000000 9003 455 0 0
27 30 10411 551 0.5000000 9003 455 0 0
27 31 10411 550 0.5000000 9003 455 0 0
27 32 10411 550 0.5000000 9003 455 0 0
27 33 10411 550 0.5000000 9003 455 0 0
27 34 10411 550 0.5000000 9003 455 0 0
27 35 10410 550 0.5000000 9003 455 0 0
27 36 10410 549 0.5000000 9003 455 0 0
27 37 10410 549 0.5000000 9003 455 0 0
27 38 10410 549 0.5000000 9003 455 0 0
27 39 10411 549 0.5000000 9003 455 0 0
27 40 10411 550 0.5000000 9003 455 0 0
27 41 10411 550 0.5000000 9003 455 0 0
27 42 10410 550 0.5000000 9003 455 0 0
27 43 10410 551 0.5000000 9003 455 0 0
27 44 10410 551 0.5000000 9003 455 0 0
27 45 10410 551 0.5000000 9003 455 0 0
27 46 10410 551 0.5000000 9003 455 0 0
27 47 10410 551 0.5000000 9003 455 0 0
27 48 10410 551 0.5000000 9003 455 0 0
27 49 10409 552 0.5000000 9003 455 0 0
27 50 10409 552 0.5000000 9003 455 0 0
27 51 10409 552 0.5000000 9003 455 0 0
27 52 10409 552 0.5000000 9003 455 0 0
27 53 10409 553 0.5000000 9003 455 0 0
27 54 10409 553 0.5000000 9003 455 0 0
27 55 10409 553 0.5000000 9003 455 0 0
27 56 10409 553 0.5000000 9003 455 0 0
27 57 10409 553 0.5000000 9003 455 0 0
27 58 10409 553 0.5000000 9003 455 0 0
27 59 10409 552 0.5000000 9003 455 0 0
27 60 10409 552 0.5000000 9003 455 0 0
27 61 10409 552 0.5000000 9003 455 0 0
27 62 10409 552 0.5000000 9003 455 0 0
27 63 10409 552 0.5000000 9003 455 0 0
27 64 10410 552 0.5000000 9003 455 0 0
27 65 10410 552 0.5000000 9003 455 0 0
27 66 10410 552 0.5000000 9003 455 0 0
27 67 10411 552 0.5000000 9003 455 -1 0
27 68 10412 552 0.5000000 9003 455 -1 0
27 69 10413 552 0.5000000 9003 455 -1 0
27 70 10414 553 0.5000000 9003 455 -1 0
27 71 10415 553 0.5000000 9003 455 -2 0
27 72 10416 553 0.5000000 9003 455 -2 0
27 73 10417 553 0.5000000 9003 455 -1 0
27 74 10418 554 0.5000000 9003 455 -2 0
27 75 10419 554 0.5000000 9003 455 -2 0
27 76 10420 554 0.5000000 9003 455 -1 0
27 77 10421 555 0.5000000 9003 455 -1 0
27 78 10422 555 0.5000000 9003 455 -1 0
27 79 10423 556 0.5000000 9003 455 -1 0
27 80 10424 556 0.5000000 9003 455 -2 0
27 81 10425 556 0.5000000 9003 455 -1 0
27 82 10425 557 0.5000000 9003 455 -1 0
27 83 10426 557 0.5000000 9003 455 -1 0
27 84 10427 558 0.5000000 9003 455 -1 0
27 85 10428 558 0.5000000 9003 455 -1 0
27 86 10429 558 0.5000000 9003 455 -1 0
27 87 10430 559 0.5000000 9003 455 -1 0
27 88 10431 559 0.5000000 9003 455 -1 0
27 89 10432 558 0.5000000 9003 455 -1 0
27 90 10432 558 0.5000000 9003 455 -1 0
27 91 10433 558 0.5000000 9003 455 -1 0
27 92 10434 558 0.5000000 9003 455 -1 0
27 93 10434 557 0.5000000 9003 455 -1 0
27 94 10435 557 0.5000000 9003 455 -1 0
27 95 10436 557 0.5000000 9003 455 0 0
27 96 10436 557 0.5000000 9003 455 0 0
27 97 10436 557 0.5000000 9003 455 0 0
27 98 10436 557 0.5000000 9003 455 0 0
27 99 10436 557 0.5000000 9003 455 0 0
27 100 10436 557 0.5000000 9003 455 0 0
27 101 10436 558 0.5000000 9003 455 0 0
27 102 10436 558 0.5000000 9003 455 0 0
27 103 10436 558 0.5000000 9003 455 0 0
27 104 10436 558 0.5000000 9003 455 0 0
27 105 10436 558 0.5000000 9003 455 0 0
27 106 10436 558 0.5000000 9003 455 0 0
27 107 10436 558 0.5000000 9003 455 0 0
27 108 10436 558 0.5000000 9003 455 0 0
27 109 10436 558 0.5000000 9003 455 0 0
27 110 10437 558 0.5000000 9003 455 0 0
27 111 10437 558 0.5000000 9003 455 0 0
27 112 10437 558 0.5000000 9003 455 0 0
27 113 10437 558 0.5000000 9003 455 0 0
27 114 10437 558 0.5000000 9003 455 0 0
27 115 10437 558 0.5000000 9003 455 0 0
27 116 10436 558 0.5000000 9003 455 0 0
27 117 10436 558 0.5000000 9003 455 0 0
27 118 10436 558 0.5000000 9003 455 0 0
27 119 10436 558 0.5000000 9003 455 0 0
27 120 10436 558 0.5000000 9003 455 0 0
27 121 10435 558 0.5000000 9003 455 0 0
27 122 10435 558 0.5000000 9003 455 0 0
27 123 10434 558 0.5000000 9003 455 0 0
27 124 10434 558 0.5000000 9003 455 0 0
27 125 10434 558 0.5000000 9003 455 0 0
27 126 10434 558 0.5000000 9003 455 0 0
27 127 10433 558 0.5000000 9003 455 0 0
27 128 10433 558 0.5000000 9003 455 0 0
27 129 10433 558 0.5000000 9003 455 0 0
27 130 10433 558 0.5000000 9003 455 0 0
27 131 10432 558 0.5000000 9003 455 0 0
27 132 10432 558 0.5000000 9003 455 0 0
27 133 10432 558 0.5000000 9003 455 0 0
27 134 10431 557 0.5000000 9003 455 0 0
27 135 10431 557 0.5000000 9003 455 0 0
27 136 10431 557 0.5000000 9003 455 0 0
27 137 10430 556 0.5000000 9003 455 0 0
27 138 10430 556 0.5000000 9003 455 0 0
27 139 10429 556 0.5000000 9003 455 0 0
27 140 10429 555 0.5000000 9003 455 0 0
27 141 10429 555 0.5000000 9003 455 1 0
27 142 10428 555 0.5000000 9003 455 1 0
27 143 10428 555 0.5000000 9003 455 0 0
27 144 10427 555 0.5000000 9003 455 0 0
27 145 10427 554 0.5000000 9003 455 0 0
27 146 10426 554 0.5000000 9003 455 0 0
27 147 10426 554 0.5000000 9003 455 0 0
27 148 10426 554 0.5000000 9003 455 0 0
27 149 10425 554 0.5000000 9003 455 0 0
27 150 10425 554 0.5000000 9003 455 0 0
27 151 10425 553 0.5000000 9003 455 0 0
27 152 10424 553 0.5000000 9003 455 0 0
27 153 10424 553 0.5000000 9003 455 0 0
27 154 10424 553 0.5000000 9003 455 0 0
27 155 10423 553 0.5000000 9003 455 0 0
27 156 10423 553 0.5000000 9003 455 0 0
27 157 10422 553 0.5000000 9003 455 1 0
27 158 10422 553 0.5000000 9003 455 1 0
