35 0 3955 23 0.5000000 4569 -181 0 0
35 1 3955 23 0.5000000 4569 -181 0 0
35 2 3955 23 0.5000000 4569 -181 0 0
35 3 3955 23 0.5000000 4569 -181 0 0
35 4 3955 24 0.5000000 4569 -181 0 0
35 5 3955 24 0.5000000 4569 -181 0 0
35 6 3954 24 0.5000000 4569 -181 0 0
35 7 3954 24 0.5000000 4569 -181 0 0
35 8 3954 24 0.5000000 4569 -181 0 0
35 9 3954 24 0.5000000 4569 -181 0 0
35 10 3954 24 0.5000000 4569 -181 0 0
35 11 3954 24 0.5000000 4569 -181 0 0
35 12 3953 24 0.5000000 4569 -181 0 0
35 13 3953 24 0.5000000 4569 -181 0 0
35 14 3953 24 0.5000000 4569 -181 0 0
35 15 3953 24 0.5000000 4569 -181 0 0
35 16 3953 24 0.5000000 4569 -181 0 0
35 17 3953 24 0.5000000 4569 -181 0 0
35 18 3953 25 0.5000000 4569 -181 0 0
35 19 3953 25 0.5000000 4569 -181 0 0
35 20 3953 25 0.5000000 4569 -181 0 0
35 21 3953 25 0.5000000 4569 -181 0 0
35 22 3952 24 0.5000000 4569 -181 0 0
35 23 3952 24 0.5000000 4569 -181 0 0
35 24 3952 24 0.5000000 4569 -181 0 0
35 25 3952 24 0.5000000 4569 -181 0 0
35 26 3952 24 0.5000000 4569 -181 0 0
35 27 3952 24 0.5000000 4569 -181 0 0
35 28 3952 23 0.5000000 4569 -181 0 0
35 29 3952 23 0.5000000 4569 -181 0 0
35 30 3952 23 0.5000000 4569 -181 0 0
35 31 3952 23 0.5000000 4569 -181 0 0
35 32 3952 23 0.5000000 4569 -181 0 0
35 33 3952 22 0.5000000 4569 -181 0 0
35 34 3952 22 0.5000000 4569 -181 0 0
35 35 3952 22 0.5000000 4569 -181 0 0
35 36 3952 22 0.5000000 4569 -181 0 0
35 37 3952 21 0.5000000 4569 -181 0 0
35 38 3952 21 0.5000000 4569 -181 0 0
35 39 3952 21 0.5000000 4569 -181 0 0
35 40 3952 21 0.5000000 4569 -181 0 0
35 41 3952 21 0.5000000 4569 -181 0 0
35 42 3952 21 0.5000000 4569 -181 0 0
35 43 3952 21 0.5000000 4569 -181 0 0
35 44 3952 20 0.5000000 4569 -181 0 0
35 45 3952 20 0.5000000 4569 -181 0 0
35 46 3952 20 0.5000000 4569 -181 0 0
35 47 3952 20 0.5000000 4569 -181 0 0
35 48 3952 20 0.5000000 4569 -181 0 0
35 49 3952 20 0.5000000 4569 -181 0 0
35 50 3952 20 0.5000000 4569 -181 0 0
35 51 3952 20 0.5000000 4569 -181 0 0
35 52 3952 20 0.5000000 4569 -181 0 0
35 53 3951 20 0.5000000 4569 -181 0 0
35 54 3951 20 0.5000000 4569 -181 0 0
35 55 3950 20 0.5000000 4569 -181 1 0
35 56 3950 20 0.5000000 4569 -181 1 0
35 57 3948 21 0.5000000 4569 -181 2 0
35 58 3947 21 0.5000000 4569 -181 2 0
35 59 3945 22 0.5000000 4569 -181 2 0
35 60 3944 22 0.5000000 4569 -181 3 0
35 61 3942 22 0.5000000 4569 -181 3 0
35 62 3940 23 0.5000000 4569 -181 3 0
35 63 3938 23 0.5000000 4569 -181 4 0
35 64 3936 23 0.5000000 4569 -181 4 0
35 66 3934 24 0.5000000 4569 -181 4 0
35 67 3931 24 0.5000000 4569 -181 4 0
35 68 3929 24 0.5000000 4569 -181 4 0
35 69 3926 25 0.5000000 4569 -181 5 0
35 70 3924 25 0.5000000 4569 -181 5 0
35 71 3921 25 0.5000000 4569 -181 5 0
35 72 3918 25 0.5000000 4569 -181 4 0
35 73 3916 25 0.5000000 4569 -181 5 0
35 74 3913 26 0.5000000 4569 -181 5 0
35 75 3910 26 0.5000000 4569 -181 5 0
35 76 3908 26 0.5000000 4569 -181 5 0
35 77 3905 26 0.5000000 4569 -181 4 0
35 78 3903 26 0.5000000 4569 -181 5 0
35 79 3900 26 0.5000000 4569 -181 5 0
35 80 3897 26 0.5000000 4569 -181 5 0
35 81 3894 26 0.5000000 4569 -181 5 0
35 82 3891 26 0.5000000 4569 -181 5 0
35 83 3889 26 0.5000000 4569 -181 5 0
35 84 3886 26 0.5000000 4569 -181 5 0
35 85 3883 26 0.5000000 4569 -181 5 0
35 86 3880 26 0.5000000 4569 -181 5 0
35 87 3877 26 0.5000000 4569 -181 5 0
35 88 3874 26 0.5000000 4569 -181 5 0
35 89 3871 26 0.5000000 4569 -181 6 0
35 90 3868 26 0.5000000 4569 -181 6 0
35 91 3865 26 0.5000000 4569 -181 6 0
35 92 3862 26 0.5000000 4569 -181 6 0
35 93 3859 26 0.5000000 4569 -181 6 0
35 94 3856 26 0.5000000 4569 -181 6 0
35 95 3853 26 0.5000000 4569 -181 6 0
35 96 3849 26 0.5000000 4569 -181 6 0
35 97 3846 26 0.5000000 4569 -181 6 0
35 98 3843 26 0.5000000 4569 -181 6 0
35 99 3840 26 0.5000000 4569 -181 6 0
35 100 3836 27 0.5000000 4569 -181 6 0
35 101 3833 26 0.5000000 4569 -181 6 0
35 102 3829 26 0.5000000 4569 -181 6 0
35 103 3826 26 0.5000000 4569 -181 6 0
35 104 3822 26 0.5000000 4569 -181 7 0
35 105 3819 26 0.5000000 4569 -181 7 0
35 106 3815 26 0.5000000 4569 -181 7 0
35 107 3812 26 0.5000000 4569 -181 7 0
35 108 3808 26 0.5000000 4569 -181 6 0
35 109 3805 26 0.5000000 4569 -181 7 0
35 110 3801 25 0.5000000 4569 -181 7 0
35 111 3797 25 0.5000000 4569 -181 7 0
35 112 3793 25 0.5000000 4569 -181 8 0
35 113 3789 25 0.5000000 4569 -181 8 0
35 114 3784 25 0.5000000 4569 -181 8 0
35 115 3780 25 0.5000000 4569 -181 8 0
35 116 3776 25 0.5000000 4569 -181 8 0
35 117 3773 25 0.5000000 4569 -181 7 0
35 118 3769 24 0.5000000 4569 -181 7 0
35 119 3765 24 0.5000000 4569 -181 7 0
35 120 3761 24 0.5000000 4569 -181 7 0
35 121 3757 24 0.5000000 4569 -181 8 0
35 122 3753 24 0.5000000 4569 -181 8 0
35 123 3749 24 0.5000000 4569 -181 8 0
35 124 3744 24 0.5000000 4569 -181 8 0
35 125 3740 24 0.5000000 4569 -181 8 0
35 126 3736 25 0.5000000 4569 -181 7 0
35 127 3732 25 0.5000000 4569 -181 8 0
35 128 3728 25 0.5000000 4569 -181 8 0
35 129 3724 25 0.5000000 4569 -181 8 0
35 130 3720 25 0.5000000 4569 -181 8 0
35 131 3716 25 0.5000000 4569 -181 7 0
35 132 3712 25 0.5000000 4569 -181 7 0
35 133 3708 25 0.5000000 4569 -181 7 0
35 134 3704 25 0.5000000 4569 -181 7 0
35 135 3701 25 0.5000000 4569 -181 6 0
35 136 3697 25 0.5000000 4569 -181 6 0
35 137 3694 25 0.5000000 4569 -181 6 0
35 138 3691 25 0.5000000 4569 -181 6 0
35 139 3688 25 0.5000000 4569 -181 6 0
35 140 3685 25 0.5000000 4569 -181 6 0
35 141 3681 25 0.5000000 4569 -181 6 0
35 142 3678 25 0.5000000 4569 -181 6 0
35 143 3675 25 0.5000000 4569 -181 6 0
35 144 3672 25 0.5000000 4569 -181 5 0
35 145 3669 25 0.5000000 4569 -181 5 0
35 146 3667 25 0.5000000 4569 -181 4 0
35 147 3664 25 0.5000000 4569 -181 5 0
35 148 3661 26 0.5000000 4569 -181 5 0
35 149 3658 26 0.5000000 4569 -181 6 0
35 150 3655 26 0.5000000 4569 -181 6 0
35 151 3652 26 0.5000000 4569 -181 6 0
35 152 3648 25 0.5000000 4569 -181 6 0
35 153 3645 25 0.5000000 4569 -181 7 0
35 154 3641 25 0.5000000 4569 -181 6 0
35 155 3638 25 0.5000000 4569 -181 6 0
35 156 3635 25 0.5000000 4569 -181 6 0
35 157 3631 25 0.5000000 4569 -181 6 0
35 158 3628 25 0.5000000 4569 -181 7 0
35 159 3624 25 0.5000000 4569 -181 7 0
35 160 3620 25 0.5000000 4569 -181 7 0
35 161 3616 25 0.5000000 4569 -181 7 0
35 162 3613 25 0.5000000 4569 -181 7 0
35 163 3609 25 0.5000000 4569 -181 6 0
35 164 3606 25 0.5000000 4569 -181 6 0
35 165 3603 25 0.5000000 4569 -181 6 0
35 166 3599 25 0.5000000 4569 -181 6 0
35 167 3596 25 0.5000000 4569 -181 7 0
35 168 3592 25 0.5000000 4569 -181 7 0
35 169 3588 25 0.5000000 4569 -181 7 0
35 170 3585 25 0.5000000 4569 -181 7 0
35 171 3581 25 0.5000000 4569 -181 7 0
35 172 3577 25 0.5000000 4569 -181 7 0
35 173 3573 25 0.5000000 4569 -181 7 0
35 174 3569 26 0.5000000 4569 -181 7 0
35 175 3565 26 0.5000000 4569 -181 8 0
35 176 3561 26 0.5000000 4569 -181 8 0
35 177 3557 26 0.5000000 4569 -181 8 0
35 178 3553 26 0.5000000 4569 -181 8 0
35 179 3548 26 0.5000000 4569 -181 8 0
35 180 3544 26 0.5000000 4569 -181 8 0
35 181 3540 26 0.5000000 4569 -181 8 0
35 182 3535 26 0.5000000 4569 -181 9 0
35 183 3530 26 0.5000000 4569 -181 9 0
35 184 3526 26 0.5000000 4569 -181 9 0
35 185 3521 26 0.5000000 4569 -181 9 0
35 186 3516 25 0.5000000 4569 -181 9 0
35 187 3511 26 0.5000000 4569 -181 9 0
35 188 3506 26 0.5000000 4569 -181 9 0
35 189 3501 26 0.5000000 4569 -181 10 0
35 190 3496 26 0.5000000 4569 -181 9 0
35 191 3491 26 0.5000000 4569 -181 9 0
35 192 3486 26 0.5000000 4569 -181 10 0
35 193 3481 26 0.5000000 4569 -181 10 0
35 194 3476 26 0.5000000 4569 -181 10 0
35 195 3471 26 0.5000000 4569 -181 10 0
35 196 3466 26 0.5000000 4569 -181 9 0
35 197 3461 26 0.5000000 4569 -181 9 0
35 198 3456 26 0.5000000 4569 -181 9 0
35 199 3451 26 0.5000000 4569 -181 9 0
35 200 3446 26 0.5000000 4569 -181 9 0
35 201 3441 26 0.5000000 4569 -181 9 0
35 202 3436 26 0.5000000 4569 -181 9 0
35 203 3432 26 0.5000000 4569 -181 9 0
35 204 3427 26 0.5000000 4569 -181 9 0
35 205 3422 26 0.5000000 4569 -181 9 0
35 206 3417 26 0.5000000 4569 -181 9 0
35 207 3413 26 0.5000000 4569 -181 9 0
35 208 3408 26 0.5000000 4569 -181 9 0
35 209 3403 26 0.5000000 4569 -181 9 0
35 210 3399 26 0.5000000 4569 -181 9 0
35 211 3394 26 0.5000000 4569 -181 9 0
35 212 3389 26 0.5000000 4569 -181 9 0
35 213 3385 26 0.5000000 4569 -181 9 0
35 214 3380 26 0.5000000 4569 -181 9 0
35 215 3376 26 0.5000000 4569 -181 8 0
35 216 3371 26 0.5000000 4569 -181 8 0
35 217 3367 26 0.5000000 4569 -181 8 0
35 218 3363 26 0.5000000 4569 -181 8 0
35 219 3359 26 0.5000000 4569 -181 8 0
35 220 3355 25 0.5000000 4569 -181 8 0
35 221 3351 25 0.5000000 4569 -181 7 0
35 222 3347 25 0.5000000 4569 -181 7 0
35 223 3344 25 0.5000000 4569 -181 7 0
35 224 3340 25 0.5000000 4569 -181 7 0
35 225 3337 25 0.5000000 4569 -181 6 0
35 226 3333 25 0.5000000 4569 -181 6 0
35 227 3330 25 0.5000000 4569 -181 7 0
35 228 3326 25 0.5000000 4569 -181 6 0
35 229 3323 25 0.5000000 4569 -181 6 0
35 230 3320 25 0.5000000 4569 -181 6 0
35 231 3316 25 0.5000000 4569 -181 6 0
35 232 3313 25 0.5000000 4569 -181 6 0
35 233 3310 25 0.5000000 4569 -181 6 0
35 234 3307 25 0.5000000 4569 -181 6 0
35 235 3304 25 0.5000000 4569 -181 6 0
35 236 3301 26 0.5000000 4569 -181 5 0
35 237 3298 26 0.5000000 4569 -181 5 0
35 238 3295 26 0.5000000 4569 -181 5 0
35 239 3292 27 0.5000000 4569 -181 5 -1
35 240 3289 28 0.5000000 4569 -181 6 -1
35 241 3286 28 0.5000000 4569 -181 6 -1
35 242 3283 29 0.5000000 4569 -181 6 -1
35 243 3280 29 0.5000000 4569 -181 6 -1
35 244 3277 30 0.5000000 4569 -181 5 -1
35 245 3274 31 0.5000000 4569 -181 5 -1
35 246 3271 31 0.5000000 4569 -181 5 -1
35 247 3268 32 0.5000000 4569 -181 6 -1
35 248 3265 33 0.5000000 4569 -181 6 -1
35 249 3262 33 0.5000000 4569 -181 5 -1
35 250 3259 34 0.5000000 4569 -181 5 -1
35 251 3256 35 0.5000000 4569 -181 5 -1
35 252 3254 35 0.5000000 4569 -181 5 -1
35 253 3251 36 0.5000000 4569 -181 5 -1
35 254 3248 37 0.5000000 4569 -181 5 -1
35 255 3246 37 0.5000000 4569 -181 4 -1
35 256 3244 38 0.5000000 4569 -181 4 -1
35 257 3241 39 0.5000000 4569 -181 4 -1
35 258 3239 40 0.5000000 4569 -181 4 -1
35 259 3237 41 0.5000000 4569 -181 4 -1
35 260 3235 41 0.5000000 4569 -181 4 -1
35 261 3233 42 0.5000000 4569 -181 3 -1
35 262 3231 43 0.5000000 4569 -181 4 -1
35 263 3229 44 0.5000000 4569 -181 4 -1
35 264 3227 45 0.5000000 4569 -181 4 -1
35 265 3225 45 0.5000000 4569 -181 4 -1
35 266 3223 46 0.5000000 4569 -181 4 -1
35 267 3221 47 0.5000000 4569 -181 4 -1
35 268 3219 47 0.5000000 4569 -181 3 0
35 269 3217 48 0.5000000 4569 -181 3 -1
35 270 3215 48 0.5000000 4569 -181 3 0
35 271 3213 49 0.5000000 4569 -181 3 0
35 272 3211 49 0.5000000 4569 -181 3 0
35 273 3209 50 0.5000000 4569 -181 3 -1
35 274 3208 50 0.5000000 4569 -181 3 -1
35 275 3206 51 0.5000000 4569 -181 3 -1
35 276 3204 51 0.5000000 4569 -181 3 -1
35 277 3203 52 0.5000000 4569 -181 3 -1
35 278 3201 53 0.5000000 4569 -181 2 -1
35 279 3200 54 0.5000000 4569 -181 2 -1
35 280 3199 54 0.5000000 4569 -181 2 -1
35 281 3197 55 0.5000000 4569 -181 2 -1
35 282 3196 55 0.5000000 4569 -181 2 -1
35 283 3195 56 0.5000000 4569 -181 2 -1
35 284 3194 57 0.5000000 4569 -181 2 -1
35 285 3193 57 0.5000000 4569 -181 1 -1
35 286 3192 58 0.5000000 4569 -181 1 -1
35 287 3192 58 0.5000000 4569 -181 1 -1
35 288 3191 59 0.5000000 4569 -181 1 -1
35 289 3191 60 0.5000000 4569 -181 1 -1
35 290 3190 60 0.5000000 4569 -181 0 -1
35 291 3190 61 0.5000000 4569 -181 1 -1
35 292 3189 62 0.5000000 4569 -181 1 -1
35 293 3188 62 0.5000000 4569 -181 1 0
35 294 3188 62 0.5000000 4569 -181 1 0
35 295 3187 63 0.5000000 4569 -181 1 0
35 296 3187 63 0.5000000 4569 -181 1 0
35 297 3186 63 0.5000000 4569 -181 0 0
35 298 3186 64 0.5000000 4569 -181 1 0
35 299 3185 64 0.5000000 4569 -181 1 0
35 300 3185 64 0.5000000 4569 -181 1 0
35 301 3184 64 0.5000000 4569 -181 1 0
35 302 3183 64 0.5000000 4569 -181 1 0
35 303 3183 64 0.5000000 4569 -181 1 0
35 304 3182 64 0.5000000 4569 -181 0 0
35 305 3182 64 0.5000000 4569 -181 0 0
35 306 3181 64 0.5000000 4569 -181 0 0
35 307 3181 64 0.5000000 4569 -181 0 0
35 308 3181 64 0.5000000 4569 -181 0 0
35 309 3181 65 0.5000000 4569 -181 0 0
35 310 3180 65 0.5000000 4569 -181 0 0
35 311 3180 65 0.5000000 4569 -181 0 0
35 312 3180 65 0.5000000 4569 -181 0 0
35 313 3180 65 0.5000000 4569 -181 0 0
35 314 3179 65 0.5000000 4569 -181 0 0
35 315 3179 64 0.5000000 4569 -181 0 0
35 316 3178 64 0.5000000 4569 -181 0 0
35 317 3178 64 0.5000000 4569 -181 0 0
35 318 3177 64 0.5000000 4569 -181 0 0
35 319 3177 64 0.5000000 4569 -181 0 0
35 320 3177 64 0.5000000 4569 -181 0 0
35 321 3176 64 0.5000000 4569 -181 0 0
35 322 3176 64 0.5000000 4569 -181 0 0
35 323 3176 64 0.5000000 4569 -181 0 0
35 324 3175 64 0.5000000 4569 -181 0 0
35 325 3175 64 0.5000000 4569 -181 0 0
35 326 3175 64 0.5000000 4569 -181 0 0
35 327 3175 64 0.5000000 4569 -181 0 0
35 328 3174 64 0.5000000 4569 -181 0 0
35 329 3174 64 0.5000000 4569 -181 0 0
35 330 3174 64 0.5000000 4569 -181 0 0
35 331 3174 64 0.5000000 4569 -181 0 0
35 332 3174 64 0.5000000 4569 -181 0 0
35 333 3173 64 0.5000000 4569 -181 0 0
35 334 3173 64 0.5000000 4569 -181 0 0
35 335 3173 64 0.5000000 4569 -181 0 0
35 336 3173 64 0.5000000 4569 -181 0 0
35 337 3173 64 0.5000000 4569 -181 0 0
35 338 3173 64 0.5000000 4569 -181 0 0
35 339 3172 64 0.5000000 4569 -181 0 0
35 340 3172 64 0.5000000 4569 -181 0 0
35 341 3172 64 0.5000000 4569 -181 0 0
35 342 3172 64 0.5000000 4569 -181 0 0
35 343 3172 64 0.5000000 4569 -181 0 0
35 344 3172 64 0.5000000 4569 -181 0 0
35 345 3172 64 0.5000000 4569 -181 0 0
35 346 3172 64 0.5000000 4569 -181 0 0
35 347 3172 64 0.5000000 4569 -181 0 0
35 348 3172 64 0.5000000 4569 -181 0 0
35 349 3172 64 0.5000000 4569 -181 0 0
35 350 3172 64 0.5000000 4569 -181 0 0
35 351 3172 64 0.5000000 4569 -181 0 0
35 352 3171 64 0.5000000 4569 -181 0 0
35 353 3171 64 0.5000000 4569 -181 0 0
35 354 3171 64 0.5000000 4569 -181 0 0
35 355 3171 64 0.5000000 4569 -181 0 0
35 356 3171 64 0.5000000 4569 -181 0 0
35 357 3171 64 0.5000000 4569 -181 0 0
35 358 3171 64 0.5000000 4569 -181 0 0
35 359 3171 64 0.5000000 4569 -181 0 0
35 360 3171 64 0.5000000 4569 -181 0 0
35 361 3170 64 0.5000000 4569 -181 0 0
35 362 3170 64 0.5000000 4569 -181 0 0
35 363 3170 64 0.5000000 4569 -181 0 0
35 364 3170 64 0.5000000 4569 -181 0 0
35 365 3170 64 0.5000000 4569 -181 0 0
35 366 3169 64 0.5000000 4569 -181 0 0
35 367 3169 64 0.5000000 4569 -181 0 0
35 368 3169 64 0.5000000 4569 -181 0 0
35 369 3169 65 0.5000000 4569 -181 0 0
35 370 3169 65 0.5000000 4569 -181 0 0
35 371 3169 65 0.5000000 4569 -181 0 0
35 372 3168 65 0.5000000 4569 -181 0 0
35 373 3168 65 0.5000000 4569 -181 0 0
35 374 3167 65 0.5000000 4569 -181 1 0
35 375 3167 65 0.5000000 4569 -181 1 0
35 376 3166 65 0.5000000 4569 -181 2 0
35 377 3164 65 0.5000000 4569 -181 2 0
35 378 3163 66 0.5000000 4569 -181 2 0
35 379 3162 66 0.5000000 4569 -181 2 0
35 380 3160 66 0.5000000 4569 -181 3 0
35 381 3158 66 0.5000000 4569 -181 3 0
35 382 3156 66 0.5000000 4569 -181 3 0
35 383 3154 66 0.5000000 4569 -181 4 0
35 384 3152 66 0.5000000 4569 -181 4 0
35 385 3149 66 0.5000000 4569 -181 5 0
35 386 3146 66 0.5000000 4569 -181 5 0
35 387 3143 66 0.5000000 4569 -181 6 0
35 388 3140 66 0.5000000 4569 -181 6 0
35 389 3136 66 0.5000000 4569 -181 6 0
35 390 3133 66 0.5000000 4569 -181 7 0
35 391 3129 66 0.5000000 4569 -181 7 0
35 392 3125 66 0.5000000 4569 -181 7 0
35 393 3121 66 0.5000000 4569 -181 7 0
35 394 3118 66 0.5000000 4569 -181 7 0
35 395 3114 66 0.5000000 4569 -181 7 0
35 396 3110 66 0.5000000 4569 -181 8 0
35 397 3105 66 0.5000000 4569 -181 8 0
35 398 3101 67 0.5000000 4569 -181 8 0
35 399 3097 67 0.5000000 4569 -181 8 0
35 400 3093 67 0.5000000 4569 -181 8 0
35 401 3088 67 0.5000000 4569 -181 8 0
35 402 3084 67 0.5000000 4569 -181 8 0
35 403 3080 66 0.5000000 4569 -181 8 0
35 404 3076 66 0.5000000 4569 -181 8 0
35 405 3071 66 0.5000000 4569 -181 8 0
35 406 3067 66 0.5000000 4569 -181 8 0
35 407 3062 66 0.5000000 4569 -181 8 0
35 408 3058 66 0.5000000 4569 -181 8 0
35 409 3054 66 0.5000000 4569 -181 8 0
35 410 3049 66 0.5000000 4569 -181 8 0
35 411 3045 66 0.5000000 4569 -181 9 0
35 412 3040 66 0.5000000 4569 -181 9 0
35 413 3036 66 0.5000000 4569 -181 9 0
35 414 3031 66 0.5000000 4569 -181 9 0
35 415 3026 66 0.5000000 4569 -181 9 0
35 416 3022 66 0.5000000 4569 -181 9 0
35 417 3017 66 0.5000000 4569 -181 8 0
35 418 3013 66 0.5000000 4569 -181 9 0
35 419 3008 66 0.5000000 4569 -181 9 0
35 420 3003 66 0.5000000 4569 -181 10 0
35 421 2997 66 0.5000000 4569 -181 10 0
35 422 2992 67 0.5000000 4569 -181 10 0
35 423 2986 67 0.5000000 4569 -181 11 0
35 424 2981 67 0.5000000 4569 -181 11 0
35 425 2975 67 0.5000000 4569 -181 11 0
35 426 2970 67 0.5000000 4569 -181 11 0
35 427 2964 67 0.5000000 4569 -181 11 0
35 428 2958 67 0.5000000 4569 -181 11 0
35 429 2952 67 0.5000000 4569 -181 11 0
35 430 2946 67 0.5000000 4569 -181 11 0
35 431 2941 67 0.5000000 4569 -181 10 0
35 432 2936 67 0.5000000 4569 -181 10 0
35 433 2931 67 0.5000000 4569 -181 10 0
35 434 2926 67 0.5000000 4569 -181 9 0
35 435 2921 67 0.5000000 4569 -181 9 0
35 436 2917 67 0.5000000 4569 -181 8 0
35 437 2913 67 0.5000000 4569 -181 7 0
35 438 2909 67 0.5000000 4569 -181 7 0
35 439 2906 67 0.5000000 4569 -181 6 0
35 440 2903 67 0.5000000 4569 -181 6 0
35 441 2900 67 0.5000000 4569 -181 6 0
35 442 2897 67 0.5000000 4569 -181 5 0
35 443 2894 67 0.5000000 4569 -181 5 0
35 444 2892 67 0.5000000 4569 -181 5 0
35 445 2889 68 0.5000000 4569 -181 5 0
35 446 2887 68 0.5000000 4569 -181 4 0
35 447 2885 68 0.5000000 4569 -181 4 0
35 448 2882 68 0.5000000 4569 -181 4 0
35 449 2880 68 0.5000000 4569 -181 3 0
35 450 2879 68 0.5000000 4569 -181 3 0
35 451 2877 68 0.5000000 4569 -181 3 0
35 452 2876 68 0.5000000 4569 -181 2 0
35 453 2874 68 0.5000000 4569 -181 2 0
35 454 2873 68 0.5000000 4569 -181 2 0
35 455 2872 68 0.5000000 4569 -181 2 0
35 456 2870 68 0.5000000 4569 -181 2 0
35 457 2869 68 0.5000000 4569 -181 2 0
35 458 2868 68 0.5000000 4569 -181 1 0
35 459 2868 68 0.5000000 4569 -181 1 0
35 460 2867 68 0.5000000 4569 -181 1 0
35 461 2866 68 0.5000000 4569 -181 1 0
35 462 2866 67 0.5000000 4569 -181 1 0
35 463 2865 67 0.5000000 4569 -181 0 0
35 464 2865 67 0.5000000 4569 -181 0 0
35 465 2864 67 0.5000000 4569 -181 0 0
35 466 2864 67 0.5000000 4569 -181 1 0
35 467 2863 67 0.5000000 4569 -181 0 0
35 468 2863 67 0.5000000 4569 -181 0 0
35 469 2863 67 0.5000000 4569 -181 0 0
35 470 2862 67 0.5000000 4569 -181 0 0
35 471 2862 67 0.5000000 4569 -181 0 0
35 472 2862 67 0.5000000 4569 -181 0 0
35 473 2862 67 0.5000000 4569 -181 0 0
35 474 2862 67 0.5000000 4569 -181 0 0
35 475 2861 66 0.5000000 4569 -181 0 0
35 476 2861 66 0.5000000 4569 -181 0 0
35 477 2861 66 0.5000000 4569 -181 0 0
35 478 2861 66 0.5000000 4569 -181 0 0
35 479 2861 66 0.5000000 4569 -181 0 0
35 480 2861 66 0.5000000 4569 -181 0 0
35 481 2860 67 0.5000000 4569 -181 0 0
35 482 2860 67 0.5000000 4569 -181 0 0
35 483 2860 67 0.5000000 4569 -181 0 0
35 484 2860 67 0.5000000 4569 -181 0 0
35 485 2860 67 0.5000000 4569 -181 0 0
35 486 2860 67 0.5000000 4569 -181 0 0
35 487 2860 67 0.5000000 4569 -181 0 0
35 488 2860 67 0.5000000 4569 -181 0 0
35 489 2860 67 0.5000000 4569 -181 0 0
35 490 2859 68 0.5000000 4569 -181 0 0
35 491 2859 68 0.5000000 4569 -181 0 0
35 492 2859 68 0.5000000 4569 -181 0 0
35 493 2859 68 0.5000000 4569 -181 0 0
35 494 2859 68 0.5000000 4569 -181 0 0
35 495 2859 68 0.5000000 4569 -181 0 0
35 496 2859 68 0.5000000 4569 -181 0 0
35 497 2859 68 0.5000000 4569 -181 0 0
35 498 2859 68 0.5000000 4569 -181 0 0
35 499 2859 68 0.5000000 4569 -181 0 0
35 500 2859 68 0.5000000 4569 -181 0 0
35 501 2859 68 0.5000000 4569 -181 0 0
35 502 2858 68 0.5000000 4569 -181 0 0
35 503 2858 68 0.5000000 4569 -181 0 0
35 504 2858 68 0.5000000 4569 -181 0 0
35 505 2857 68 0.5000000 4569 -181 0 0
