29 0 14341 223 0.5000000 12884 73 1 -1
29 1 14340 223 0.5000000 12884 73 1 -1
29 2 14339 224 0.5000000 12884 73 1 -1
29 3 14339 224 0.5000000 12884 73 1 -1
29 4 14338 225 0.5000000 12884 73 0 -1
29 5 14338 226 0.5000000 12884 73 0 -1
29 6 14338 226 0.5000000 12884 73 0 -1
29 7 14337 227 0.5000000 12884 73 0 -1
29 8 14337 227 0.5000000 12884 73 0 -1
29 9 14337 228 0.5000000 12884 73 0 -1
29 10 14337 228 0.5000000 12884 73 0 0
29 11 14337 229 0.5000000 12884 73 0 0
29 12 14337 229 0.5000000 12884 73 0 0
29 13 14337 230 0.5000000 12884 73 0 0
29 14 14337 230 0.5000000 12884 73 0 0
29 15 14337 230 0.5000000 12884 73 0 0
29 16 14337 230 0.5000000 12884 73 0 0
29 17 14337 231 0.5000000 12884 73 0 0
29 18 14337 231 0.5000000 12884 73 0 0
29 19 14337 231 0.5000000 12884 73 0 0
29 20 14338 231 0.5000000 12884 73 0 0
29 21 14338 231 0.5000000 12884 73 0 0
29 22 14338 231 0.5000000 12884 73 0 0
29 23 14338 231 0.5000000 12884 73 0 0
29 24 14338 232 0.5000000 12884 73 0 0
29 25 14337 232 0.5000000 12884 73 0 0
29 26 14337 232 0.5000000 12884 73 0 0
29 27 14337 232 0.5000000 12884 73 0 0
29 28 14337 232 0.5000000 12884 73 0 0
29 29 14337 233 0.5000000 12884 73 0 0
29 30 14336 233 0.5000000 12884 73 0 0
29 31 14336 233 0.5000000 12884 73 0 0
29 32 14336 234 0.5000000 12884 73 0 0
29 33 14335 234 0.5000000 12884 73 0 0
29 34 14335 234 0.5000000 12884 73 0 0
29 35 14335 234 0.5000000 12884 73 0 0
29 36 14335 235 0.5000000 12884 73 0 0
29 37 14335 235 0.5000000 12884 73 0 0
29 38 14335 236 0.5000000 12884 73 0 -1
29 39 14335 236 0.5000000 12884 73 0 -1
29 40 14335 237 0.5000000 12884 73 0 -1
29 41 14335 237 0.5000000 12884 73 0 -1
29 42 14335 238 0.5000000 12884 73 0 -1
29 43 14335 238 0.5000000 12884 73 0 -1
29 44 14335 239 0.5000000 12884 73 0 -1
29 46 14335 240 0.5000000 12884 73 0 -1
29 47 14335 240 0.5000000 12884 73 0 -1
29 48 14335 241 0.5000000 12884 73 0 -1
29 49 14335 241 0.5000000 12884 73 0 0
29 50 14335 242 0.5000000 12884 73 0 -1
29 51 14335 242 0.5000000 12884 73 0 -1
29 52 14335 243 0.5000000 12884 73 0 -1
29 53 14335 244 0.5000000 12884 73 0 -1
29 54 14335 245 0.5000000 12884 73 0 -1
29 55 14335 246 0.5000000 12884 73 0 -1
29 56 14335 246 0.5000000 12884 73 0 -1
29 57 14334 247 0.5000000 12884 73 0 -1
29 58 14334 248 0.5000000 12884 73 0 -1
29 59 14334 249 0.5000000 12884 73 0 -1
29 60 14334 250 0.5000000 12884 73 0 -1
29 61 14334 251 0.5000000 12884 73 0 -2
29 62 14334 252 0.5000000 12884 73 0 -2
29 63 14334 253 0.5000000 12884 73 0 -1
29 64 14334 254 0.5000000 12884 73 0 -1
29 65 14334 255 0.5000000 12884 73 0 -1
29 66 14334 256 0.5000000 12884 73 0 -1
29 67 14333 256 0.5000000 12884 73 1 -1
29 68 14333 257 0.5000000 12884 73 1 -1
29 69 14332 258 0.5000000 12884 73 0 -1
29 70 14332 259 0.5000000 12884 73 1 -1
29 71 14331 259 0.5000000 12884 73 1 -1
29 72 14331 260 0.5000000 12884 73 0 -1
29 73 14330 260 0.5000000 12884 73 0 -1
29 74 14330 261 0.5000000 12884 73 0 -1
29 75 14329 261 0.5000000 12884 73 0 -1
29 76 14329 262 0.5000000 12884 73 0 -1
29 77 14329 263 0.5000000 12884 73 0 -1
29 78 14328 263 0.5000000 12884 73 0 -1
29 79 14328 264 0.5000000 12884 73 0 0
29 80 14328 264 0.5000000 12884 73 0 0
29 81 14327 264 0.5000000 12884 73 0 0
29 82 14327 265 0.5000000 12884 73 0 0
29 83 14327 265 0.5000000 12884 73 0 0
29 84 14326 266 0.5000000 12884 73 0 0
29 85 14326 266 0.5000000 12884 73 0 0
29 86 14325 267 0.5000000 12884 73 0 0
29 88 14325 267 0.5000000 12884 73 0 -1
29 89 14325 267 0.5000000 12884 73 0 0
29 90 14325 268 0.5000000 12884 73 0 0
29 91 14325 268 0.5000000 12884 73 0 0
29 92 14325 268 0.5000000 12884 73 0 0
29 93 14324 268 0.5000000 12884 73 0 0
29 94 14324 268 0.5000000 12884 73 0 0
29 95 14324 268 0.5000000 12884 73 0 0
29 96 14324 269 0.5000000 12884 73 0 0
29 97 14324 269 0.5000000 12884 73 0 0
29 98 14325 269 0.5000000 12884 73 0 0
29 99 14325 269 0.5000000 12884 73 0 0
29 100 14325 269 0.5000000 12884 73 0 0
29 101 14325 269 0.5000000 12884 73 0 0
29 102 14325 269 0.5000000 12884 73 0 0
29 103 14325 270 0.5000000 12884 73 0 0
29 104 14325 270 0.5000000 12884 73 0 0
29 105 14326 270 0.5000000 12884 73 0 0
29 106 14326 271 0.5000000 12884 73 0 0
29 107 14326 271 0.5000000 12884 73 0 0
29 108 14326 271 0.5000000 12884 73 0 0
29 109 14326 271 0.5000000 12884 73 0 0
29 110 14326 272 0.5000000 12884 73 0 0
29 111 14327 272 0.5000000 12884 73 0 0
29 112 14327 272 0.5000000 12884 73 0 0
29 113 14327 272 0.5000000 12884 73 0 0
29 114 14327 272 0.5000000 12884 73 0 0
29 115 14326 273 0.5000000 12884 73 0 0
29 116 14326 273 0.5000000 12884 73 0 0
29 117 14326 273 0.5000000 12884 73 0 0
29 118 14325 274 0.5000000 12884 73 0 0
29 119 14325 274 0.5000000 12884 73 0 0
29 120 14324 275 0.5000000 12884 73 0 0
29 121 14324 275 0.5000000 12884 73 0 0
29 122 14324 276 0.5000000 12884 73 0 0
