36 0 5202 791 0.5000000 7008 534 0 0
36 1 5201 791 0.5000000 7008 534 0 0
36 2 5202 791 0.5000000 7008 534 0 0
36 3 5202 791 0.5000000 7008 534 0 0
36 4 5202 791 0.5000000 7008 534 0 0
36 5 5202 791 0.5000000 7008 534 0 0
36 6 5202 791 0.5000000 7008 534 0 0
36 7 5202 791 0.5000000 7008 534 0 0
36 8 5201 791 0.5000000 7008 534 0 0
36 9 5201 791 0.5000000 7008 534 0 0
36 10 5201 791 0.5000000 7008 534 0 0
36 11 5201 791 0.5000000 7008 534 0 0
36 12 5202 791 0.5000000 7008 534 0 0
36 13 5202 791 0.5000000 7008 534 0 0
36 14 5202 791 0.5000000 7008 534 0 0
36 15 5202 791 0.5000000 7008 534 0 0
36 16 5202 791 0.5000000 7008 534 0 0
36 17 5202 791 0.5000000 7008 534 0 0
36 18 5202 791 0.5000000 7008 534 0 0
36 19 5202 791 0.5000000 7008 534 0 0
36 20 5202 791 0.5000000 7008 534 0 0
36 21 5202 791 0.5000000 7008 534 0 0
36 22 5203 791 0.5000000 7008 534 0 0
36 23 5203 791 0.5000000 7008 534 0 0
36 24 5203 790 0.5000000 7008 534 0 0
36 25 5203 790 0.5000000 7008 534 0 0
36 26 5203 790 0.5000000 7008 534 0 0
36 27 5203 790 0.5000000 7008 534 0 0
36 28 5203 790 0.5000000 7008 534 0 0
36 29 5203 790 0.5000000 7008 534 0 0
36 30 5203 790 0.5000000 7008 534 0 0
36 31 5203 790 0.5000000 7008 534 0 0
36 32 5202 790 0.5000000 7008 534 0 0
36 33 5202 790 0.5000000 7008 534 1 0
36 34 5200 790 0.5000000 7008 534 3 0
36 35 5198 790 0.5000000 7008 534 4 0
36 36 5196 789 0.5000000 7008 534 3 0
36 37 5194 789 0.5000000 7008 534 3 0
36 38 5192 789 0.5000000 7008 534 3 0
36 39 5191 788 0.5000000 7008 534 3 1
36 40 5189 787 0.5000000 7008 534 2 1
36 41 5188 786 0.5000000 7008 534 2 1
36 50 5187 786 0.5000000 7008 534 2 1
36 54 5186 785 0.5000000 7008 534 1 1
36 57 5185 785 0.5000000 7008 534 2 0
36 61 5183 784 0.5000000 7008 534 2 0
36 63 5183 784 0.5000000 7008 534 1 0
36 64 5182 784 0.5000000 7008 534 0 0
36 65 5182 784 0.5000000 7008 534 1 0
36 66 5181 783 0.5000000 7008 534 0 0
36 67 5181 783 0.5000000 7008 534 0 0
36 68 5180 783 0.5000000 7008 534 1 0
36 70 5180 782 0.5000000 7008 534 1 0
36 71 5179 782 0.5000000 7008 534 1 0
36 72 5178 781 0.5000000 7008 534 2 0
36 73 5177 781 0.5000000 7008 534 1 0
36 74 5177 781 0.5000000 7008 534 0 0
36 75 5177 782 0.5000000 7008 534 0 0
36 78 5178 782 0.5000000 7008 534 -1 0
36 79 5178 782 0.5000000 7008 534 -1 0
36 80 5179 782 0.5000000 7008 534 -1 0
36 81 5179 783 0.5000000 7008 534 0 0
36 82 5179 783 0.5000000 7008 534 1 0
36 83 5178 784 0.5000000 7008 534 0 -1
36 84 5177 784 0.5000000 7008 534 3 -1
36 85 5175 785 0.5000000 7008 534 2 -1
36 86 5174 786 0.5000000 7008 534 3 0
36 87 5172 786 0.5000000 7008 534 2 0
36 88 5170 786 0.5000000 7008 534 3 0
36 89 5168 786 0.5000000 7008 534 4 0
36 90 5166 786 0.5000000 7008 534 4 0
36 91 5163 787 0.5000000 7008 534 5 0
36 92 5160 787 0.5000000 7008 534 6 0
36 93 5157 787 0.5000000 7008 534 6 0
36 94 5153 787 0.5000000 7008 534 6 0
36 95 5150 787 0.5000000 7008 534 6 0
36 96 5147 788 0.5000000 7008 534 6 0
36 97 5143 788 0.5000000 7008 534 6 0
36 98 5140 788 0.5000000 7008 534 7 0
36 99 5136 789 0.5000000 7008 534 7 0
36 100 5133 789 0.5000000 7008 534 7 0
36 101 5129 789 0.5000000 7008 534 6 0
36 102 5126 790 0.5000000 7008 534 6 0
36 103 5123 790 0.5000000 7008 534 5 0
36 104 5121 790 0.5000000 7008 534 5 0
36 105 5118 791 0.5000000 7008 534 4 0
36 106 5116 791 0.5000000 7008 534 3 0
36 107 5115 791 0.5000000 7008 534 3 0
36 108 5114 792 0.5000000 7008 534 2 0
36 109 5112 792 0.5000000 7008 534 2 0
36 110 5111 792 0.5000000 7008 534 1 0
36 111 5111 793 0.5000000 7008 534 1 0
36 112 5110 793 0.5000000 7008 534 1 0
36 113 5109 793 0.5000000 7008 534 1 0
36 114 5109 793 0.5000000 7008 534 1 0
36 115 5108 793 0.5000000 7008 534 1 0
36 116 5108 793 0.5000000 7008 534 0 0
36 117 5107 793 0.5000000 7008 534 0 0
36 118 5107 793 0.5000000 7008 534 0 0
36 119 5107 794 0.5000000 7008 534 0 0
36 120 5107 794 0.5000000 7008 534 0 0
36 121 5106 794 0.5000000 7008 534 0 0
36 122 5106 794 0.5000000 7008 534 0 0
36 123 5106 795 0.5000000 7008 534 0 0
36 124 5106 795 0.5000000 7008 534 0 0
36 125 5106 795 0.5000000 7008 534 0 0
36 126 5106 795 0.5000000 7008 534 0 0
36 127 5106 795 0.5000000 7008 534 0 0
36 128 5106 796 0.5000000 7008 534 0 0
36 129 5106 796 0.5000000 7008 534 0 0
36 130 5106 796 0.5000000 7008 534 0 0
36 131 5106 796 0.5000000 7008 534 0 0
36 132 5106 796 0.5000000 7008 534 0 0
36 133 5106 796 0.5000000 7008 534 0 0
36 134 5106 796 0.5000000 7008 534 0 0
36 135 5106 796 0.5000000 7008 534 0 0
36 136 5106 796 0.5000000 7008 534 0 0
36 137 5107 797 0.5000000 7008 534 0 0
36 138 5107 797 0.5000000 7008 534 0 0
36 139 5107 797 0.5000000 7008 534 0 0
36 140 5107 797 0.5000000 7008 534 0 0
36 141 5107 797 0.5000000 7008 534 0 0
36 142 5108 797 0.5000000 7008 534 0 0
36 143 5108 797 0.5000000 7008 534 0 0
36 144 5108 797 0.5000000 7008 534 0 0
36 145 5108 797 0.5000000 7008 534 0 0
36 146 5108 796 0.5000000 7008 534 0 0
36 147 5108 796 0.5000000 7008 534 0 0
36 148 5108 796 0.5000000 7008 534 0 0
36 149 5109 796 0.5000000 7008 534 0 0
36 150 5109 796 0.5000000 7008 534 0 0
36 151 5109 796 0.5000000 7008 534 0 0
36 152 5109 796 0.5000000 7008 534 0 0
36 153 5110 796 0.5000000 7008 534 0 0
36 154 5110 796 0.5000000 7008 534 0 0
