19 0 13361 498 0.5000000 12331 260 0 0
19 1 13361 498 0.5000000 12331 260 0 0
19 2 13361 498 0.5000000 12331 260 0 0
19 3 13361 498 0.5000000 12331 260 0 0
19 4 13361 498 0.5000000 12331 260 0 0
19 5 13361 498 0.5000000 12331 260 0 0
19 6 13361 498 0.5000000 12331 260 0 0
19 7 13361 497 0.5000000 12331 260 0 0
19 8 13361 497 0.5000000 12331 260 0 0
19 9 13361 497 0.5000000 12331 260 0 0
19 10 13361 497 0.5000000 12331 260 0 0
19 11 13362 497 0.5000000 12331 260 0 0
19 12 13362 497 0.5000000 12331 260 0 0
19 13 13362 496 0.5000000 12331 260 0 0
19 14 13362 496 0.5000000 12331 260 0 0
19 15 13362 496 0.5000000 12331 260 0 0
19 16 13362 496 0.5000000 12331 260 0 0
19 17 13363 496 0.5000000 12331 260 0 0
19 18 13363 496 0.5000000 12331 260 0 0
19 19 13363 496 0.5000000 12331 260 0 0
19 20 13363 496 0.5000000 12331 260 0 0
19 21 13363 496 0.5000000 12331 260 0 0
19 22 13363 496 0.5000000 12331 260 0 0
19 23 13363 496 0.5000000 12331 260 0 0
19 24 13363 496 0.5000000 12331 260 0 0
19 25 13363 496 0.5000000 12331 260 0 0
19 26 13363 496 0.5000000 12331 260 0 0
19 29 13363 496 0.5000000 12331 260 0 0
19 30 13364 496 0.5000000 12331 260 0 0
19 31 13364 496 0.5000000 12331 260 0 0
19 32 13364 496 0.5000000 12331 260 0 0
19 33 13364 496 0.5000000 12331 260 0 0
19 34 13364 496 0.5000000 12331 260 0 0
19 35 13363 496 0.5000000 12331 260 0 0
19 36 13364 497 0.5000000 12331 260 0 0
19 37 13364 497 0.5000000 12331 260 0 0
19 38 13364 497 0.5000000 12331 260 0 0
19 39 13364 497 0.5000000 12331 260 0 0
19 40 13363 497 0.5000000 12331 260 0 0
19 41 13364 497 0.5000000 12331 260 0 0
19 42 13364 497 0.5000000 12331 260 0 0
19 43 13364 497 0.5000000 12331 260 0 0
19 44 13364 497 0.5000000 12331 260 0 0
19 45 13364 497 0.5000000 12331 260 0 0
19 46 13364 497 0.5000000 12331 260 0 0
19 47 13364 497 0.5000000 12331 260 0 0
19 48 13364 498 0.5000000 12331 260 0 0
19 49 13364 497 0.5000000 12331 260 0 0
19 50 13364 497 0.5000000 12331 260 0 0
19 51 13364 497 0.5000000 12331 260 0 0
19 52 13364 497 0.5000000 12331 260 0 0
19 53 13364 497 0.5000000 12331 260 0 0
19 54 13364 497 0.5000000 12331 260 0 0
19 55 13364 497 0.5000000 12331 260 0 0
19 56 13364 497 0.5000000 12331 260 0 0
19 57 13364 497 0.5000000 12331 260 0 0
19 58 13364 497 0.5000000 12331 260 0 0
19 59 13364 497 0.5000000 12331 260 0 0
19 60 13364 498 0.5000000 12331 260 0 0
19 62 13364 498 0.5000000 12331 260 0 0
19 63 13364 498 0.5000000 12331 260 0 0
19 64 13364 498 0.5000000 12331 260 0 0
19 65 13364 498 0.5000000 12331 260 0 0
19 68 13364 498 0.5000000 12331 260 0 0
19 69 13364 498 0.5000000 12331 260 0 0
19 70 13364 498 0.5000000 12331 260 0 0
19 71 13364 498 0.5000000 12331 260 0 0
19 72 13364 498 0.5000000 12331 260 0 0
19 73 13364 499 0.5000000 12331 260 0 0
19 74 13364 499 0.5000000 12331 260 0 0
19 75 13364 499 0.5000000 12331 260 0 0
19 76 13365 499 0.5000000 12331 260 0 0
19 77 13365 499 0.5000000 12331 260 0 0
19 78 13365 499 0.5000000 12331 260 0 0
19 79 13365 499 0.5000000 12331 260 0 0
19 80 13365 499 0.5000000 12331 260 0 0
19 81 13365 499 0.5000000 12331 260 0 0
19 82 13365 499 0.5000000 12331 260 0 0
19 83 13365 499 0.5000000 12331 260 0 0
19 84 13365 499 0.5000000 12331 260 0 0
19 85 13365 499 0.5000000 12331 260 0 0
19 86 13365 499 0.5000000 12331 260 0 0
19 87 13365 500 0.5000000 12331 260 0 0
19 88 13364 500 0.5000000 12331 260 0 0
19 89 13364 500 0.5000000 12331 260 0 0
19 90 13364 500 0.5000000 12331 260 0 0
19 91 13364 500 0.5000000 12331 260 0 0
19 92 13364 500 0.5000000 12331 260 0 0
19 93 13364 500 0.5000000 12331 260 0 0
19 94 13364 500 0.5000000 12331 260 0 0
19 95 13364 500 0.5000000 12331 260 0 0
19 96 13364 500 0.5000000 12331 260 0 0
19 97 13364 500 0.5000000 12331 260 0 0
19 98 13364 500 0.5000000 12331 260 0 0
19 99 13364 500 0.5000000 12331 260 0 0
19 100 13364 500 0.5000000 12331 260 0 0
19 101 13364 500 0.5000000 12331 260 0 0
19 102 13364 501 0.5000000 12331 260 0 0
19 103 13364 501 0.5000000 12331 260 0 0
19 104 13364 501 0.5000000 12331 260 0 0
19 105 13364 501 0.5000000 12331 260 0 0
19 106 13364 501 0.5000000 12331 260 0 0
19 107 13364 502 0.5000000 12331 260 0 0
19 108 13364 502 0.5000000 12331 260 0 0
19 109 13364 502 0.5000000 12331 260 0 0
19 110 13364 502 0.5000000 12331 260 0 0
19 111 13364 501 0.5000000 12331 260 0 0
19 112 13364 501 0.5000000 12331 260 0 0
19 113 13364 501 0.5000000 12331 260 0 0
19 114 13364 501 0.5000000 12331 260 0 0
19 115 13363 501 0.5000000 12331 260 0 0
19 116 13363 501 0.5000000 12331 260 0 0
19 117 13363 501 0.5000000 12331 260 0 0
19 118 13363 501 0.5000000 12331 260 0 0
19 119 13363 501 0.5000000 12331 260 0 0
19 120 13363 501 0.5000000 12331 260 0 0
19 121 13363 501 0.5000000 12331 260 0 0
19 122 13363 501 0.5000000 12331 260 0 0
19 123 13363 501 0.5000000 12331 260 0 0
19 124 13363 501 0.5000000 12331 260 0 0
19 125 13363 501 0.5000000 12331 260 0 0
19 126 13363 501 0.5000000 12331 260 0 0
19 127 13363 501 0.5000000 12331 260 0 0
19 128 13363 501 0.5000000 12331 260 0 0
19 129 13363 501 0.5000000 12331 260 0 0
19 130 13363 501 0.5000000 12331 260 0 0
19 131 13363 501 0.5000000 12331 260 0 0
19 132 13363 501 0.5000000 12331 260 0 0
19 133 13363 501 0.5000000 12331 260 0 0
19 134 13363 501 0.5000000 12331 260 0 0
19 135 13363 501 0.5000000 12331 260 0 0
19 136 13363 501 0.5000000 12331 260 0 0
19 137 13362 501 0.5000000 12331 260 0 0
19 138 13362 500 0.5000000 12331 260 0 0
19 139 13362 500 0.5000000 12331 260 0 0
19 140 13362 500 0.5000000 12331 260 0 0
19 141 13362 500 0.5000000 12331 260 0 0
19 142 13363 500 0.5000000 12331 260 0 0
19 143 13363 500 0.5000000 12331 260 0 0
19 144 13363 500 0.5000000 12331 260 0 0
19 145 13363 500 0.5000000 12331 260 0 0
19 146 13363 501 0.5000000 12331 260 0 0
19 147 13363 501 0.5000000 12331 260 0 0
19 148 13364 501 0.5000000 12331 260 0 0
19 149 13364 501 0.5000000 12331 260 0 0
19 150 13364 501 0.5000000 12331 260 0 0
19 151 13364 501 0.5000000 12331 260 0 0
19 152 13365 501 0.5000000 12331 260 0 0
19 153 13365 501 0.5000000 12331 260 0 0
19 154 13365 501 0.5000000 12331 260 0 0
19 155 13365 501 0.5000000 12331 260 0 0
19 156 13365 501 0.5000000 12331 260 0 0
19 157 13366 501 0.5000000 12331 260 0 0
19 158 13366 501 0.5000000 12331 260 0 0
19 159 13366 501 0.5000000 12331 260 0 0
19 160 13366 501 0.5000000 12331 260 0 0
19 161 13366 501 0.5000000 12331 260 0 0
19 164 13366 501 0.5000000 12331 260 0 0
19 165 13366 501 0.5000000 12331 260 0 0
19 166 13366 501 0.5000000 12331 260 0 0
19 167 13366 501 0.5000000 12331 260 0 0
19 168 13366 500 0.5000000 12331 260 0 0
19 169 13366 500 0.5000000 12331 260 0 0
19 170 13366 500 0.5000000 12331 260 0 0
19 171 13366 500 0.5000000 12331 260 0 0
19 172 13366 500 0.5000000 12331 260 0 0
19 173 13366 500 0.5000000 12331 260 0 0
19 174 13366 501 0.5000000 12331 260 0 0
19 175 13366 501 0.5000000 12331 260 0 0
19 176 13366 501 0.5000000 12331 260 0 0
19 177 13366 501 0.5000000 12331 260 0 0
19 178 13366 501 0.5000000 12331 260 0 0
19 180 13366 501 0.5000000 12331 260 0 0
19 181 13366 501 0.5000000 12331 260 0 0
19 182 13366 501 0.5000000 12331 260 0 0
19 183 13366 501 0.5000000 12331 260 0 0
19 184 13366 501 0.5000000 12331 260 0 0
19 185 13366 501 0.5000000 12331 260 0 0
19 186 13366 501 0.5000000 12331 260 0 0
19 187 13366 501 0.5000000 12331 260 0 0
