28 0 13561 585 0.5000000 12138 483 0 0
28 1 13560 585 0.5000000 12138 483 0 0
28 2 13560 585 0.5000000 12138 483 0 0
28 3 13560 585 0.5000000 12138 483 0 0
28 4 13560 585 0.5000000 12138 483 0 0
28 5 13560 585 0.5000000 12138 483 0 0
28 6 13560 585 0.5000000 12138 483 0 0
28 7 13561 585 0.5000000 12138 483 0 0
28 8 13561 585 0.5000000 12138 483 0 0
28 9 13561 585 0.5000000 12138 483 0 0
28 10 13561 585 0.5000000 12138 483 0 0
28 11 13561 585 0.5000000 12138 483 0 0
28 12 13561 586 0.5000000 12138 483 0 0
28 13 13561 586 0.5000000 12138 483 0 0
28 14 13561 586 0.5000000 12138 483 0 0
28 15 13562 586 0.5000000 12138 483 0 0
28 16 13562 586 0.5000000 12138 483 0 0
28 17 13562 586 0.5000000 12138 483 0 0
28 18 13562 586 0.5000000 12138 483 0 0
28 19 13562 586 0.5000000 12138 483 0 0
28 20 13562 587 0.5000000 12138 483 0 0
28 21 13562 587 0.5000000 12138 483 0 0
28 22 13562 586 0.5000000 12138 483 0 0
28 23 13562 586 0.5000000 12138 483 0 0
28 24 13562 586 0.5000000 12138 483 0 0
28 25 13563 586 0.5000000 12138 483 0 0
28 26 13563 586 0.5000000 12138 483 0 0
28 27 13563 586 0.5000000 12138 483 0 0
28 28 13563 586 0.5000000 12138 483 0 0
28 29 13564 586 0.5000000 12138 483 0 0
28 30 13564 586 0.5000000 12138 483 0 0
28 31 13564 586 0.5000000 12138 483 0 0
28 32 13564 586 0.5000000 12138 483 0 0
28 33 13564 586 0.5000000 12138 483 0 0
28 34 13564 586 0.5000000 12138 483 0 0
28 35 13564 586 0.5000000 12138 483 0 0
28 36 13564 585 0.5000000 12138 483 0 0
28 37 13565 585 0.5000000 12138 483 0 0
28 38 13565 585 0.5000000 12138 483 0 0
28 39 13565 585 0.5000000 12138 483 0 0
28 40 13564 585 0.5000000 12138 483 0 0
28 41 13564 585 0.5000000 12138 483 0 0
28 42 13564 585 0.5000000 12138 483 0 0
28 43 13564 585 0.5000000 12138 483 0 0
28 44 13564 585 0.5000000 12138 483 0 0
28 45 13564 585 0.5000000 12138 483 0 0
28 46 13564 585 0.5000000 12138 483 0 0
28 47 13564 585 0.5000000 12138 483 0 0
28 48 13564 585 0.5000000 12138 483 0 0
28 49 13564 585 0.5000000 12138 483 0 0
28 50 13564 585 0.5000000 12138 483 0 0
28 51 13565 584 0.5000000 12138 483 0 0
28 52 13565 584 0.5000000 12138 483 0 0
28 53 13565 584 0.5000000 12138 483 0 0
28 54 13565 585 0.5000000 12138 483 0 0
28 55 13565 585 0.5000000 12138 483 0 0
28 56 13565 585 0.5000000 12138 483 0 0
28 57 13565 585 0.5000000 12138 483 0 0
28 58 13565 585 0.5000000 12138 483 0 0
28 59 13565 585 0.5000000 12138 483 0 0
28 60 13565 585 0.5000000 12138 483 0 0
28 61 13565 585 0.5000000 12138 483 0 0
28 62 13565 585 0.5000000 12138 483 0 0
28 63 13565 586 0.5000000 12138 483 0 0
28 64 13566 586 0.5000000 12138 483 0 0
28 65 13566 586 0.5000000 12138 483 0 0
28 66 13566 586 0.5000000 12138 483 0 0
28 67 13566 586 0.5000000 12138 483 0 0
28 68 13566 586 0.5000000 12138 483 0 0
28 69 13566 586 0.5000000 12138 483 0 0
28 70 13566 586 0.5000000 12138 483 0 0
28 71 13567 586 0.5000000 12138 483 0 0
28 72 13567 586 0.5000000 12138 483 0 0
28 73 13567 586 0.5000000 12138 483 0 0
28 74 13567 586 0.5000000 12138 483 0 0
28 75 13568 586 0.5000000 12138 483 0 0
28 76 13568 586 0.5000000 12138 483 0 0
28 77 13569 586 0.5000000 12138 483 -1 0
28 78 13569 586 0.5000000 12138 483 0 0
28 79 13569 586 0.5000000 12138 483 0 0
28 80 13570 586 0.5000000 12138 483 0 0
28 81 13570 586 0.5000000 12138 483 0 0
28 82 13570 586 0.5000000 12138 483 0 0
28 83 13570 586 0.5000000 12138 483 0 0
28 84 13571 586 0.5000000 12138 483 0 0
28 85 13571 586 0.5000000 12138 483 0 0
28 86 13571 586 0.5000000 12138 483 0 0
28 87 13571 587 0.5000000 12138 483 0 0
28 88 13571 587 0.5000000 12138 483 0 0
28 89 13571 587 0.5000000 12138 483 0 0
28 90 13572 587 0.5000000 12138 483 0 0
28 91 13572 587 0.5000000 12138 483 0 0
28 92 13572 587 0.5000000 12138 483 0 0
28 93 13572 587 0.5000000 12138 483 0 0
28 94 13572 587 0.5000000 12138 483 0 0
28 95 13572 587 0.5000000 12138 483 0 0
28 96 13572 587 0.5000000 12138 483 0 0
28 97 13572 587 0.5000000 12138 483 0 0
28 98 13572 587 0.5000000 12138 483 0 0
28 99 13572 587 0.5000000 12138 483 0 0
28 100 13572 587 0.5000000 12138 483 0 0
28 101 13572 587 0.5000000 12138 483 0 0
28 102 13572 587 0.5000000 12138 483 0 0
28 103 13572 587 0.5000000 12138 483 0 0
28 104 13572 587 0.5000000 12138 483 0 0
28 105 13572 587 0.5000000 12138 483 0 0
28 106 13572 587 0.5000000 12138 483 0 0
28 107 13573 587 0.5000000 12138 483 0 0
28 108 13573 588 0.5000000 12138 483 0 0
28 109 13573 588 0.5000000 12138 483 0 0
28 110 13573 587 0.5000000 12138 483 0 0
28 111 13573 587 0.5000000 12138 483 0 0
28 112 13573 587 0.5000000 12138 483 0 0
28 113 13574 587 0.5000000 12138 483 0 0
28 114 13574 587 0.5000000 12138 483 0 0
28 115 13574 587 0.5000000 12138 483 0 0
28 116 13575 587 0.5000000 12138 483 0 0
28 117 13575 587 0.5000000 12138 483 0 0
28 118 13575 587 0.5000000 12138 483 0 0
28 119 13575 587 0.5000000 12138 483 0 0
28 120 13575 587 0.5000000 12138 483 0 0
28 121 13575 587 0.5000000 12138 483 0 0
28 122 13575 587 0.5000000 12138 483 0 0
28 123 13575 587 0.5000000 12138 483 0 0
28 124 13575 586 0.5000000 12138 483 0 0
28 125 13575 586 0.5000000 12138 483 0 0
28 126 13575 586 0.5000000 12138 483 0 0
28 127 13575 586 0.5000000 12138 483 0 0
28 128 13575 586 0.5000000 12138 483 0 0
28 129 13575 586 0.5000000 12138 483 0 0
28 130 13575 586 0.5000000 12138 483 0 0
28 131 13575 586 0.5000000 12138 483 0 0
28 132 13575 586 0.5000000 12138 483 0 0
28 133 13575 585 0.5000000 12138 483 0 0
28 134 13575 585 0.5000000 12138 483 0 0
28 135 13575 585 0.5000000 12138 483 0 0
28 136 13575 585 0.5000000 12138 483 0 0
28 137 13575 585 0.5000000 12138 483 0 0
28 138 13576 584 0.5000000 12138 483 0 0
28 139 13576 584 0.5000000 12138 483 0 0
28 140 13576 584 0.5000000 12138 483 0 0
28 141 13576 584 0.5000000 12138 483 0 0
28 142 13576 584 0.5000000 12138 483 0 0
28 143 13576 584 0.5000000 12138 483 0 0
28 144 13576 584 0.5000000 12138 483 0 0
28 145 13576 584 0.5000000 12138 483 0 0
28 146 13576 584 0.5000000 12138 483 0 0
28 147 13576 584 0.5000000 12138 483 0 0
28 148 13576 584 0.5000000 12138 483 0 0
28 149 13576 584 0.5000000 12138 483 0 0
28 150 13577 584 0.5000000 12138 483 0 0
28 151 13577 584 0.5000000 12138 483 0 0
28 152 13577 584 0.5000000 12138 483 0 0
28 153 13577 584 0.5000000 12138 483 0 0
28 154 13577 584 0.5000000 12138 483 0 0
28 155 13578 584 0.5000000 12138 483 0 0
28 156 13578 584 0.5000000 12138 483 0 0
28 157 13579 584 0.5000000 12138 483 0 0
28 158 13579 584 0.5000000 12138 483 0 0
28 159 13580 584 0.5000000 12138 483 -1 0
28 160 13580 584 0.5000000 12138 483 -1 0
28 161 13581 583 0.5000000 12138 483 -1 0
28 162 13582 583 0.5000000 12138 483 -1 0
28 163 13582 583 0.5000000 12138 483 -1 0
28 164 13583 583 0.5000000 12138 483 0 0
28 165 13583 584 0.5000000 12138 483 -1 0
28 166 13584 584 0.5000000 12138 483 -1 0
28 167 13584 584 0.5000000 12138 483 -1 0
28 168 13585 584 0.5000000 12138 483 -1 0
28 169 13586 584 0.5000000 12138 483 -1 0
28 170 13587 585 0.5000000 12138 483 -1 0
28 171 13587 585 0.5000000 12138 483 -1 0
28 172 13588 586 0.5000000 12138 483 -1 0
28 173 13589 586 0.5000000 12138 483 -1 0
28 174 13589 586 0.5000000 12138 483 -1 0
28 175 13590 586 0.5000000 12138 483 -1 0
28 176 13590 587 0.5000000 12138 483 -1 0
28 177 13591 587 0.5000000 12138 483 -1 0
28 178 13591 587 0.5000000 12138 483 -1 0
28 179 13592 587 0.5000000 12138 483 -1 0
28 180 13593 587 0.5000000 12138 483 -1 0
28 181 13594 587 0.5000000 12138 483 -1 0
28 182 13594 587 0.5000000 12138 483 -1 0
28 183 13595 587 0.5000000 12138 483 -2 0
28 184 13596 587 0.5000000 12138 483 -2 0
28 185 13597 587 0.5000000 12138 483 -1 0
28 186 13598 587 0.5000000 12138 483 -1 0
28 187 13599 587 0.5000000 12138 483 -2 0
