34 0 5332 6 0.5000000 5257 -207 0 0
34 1 5332 6 0.5000000 5257 -207 0 0
34 2 5332 6 0.5000000 5257 -207 0 0
34 3 5333 6 0.5000000 5257 -207 0 0
34 4 5333 6 0.5000000 5257 -207 0 0
34 5 5333 6 0.5000000 5257 -207 0 0
34 6 5333 6 0.5000000 5257 -207 0 0
34 7 5333 7 0.5000000 5257 -207 0 0
34 8 5333 7 0.5000000 5257 -207 0 0
34 9 5333 7 0.5000000 5257 -207 0 0
34 10 5333 7 0.5000000 5257 -207 0 0
34 11 5333 8 0.5000000 5257 -207 0 0
34 12 5333 8 0.5000000 5257 -207 0 0
34 13 5333 8 0.5000000 5257 -207 0 0
34 14 5334 8 0.5000000 5257 -207 0 0
34 15 5334 8 0.5000000 5257 -207 0 0
34 16 5334 8 0.5000000 5257 -207 0 0
34 17 5334 8 0.5000000 5257 -207 0 0
34 18 5334 8 0.5000000 5257 -207 0 0
34 19 5334 8 0.5000000 5257 -207 0 0
34 20 5333 8 0.5000000 5257 -207 0 0
34 21 5333 8 0.5000000 5257 -207 0 0
34 22 5333 8 0.5000000 5257 -207 0 0
34 23 5333 8 0.5000000 5257 -207 0 0
34 24 5333 8 0.5000000 5257 -207 0 0
34 25 5334 7 0.5000000 5257 -207 0 0
34 26 5334 7 0.5000000 5257 -207 0 0
34 27 5334 7 0.5000000 5257 -207 0 0
34 28 5334 7 0.5000000 5257 -207 0 0
34 29 5334 7 0.5000000 5257 -207 0 0
34 30 5334 7 0.5000000 5257 -207 0 0
34 31 5334 7 0.5000000 5257 -207 0 0
34 32 5334 7 0.5000000 5257 -207 0 0
34 33 5334 7 0.5000000 5257 -207 0 0
34 34 5334 7 0.5000000 5257 -207 0 0
34 35 5334 7 0.5000000 5257 -207 0 0
34 36 5334 7 0.5000000 5257 -207 0 0
34 37 5334 7 0.5000000 5257 -207 0 0
34 38 5334 7 0.5000000 5257 -207 0 0
34 39 5334 8 0.5000000 5257 -207 0 0
34 40 5334 8 0.5000000 5257 -207 0 0
34 41 5334 8 0.5000000 5257 -207 0 0
34 42 5334 8 0.5000000 5257 -207 0 0
34 43 5334 8 0.5000000 5257 -207 0 0
34 44 5334 8 0.5000000 5257 -207 0 0
34 45 5335 8 0.5000000 5257 -207 0 0
34 46 5335 8 0.5000000 5257 -207 0 0
34 47 5335 8 0.5000000 5257 -207 0 0
34 48 5335 7 0.5000000 5257 -207 0 0
34 49 5335 7 0.5000000 5257 -207 0 0
34 50 5335 7 0.5000000 5257 -207 0 0
34 51 5335 7 0.5000000 5257 -207 0 0
34 52 5335 7 0.5000000 5257 -207 0 0
34 53 5335 7 0.5000000 5257 -207 0 0
34 54 5335 6 0.5000000 5257 -207 0 0
34 55 5335 6 0.5000000 5257 -207 0 0
34 56 5335 6 0.5000000 5257 -207 0 0
34 57 5334 6 0.5000000 5257 -207 0 0
34 58 5334 6 0.5000000 5257 -207 0 0
34 59 5334 6 0.5000000 5257 -207 0 0
34 60 5335 5 0.5000000 5257 -207 0 0
34 61 5335 5 0.5000000 5257 -207 0 0
34 62 5335 5 0.5000000 5257 -207 0 0
34 63 5335 5 0.5000000 5257 -207 0 0
34 64 5335 5 0.5000000 5257 -207 0 0
34 65 5335 5 0.5000000 5257 -207 0 0
34 66 5335 5 0.5000000 5257 -207 0 0
34 67 5334 5 0.5000000 5257 -207 0 0
34 68 5334 4 0.5000000 5257 -207 0 0
34 69 5334 4 0.5000000 5257 -207 0 0
34 70 5333 4 0.5000000 5257 -207 1 0
34 71 5332 4 0.5000000 5257 -207 1 0
34 72 5331 3 0.5000000 5257 -207 1 0
34 73 5330 3 0.5000000 5257 -207 2 0
34 74 5329 3 0.5000000 5257 -207 2 0
34 75 5327 3 0.5000000 5257 -207 3 0
34 76 5325 3 0.5000000 5257 -207 3 0
34 77 5323 2 0.5000000 5257 -207 3 0
34 78 5321 2 0.5000000 5257 -207 4 0
34 79 5319 2 0.5000000 5257 -207 4 0
34 80 5317 2 0.5000000 5257 -207 4 0
34 81 5314 2 0.5000000 5257 -207 4 0
34 82 5312 2 0.5000000 5257 -207 4 0
34 83 5309 2 0.5000000 5257 -207 4 0
34 84 5307 2 0.5000000 5257 -207 5 0
34 85 5305 2 0.5000000 5257 -207 4 0
34 86 5302 2 0.5000000 5257 -207 5 0
34 87 5299 2 0.5000000 5257 -207 5 0
34 88 5296 2 0.5000000 5257 -207 5 0
34 89 5293 2 0.5000000 5257 -207 6 0
34 90 5290 2 0.5000000 5257 -207 6 0
34 91 5287 2 0.5000000 5257 -207 6 0
34 92 5283 2 0.5000000 5257 -207 6 0
34 93 5280 2 0.5000000 5257 -207 6 0
34 94 5276 2 0.5000000 5257 -207 7 0
34 95 5272 2 0.5000000 5257 -207 7 0
34 96 5268 1 0.5000000 5257 -207 7 0
34 97 5264 1 0.5000000 5257 -207 8 0
34 98 5260 1 0.5000000 5257 -207 8 0
34 99 5256 2 0.5000000 5257 -207 8 0
34 100 5252 2 0.5000000 5257 -207 8 0
34 101 5248 1 0.5000000 5257 -207 8 0
34 102 5244 1 0.5000000 5257 -207 8 0
34 103 5239 1 0.5000000 5257 -207 8 0
34 104 5235 1 0.5000000 5257 -207 8 0
34 105 5231 1 0.5000000 5257 -207 8 0
34 106 5227 1 0.5000000 5257 -207 8 0
34 107 5222 1 0.5000000 5257 -207 8 0
34 108 5218 1 0.5000000 5257 -207 8 0
34 109 5214 1 0.5000000 5257 -207 8 0
34 110 5210 1 0.5000000 5257 -207 8 0
34 111 5206 1 0.5000000 5257 -207 8 0
34 112 5201 1 0.5000000 5257 -207 8 0
34 113 5197 1 0.5000000 5257 -207 8 0
34 114 5193 1 0.5000000 5257 -207 8 0
34 115 5189 1 0.5000000 5257 -207 8 0
34 116 5185 1 0.5000000 5257 -207 8 0
34 117 5180 1 0.5000000 5257 -207 8 0
34 118 5177 1 0.5000000 5257 -207 7 0
34 119 5173 1 0.5000000 5257 -207 7 0
34 120 5169 1 0.5000000 5257 -207 7 0
34 121 5165 1 0.5000000 5257 -207 7 0
34 122 5161 1 0.5000000 5257 -207 7 0
34 123 5158 1 0.5000000 5257 -207 7 0
34 124 5154 2 0.5000000 5257 -207 7 0
34 125 5150 2 0.5000000 5257 -207 7 0
34 126 5146 2 0.5000000 5257 -207 7 0
34 127 5143 2 0.5000000 5257 -207 7 0
34 128 5139 2 0.5000000 5257 -207 7 0
34 129 5136 2 0.5000000 5257 -207 7 0
34 130 5132 2 0.5000000 5257 -207 7 0
34 131 5128 2 0.5000000 5257 -207 7 0
34 132 5125 2 0.5000000 5257 -207 7 0
34 133 5121 2 0.5000000 5257 -207 7 0
34 134 5117 2 0.5000000 5257 -207 7 0
34 135 5113 2 0.5000000 5257 -207 7 0
34 136 5110 3 0.5000000 5257 -207 7 0
34 137 5106 3 0.5000000 5257 -207 7 0
34 138 5102 3 0.5000000 5257 -207 7 0
34 139 5098 3 0.5000000 5257 -207 7 0
34 140 5095 3 0.5000000 5257 -207 7 0
34 141 5091 3 0.5000000 5257 -207 7 0
34 142 5088 3 0.5000000 5257 -207 7 0
34 143 5084 3 0.5000000 5257 -207 7 0
34 144 5081 4 0.5000000 5257 -207 6 0
34 145 5077 4 0.5000000 5257 -207 7 0
34 146 5074 4 0.5000000 5257 -207 7 0
34 147 5070 4 0.5000000 5257 -207 7 0
34 148 5066 4 0.5000000 5257 -207 7 0
34 149 5063 4 0.5000000 5257 -207 7 0
34 150 5059 4 0.5000000 5257 -207 7 0
34 151 5055 4 0.5000000 5257 -207 7 0
34 152 5052 4 0.5000000 5257 -207 7 0
34 153 5048 4 0.5000000 5257 -207 7 0
34 154 5044 4 0.5000000 5257 -207 8 0
34 155 5040 4 0.5000000 5257 -207 8 0
34 156 5036 4 0.5000000 5257 -207 7 0
34 157 5032 4 0.5000000 5257 -207 7 0
34 158 5028 4 0.5000000 5257 -207 7 0
34 159 5024 4 0.5000000 5257 -207 7 0
34 160 5020 4 0.5000000 5257 -207 7 0
34 161 5017 4 0.5000000 5257 -207 6 0
34 162 5013 4 0.5000000 5257 -207 7 0
34 163 5009 3 0.5000000 5257 -207 6 0
34 164 5006 3 0.5000000 5257 -207 6 0
34 165 5002 3 0.5000000 5257 -207 7 0
34 166 4999 3 0.5000000 5257 -207 7 0
34 167 4995 3 0.5000000 5257 -207 7 0
34 168 4991 3 0.5000000 5257 -207 8 0
34 169 4987 3 0.5000000 5257 -207 8 0
34 170 4983 3 0.5000000 5257 -207 7 0
34 171 4979 3 0.5000000 5257 -207 8 0
34 172 4974 3 0.5000000 5257 -207 8 0
34 173 4969 3 0.5000000 5257 -207 9 0
34 174 4965 3 0.5000000 5257 -207 9 0
34 175 4960 3 0.5000000 5257 -207 9 0
34 176 4955 3 0.5000000 5257 -207 9 0
34 177 4951 3 0.5000000 5257 -207 9 0
34 178 4946 2 0.5000000 5257 -207 9 0
34 179 4942 2 0.5000000 5257 -207 8 0
34 180 4937 2 0.5000000 5257 -207 8 0
34 181 4933 2 0.5000000 5257 -207 8 0
34 182 4929 2 0.5000000 5257 -207 8 0
34 183 4925 2 0.5000000 5257 -207 8 0
34 184 4921 2 0.5000000 5257 -207 8 0
34 185 4917 2 0.5000000 5257 -207 8 0
34 186 4913 2 0.5000000 5257 -207 7 0
34 187 4909 3 0.5000000 5257 -207 7 0
34 188 4905 2 0.5000000 5257 -207 7 0
34 189 4902 3 0.5000000 5257 -207 7 0
34 190 4898 3 0.5000000 5257 -207 7 0
34 191 4895 3 0.5000000 5257 -207 7 0
34 192 4891 3 0.5000000 5257 -207 7 0
34 193 4887 3 0.5000000 5257 -207 7 0
34 194 4884 3 0.5000000 5257 -207 7 0
34 195 4880 3 0.5000000 5257 -207 7 0
34 196 4876 3 0.5000000 5257 -207 7 0
34 197 4873 3 0.5000000 5257 -207 7 0
34 198 4869 3 0.5000000 5257 -207 7 0
34 199 4866 3 0.5000000 5257 -207 7 0
34 200 4862 3 0.5000000 5257 -207 6 0
34 201 4859 3 0.5000000 5257 -207 6 0
34 202 4856 3 0.5000000 5257 -207 6 0
34 203 4853 3 0.5000000 5257 -207 6 0
34 204 4849 3 0.5000000 5257 -207 6 0
34 205 4846 3 0.5000000 5257 -207 6 0
34 206 4843 3 0.5000000 5257 -207 6 0
34 207 4840 3 0.5000000 5257 -207 6 0
34 208 4837 3 0.5000000 5257 -207 6 0
34 209 4834 3 0.5000000 5257 -207 6 0
34 210 4831 3 0.5000000 5257 -207 6 0
34 211 4828 3 0.5000000 5257 -207 6 0
34 212 4825 3 0.5000000 5257 -207 6 0
34 213 4822 3 0.5000000 5257 -207 5 0
34 214 4819 3 0.5000000 5257 -207 5 0
34 215 4816 3 0.5000000 5257 -207 5 0
34 216 4813 3 0.5000000 5257 -207 5 0
34 217 4810 3 0.5000000 5257 -207 5 0
34 218 4808 3 0.5000000 5257 -207 5 0
34 219 4805 3 0.5000000 5257 -207 5 0
34 220 4803 3 0.5000000 5257 -207 5 0
34 221 4800 3 0.5000000 5257 -207 5 0
34 222 4797 3 0.5000000 5257 -207 5 0
34 223 4794 2 0.5000000 5257 -207 5 0
34 224 4792 2 0.5000000 5257 -207 5 0
34 225 4789 2 0.5000000 5257 -207 5 0
34 226 4786 2 0.5000000 5257 -207 5 0
34 227 4783 1 0.5000000 5257 -207 6 0
34 228 4780 1 0.5000000 5257 -207 6 0
34 229 4776 0 0.5000000 5257 -207 6 0
34 230 4773 0 0.5000000 5257 -207 6 0
34 231 4770 0 0.5000000 5257 -207 6 0
34 232 4767 0 0.5000000 5257 -207 6 0
34 233 4764 0 0.5000000 5257 -207 6 0
34 234 4761 0 0.5000000 5257 -207 6 0
34 235 4757 0 0.5000000 5257 -207 6 0
34 236 4754 0 0.5000000 5257 -207 6 0
34 237 4751 0 0.5000000 5257 -207 6 0
34 238 4748 -1 0.5000000 5257 -207 6 0
34 239 4745 -1 0.5000000 5257 -207 6 0
34 240 4742 -1 0.5000000 5257 -207 6 0
34 241 4738 -1 0.5000000 5257 -207 6 0
34 242 4735 -1 0.5000000 5257 -207 6 0
34 243 4732 -1 0.5000000 5257 -207 6 0
34 244 4729 -1 0.5000000 5257 -207 6 0
34 245 4726 -1 0.5000000 5257 -207 6 0
34 246 4723 -1 0.5000000 5257 -207 5 0
34 247 4720 -1 0.5000000 5257 -207 5 0
34 248 4717 -1 0.5000000 5257 -207 5 0
34 249 4715 -1 0.5000000 5257 -207 5 0
34 250 4712 -1 0.5000000 5257 -207 5 0
34 251 4709 -1 0.5000000 5257 -207 5 0
34 252 4706 -2 0.5000000 5257 -207 5 0
34 253 4704 -2 0.5000000 5257 -207 5 0
34 254 4701 -2 0.5000000 5257 -207 5 0
34 255 4698 -2 0.5000000 5257 -207 5 0
34 256 4696 -2 0.5000000 5257 -207 5 0
34 257 4693 -2 0.5000000 5257 -207 4 0
34 258 4691 -3 0.5000000 5257 -207 5 0
34 259 4688 -3 0.5000000 5257 -207 5 0
34 260 4686 -3 0.5000000 5257 -207 4 0
34 261 4683 -3 0.5000000 5257 -207 4 0
34 262 4681 -3 0.5000000 5257 -207 4 0
34 263 4679 -3 0.5000000 5257 -207 4 0
34 264 4677 -3 0.5000000 5257 -207 3 0
34 265 4675 -3 0.5000000 5257 -207 3 0
34 266 4673 -3 0.5000000 5257 -207 3 0
34 267 4671 -3 0.5000000 5257 -207 3 0
34 268 4670 -3 0.5000000 5257 -207 3 0
34 269 4668 -3 0.5000000 5257 -207 3 0
34 270 4666 -3 0.5000000 5257 -207 2 0
34 271 4665 -2 0.5000000 5257 -207 2 0
34 272 4664 -2 0.5000000 5257 -207 2 0
34 273 4663 -2 0.5000000 5257 -207 2 0
34 274 4662 -2 0.5000000 5257 -207 1 0
34 275 4661 -2 0.5000000 5257 -207 1 0
34 276 4660 -2 0.5000000 5257 -207 1 0
34 277 4660 -2 0.5000000 5257 -207 1 0
34 278 4659 -2 0.5000000 5257 -207 1 0
34 279 4659 -2 0.5000000 5257 -207 1 0
34 280 4658 -2 0.5000000 5257 -207 0 0
34 281 4658 -2 0.5000000 5257 -207 0 0
34 282 4658 -2 0.5000000 5257 -207 0 0
34 283 4657 -2 0.5000000 5257 -207 0 0
34 284 4657 -2 0.5000000 5257 -207 0 0
34 285 4657 -2 0.5000000 5257 -207 0 0
34 286 4656 -2 0.5000000 5257 -207 0 0
34 287 4656 -2 0.5000000 5257 -207 0 0
34 288 4656 -2 0.5000000 5257 -207 0 0
34 289 4656 -2 0.5000000 5257 -207 0 0
34 290 4656 -2 0.5000000 5257 -207 0 0
34 291 4656 -2 0.5000000 5257 -207 0 0
34 292 4655 -2 0.5000000 5257 -207 0 0
34 293 4655 -2 0.5000000 5257 -207 1 0
34 294 4654 -2 0.5000000 5257 -207 0 0
34 295 4654 -2 0.5000000 5257 -207 0 0
34 296 4653 -2 0.5000000 5257 -207 0 0
34 297 4653 -2 0.5000000 5257 -207 0 0
34 298 4653 -2 0.5000000 5257 -207 0 0
34 299 4652 -2 0.5000000 5257 -207 0 0
34 300 4652 -2 0.5000000 5257 -207 0 0
34 301 4652 -2 0.5000000 5257 -207 0 0
34 302 4652 -2 0.5000000 5257 -207 0 0
34 303 4651 -2 0.5000000 5257 -207 0 0
34 304 4651 -2 0.5000000 5257 -207 0 0
34 305 4651 -2 0.5000000 5257 -207 0 0
34 306 4651 -2 0.5000000 5257 -207 0 0
34 307 4651 -2 0.5000000 5257 -207 0 0
34 308 4651 -2 0.5000000 5257 -207 0 0
34 309 4651 -1 0.5000000 5257 -207 0 0
34 310 4651 -1 0.5000000 5257 -207 0 0
34 311 4651 -1 0.5000000 5257 -207 0 0
34 312 4651 -1 0.5000000 5257 -207 0 0
34 313 4650 -1 0.5000000 5257 -207 0 0
34 314 4650 -1 0.5000000 5257 -207 0 0
34 315 4650 -1 0.5000000 5257 -207 0 0
