11 0 6442 -219 0.5000000 5277 -723 0 0
11 1 6442 -218 0.5000000 5277 -723 0 0
11 2 6442 -218 0.5000000 5277 -723 0 0
11 3 6442 -218 0.5000000 5277 -723 0 0
11 4 6442 -217 0.5000000 5277 -723 0 0
11 5 6442 -217 0.5000000 5277 -723 0 0
11 6 6441 -217 0.5000000 5277 -723 0 0
11 7 6441 -217 0.5000000 5277 -723 0 0
11 8 6441 -217 0.5000000 5277 -723 0 0
11 9 6441 -216 0.5000000 5277 -723 0 0
11 10 6441 -216 0.5000000 5277 -723 0 0
11 11 6441 -216 0.5000000 5277 -723 0 0
11 12 6441 -216 0.5000000 5277 -723 0 0
11 13 6441 -216 0.5000000 5277 -723 0 0
11 14 6441 -216 0.5000000 5277 -723 0 0
11 15 6441 -216 0.5000000 5277 -723 0 0
11 16 6441 -216 0.5000000 5277 -723 0 0
11 17 6441 -216 0.5000000 5277 -723 0 0
11 18 6441 -216 0.5000000 5277 -723 0 0
11 19 6441 -216 0.5000000 5277 -723 0 0
11 20 6441 -216 0.5000000 5277 -723 0 0
11 21 6441 -216 0.5000000 5277 -723 0 0
11 22 6442 -216 0.5000000 5277 -723 0 0
11 23 6442 -216 0.5000000 5277 -723 0 0
11 24 6442 -216 0.5000000 5277 -723 0 0
11 25 6442 -216 0.5000000 5277 -723 0 0
11 26 6442 -216 0.5000000 5277 -723 0 0
11 27 6442 -216 0.5000000 5277 -723 0 0
11 28 6442 -216 0.5000000 5277 -723 0 0
11 29 6442 -216 0.5000000 5277 -723 0 0
11 30 6442 -216 0.5000000 5277 -723 0 0
11 31 6442 -217 0.5000000 5277 -723 0 0
11 32 6442 -217 0.5000000 5277 -723 0 0
11 33 6442 -217 0.5000000 5277 -723 0 0
11 34 6443 -217 0.5000000 5277 -723 0 0
11 35 6443 -217 0.5000000 5277 -723 0 0
11 36 6443 -217 0.5000000 5277 -723 0 0
11 37 6443 -217 0.5000000 5277 -723 0 0
11 38 6443 -218 0.5000000 5277 -723 0 0
11 39 6443 -218 0.5000000 5277 -723 0 0
11 40 6443 -218 0.5000000 5277 -723 0 0
11 41 6443 -218 0.5000000 5277 -723 0 0
11 42 6443 -218 0.5000000 5277 -723 0 0
11 43 6443 -218 0.5000000 5277 -723 0 0
11 44 6443 -218 0.5000000 5277 -723 0 0
11 45 6443 -218 0.5000000 5277 -723 0 0
11 46 6443 -219 0.5000000 5277 -723 0 0
11 47 6443 -219 0.5000000 5277 -723 0 0
11 48 6443 -219 0.5000000 5277 -723 0 0
11 49 6443 -219 0.5000000 5277 -723 0 0
11 50 6443 -219 0.5000000 5277 -723 0 0
11 51 6443 -219 0.5000000 5277 -723 0 0
11 52 6443 -219 0.5000000 5277 -723 0 0
11 53 6443 -219 0.5000000 5277 -723 0 0
11 54 6443 -219 0.5000000 5277 -723 0 0
11 55 6443 -219 0.5000000 5277 -723 0 0
11 56 6443 -219 0.5000000 5277 -723 0 0
11 57 6443 -219 0.5000000 5277 -723 0 0
11 58 6443 -219 0.5000000 5277 -723 0 0
11 59 6443 -219 0.5000000 5277 -723 0 0
11 60 6443 -219 0.5000000 5277 -723 0 0
11 61 6443 -219 0.5000000 5277 -723 0 0
11 62 6443 -219 0.5000000 5277 -723 0 0
11 63 6443 -219 0.5000000 5277 -723 0 0
11 64 6443 -219 0.5000000 5277 -723 0 0
11 65 6443 -219 0.5000000 5277 -723 0 0
11 66 6443 -219 0.5000000 5277 -723 0 0
11 67 6443 -219 0.5000000 5277 -723 0 0
11 68 6443 -219 0.5000000 5277 -723 0 0
11 69 6443 -218 0.5000000 5277 -723 0 0
11 70 6443 -218 0.5000000 5277 -723 0 0
11 71 6443 -218 0.5000000 5277 -723 0 0
11 72 6443 -218 0.5000000 5277 -723 0 0
11 73 6443 -218 0.5000000 5277 -723 0 0
11 74 6443 -218 0.5000000 5277 -723 0 0
11 75 6443 -218 0.5000000 5277 -723 0 0
11 76 6443 -217 0.5000000 5277 -723 0 0
11 77 6443 -216 0.5000000 5277 -723 0 -1
11 78 6443 -216 0.5000000 5277 -723 0 -1
11 79 6443 -214 0.5000000 5277 -723 0 -2
11 80 6443 -213 0.5000000 5277 -723 0 -2
11 81 6443 -211 0.5000000 5277 -723 0 -3
