4 0 6410 799 0.5000000 6672 727 0 0
4 1 6410 799 0.5000000 6672 727 0 0
4 2 6410 799 0.5000000 6672 727 0 0
4 3 6409 799 0.5000000 6672 727 0 0
4 4 6409 799 0.5000000 6672 727 0 0
4 5 6409 799 0.5000000 6672 727 0 0
4 6 6409 799 0.5000000 6672 727 0 0
4 7 6410 799 0.5000000 6672 727 0 0
4 8 6410 799 0.5000000 6672 727 0 0
4 9 6410 799 0.5000000 6672 727 0 0
4 10 6410 800 0.5000000 6672 727 0 0
4 11 6411 800 0.5000000 6672 727 0 0
4 12 6411 800 0.5000000 6672 727 0 0
4 13 6412 800 0.5000000 6672 727 -1 0
4 14 6412 800 0.5000000 6672 727 -1 0
4 15 6413 801 0.5000000 6672 727 -1 0
4 16 6414 801 0.5000000 6672 727 -1 0
4 17 6414 801 0.5000000 6672 727 -1 0
4 18 6415 802 0.5000000 6672 727 -1 0
4 19 6416 802 0.5000000 6672 727 -1 -1
4 20 6417 803 0.5000000 6672 727 -1 -1
4 21 6418 804 0.5000000 6672 727 -2 -1
4 22 6419 805 0.5000000 6672 727 -2 -1
4 23 6421 806 0.5000000 6672 727 -2 -1
4 24 6422 807 0.5000000 6672 727 -2 -1
4 25 6423 808 0.5000000 6672 727 -2 -1
4 26 6424 808 0.5000000 6672 727 -2 -1
4 27 6425 809 0.5000000 6672 727 -2 -1
4 28 6427 810 0.5000000 6672 727 -2 -1
4 29 6428 811 0.5000000 6672 727 -2 -1
4 30 6429 812 0.5000000 6672 727 -2 -1
4 31 6430 812 0.5000000 6672 727 -2 -1
4 32 6432 813 0.5000000 6672 727 -2 -1
4 33 6433 814 0.5000000 6672 727 -2 -1
4 34 6434 815 0.5000000 6672 727 -2 -1
4 35 6436 816 0.5000000 6672 727 -2 -1
4 36 6437 816 0.5000000 6672 727 -2 -1
4 37 6439 817 0.5000000 6672 727 -2 -1
4 38 6440 818 0.5000000 6672 727 -2 -1
4 39 6441 818 0.5000000 6672 727 -2 -1
4 40 6443 819 0.5000000 6672 727 -2 -1
4 41 6444 820 0.5000000 6672 727 -2 0
4 42 6445 820 0.5000000 6672 727 -2 -1
4 43 6446 820 0.5000000 6672 727 -2 0
4 44 6447 821 0.5000000 6672 727 -2 0
4 45 6449 821 0.5000000 6672 727 -2 0
4 46 6450 821 0.5000000 6672 727 -2 0
4 47 6451 822 0.5000000 6672 727 -2 0
4 48 6452 822 0.5000000 6672 727 -2 0
4 49 6453 822 0.5000000 6672 727 -2 0
4 50 6455 822 0.5000000 6672 727 -2 0
4 51 6456 822 0.5000000 6672 727 -2 0
4 52 6457 822 0.5000000 6672 727 -2 0
4 53 6459 822 0.5000000 6672 727 -2 0
4 54 6460 822 0.5000000 6672 727 -2 0
4 55 6461 822 0.5000000 6672 727 -2 0
4 56 6462 822 0.5000000 6672 727 -2 0
4 57 6463 822 0.5000000 6672 727 -1 0
4 58 6464 822 0.5000000 6672 727 -1 0
4 59 6465 822 0.5000000 6672 727 -1 0
4 60 6465 822 0.5000000 6672 727 -1 0
4 61 6466 822 0.5000000 6672 727 0 0
4 62 6466 822 0.5000000 6672 727 0 0
4 63 6466 822 0.5000000 6672 727 0 0
4 64 6466 822 0.5000000 6672 727 0 0
4 65 6467 822 0.5000000 6672 727 0 0
4 66 6467 822 0.5000000 6672 727 0 0
4 67 6467 822 0.5000000 6672 727 0 0
4 68 6467 822 0.5000000 6672 727 0 0
4 69 6467 822 0.5000000 6672 727 0 0
4 70 6467 822 0.5000000 6672 727 0 0
4 71 6467 822 0.5000000 6672 727 0 0
4 72 6468 822 0.5000000 6672 727 0 0
4 73 6468 822 0.5000000 6672 727 0 0
4 74 6468 822 0.5000000 6672 727 0 0
4 75 6468 822 0.5000000 6672 727 0 0
4 76 6468 822 0.5000000 6672 727 0 0
4 77 6468 822 0.5000000 6672 727 0 0
4 78 6468 822 0.5000000 6672 727 0 0
4 79 6468 822 0.5000000 6672 727 0 0
4 80 6468 822 0.5000000 6672 727 0 0
4 81 6468 822 0.5000000 6672 727 0 0
4 82 6468 822 0.5000000 6672 727 0 0
4 83 6468 822 0.5000000 6672 727 0 0
4 84 6469 822 0.5000000 6672 727 0 0
4 85 6469 822 0.5000000 6672 727 0 0
4 86 6469 822 0.5000000 6672 727 0 0
4 87 6469 822 0.5000000 6672 727 0 0
4 88 6469 822 0.5000000 6672 727 0 0
4 89 6469 823 0.5000000 6672 727 0 0
4 90 6469 823 0.5000000 6672 727 0 0
4 91 6469 822 0.5000000 6672 727 0 0
4 92 6469 823 0.5000000 6672 727 0 0
4 93 6469 822 0.5000000 6672 727 0 0
4 94 6469 822 0.5000000 6672 727 0 0
4 95 6469 822 0.5000000 6672 727 0 0
4 96 6469 822 0.5000000 6672 727 0 0
4 97 6469 822 0.5000000 6672 727 0 0
4 98 6468 822 0.5000000 6672 727 0 0
4 99 6468 822 0.5000000 6672 727 0 0
4 100 6468 822 0.5000000 6672 727 0 0
4 101 6468 822 0.5000000 6672 727 0 0
4 102 6468 822 0.5000000 6672 727 0 0
