16 0 10766 687 0.5000000 9621 300 0 1
16 1 10766 686 0.5000000 9621 300 0 1
16 2 10766 685 0.5000000 9621 300 0 1
16 3 10765 684 0.5000000 9621 300 0 2
16 4 10765 682 0.5000000 9621 300 0 3
16 5 10765 681 0.5000000 9621 300 0 2
16 6 10765 679 0.5000000 9621 300 0 2
16 7 10765 678 0.5000000 9621 300 0 2
16 8 10765 677 0.5000000 9621 300 0 1
16 9 10764 677 0.5000000 9621 300 0 1
16 10 10764 676 0.5000000 9621 300 0 1
16 11 10764 675 0.5000000 9621 300 0 1
16 12 10764 675 0.5000000 9621 300 0 1
16 13 10764 674 0.5000000 9621 300 0 1
16 14 10764 674 0.5000000 9621 300 0 0
16 15 10764 674 0.5000000 9621 300 0 0
16 16 10764 673 0.5000000 9621 300 0 0
16 17 10764 673 0.5000000 9621 300 0 0
16 18 10764 673 0.5000000 9621 300 0 0
16 19 10763 673 0.5000000 9621 300 0 0
16 20 10763 673 0.5000000 9621 300 0 0
16 21 10763 673 0.5000000 9621 300 0 0
16 22 10763 672 0.5000000 9621 300 0 0
16 23 10763 672 0.5000000 9621 300 0 0
16 24 10763 672 0.5000000 9621 300 0 0
16 25 10763 672 0.5000000 9621 300 0 0
16 26 10763 672 0.5000000 9621 300 0 0
16 27 10763 672 0.5000000 9621 300 0 0
16 28 10763 672 0.5000000 9621 300 0 0
16 29 10763 672 0.5000000 9621 300 0 0
16 30 10763 672 0.5000000 9621 300 0 0
16 31 10763 672 0.5000000 9621 300 0 0
16 32 10763 672 0.5000000 9621 300 0 0
16 33 10763 672 0.5000000 9621 300 0 0
16 34 10763 672 0.5000000 9621 300 0 0
16 35 10763 672 0.5000000 9621 300 0 0
16 36 10763 672 0.5000000 9621 300 0 0
16 37 10763 672 0.5000000 9621 300 0 0
16 38 10763 671 0.5000000 9621 300 0 0
16 39 10763 671 0.5000000 9621 300 0 0
16 40 10763 671 0.5000000 9621 300 0 0
16 41 10763 671 0.5000000 9621 300 0 0
16 42 10763 672 0.5000000 9621 300 0 0
16 43 10762 672 0.5000000 9621 300 0 0
16 44 10762 672 0.5000000 9621 300 0 0
16 45 10762 672 0.5000000 9621 300 0 0
16 46 10762 672 0.5000000 9621 300 0 0
16 47 10762 672 0.5000000 9621 300 0 0
16 48 10762 672 0.5000000 9621 300 0 0
16 49 10762 672 0.5000000 9621 300 0 0
16 50 10762 672 0.5000000 9621 300 0 0
16 51 10762 672 0.5000000 9621 300 0 0
16 52 10762 672 0.5000000 9621 300 0 0
16 53 10762 672 0.5000000 9621 300 0 0
16 54 10762 672 0.5000000 9621 300 0 0
16 55 10762 672 0.5000000 9621 300 0 0
16 56 10762 672 0.5000000 9621 300 0 0
16 57 10762 672 0.5000000 9621 300 0 0
16 58 10762 672 0.5000000 9621 300 0 0
16 59 10762 672 0.5000000 9621 300 0 0
16 60 10762 672 0.5000000 9621 300 0 0
16 61 10762 672 0.5000000 9621 300 0 0
16 62 10762 672 0.5000000 9621 300 0 0
16 63 10762 672 0.5000000 9621 300 0 0
16 64 10762 672 0.5000000 9621 300 0 0
16 65 10762 672 0.5000000 9621 300 0 0
16 66 10762 672 0.5000000 9621 300 0 0
16 67 10762 672 0.5000000 9621 300 0 0
16 68 10762 673 0.5000000 9621 300 0 0
16 69 10762 673 0.5000000 9621 300 0 0
16 70 10762 673 0.5000000 9621 300 0 0
16 71 10762 674 0.5000000 9621 300 0 0
16 72 10761 674 0.5000000 9621 300 0 0
16 73 10761 674 0.5000000 9621 300 0 0
16 74 10761 674 0.5000000 9621 300 0 0
16 75 10761 674 0.5000000 9621 300 0 0
16 76 10761 674 0.5000000 9621 300 0 0
16 77 10761 674 0.5000000 9621 300 0 0
16 78 10761 674 0.5000000 9621 300 0 0
16 79 10762 673 0.5000000 9621 300 0 1
16 81 10762 673 0.5000000 9621 300 0 1
