0 0 2162 711 0.5000000 2159 716 0 0
0 1 2162 711 0.5000000 2159 716 0 0
0 2 2162 712 0.5000000 2159 716 0 0
0 3 2162 712 0.5000000 2159 716 0 0
0 4 2162 712 0.5000000 2159 716 0 0
0 5 2162 712 0.5000000 2159 716 0 0
0 10 2162 712 0.5000000 2159 716 0 0
0 11 2162 711 0.5000000 2159 716 0 0
0 12 2162 711 0.5000000 2159 716 0 0
0 13 2163 711 0.5000000 2159 716 0 0
0 14 2163 711 0.5000000 2159 716 0 0
0 15 2163 711 0.5000000 2159 716 0 0
0 16 2163 711 0.5000000 2159 716 0 0
0 17 2163 711 0.5000000 2159 716 0 0
0 18 2163 711 0.5000000 2159 716 0 0
0 19 2163 710 0.5000000 2159 716 0 0
0 20 2163 710 0.5000000 2159 716 0 0
0 21 2163 710 0.5000000 2159 716 0 0
0 22 2163 710 0.5000000 2159 716 0 0
0 23 2164 710 0.5000000 2159 716 0 0
0 24 2164 710 0.5000000 2159 716 0 0
0 25 2164 710 0.5000000 2159 716 0 0
0 26 2164 710 0.5000000 2159 716 0 0
0 27 2164 710 0.5000000 2159 716 0 0
0 28 2164 710 0.5000000 2159 716 0 0
0 29 2164 710 0.5000000 2159 716 0 0
0 30 2164 710 0.5000000 2159 716 0 0
0 31 2165 710 0.5000000 2159 716 0 0
0 32 2165 709 0.5000000 2159 716 0 0
0 33 2165 709 0.5000000 2159 716 0 0
0 34 2165 709 0.5000000 2159 716 0 0
0 35 2165 709 0.5000000 2159 716 0 0
0 36 2165 709 0.5000000 2159 716 0 0
0 37 2165 709 0.5000000 2159 716 0 0
0 38 2166 709 0.5000000 2159 716 0 0
0 39 2166 709 0.5000000 2159 716 0 0
0 40 2166 709 0.5000000 2159 716 0 0
0 41 2166 709 0.5000000 2159 716 0 0
0 42 2166 709 0.5000000 2159 716 0 0
0 43 2166 709 0.5000000 2159 716 0 0
0 44 2166 708 0.5000000 2159 716 0 0
0 45 2166 708 0.5000000 2159 716 0 0
0 46 2166 708 0.5000000 2159 716 0 0
0 47 2166 708 0.5000000 2159 716 0 0
0 48 2166 708 0.5000000 2159 716 0 0
0 49 2166 708 0.5000000 2159 716 0 0
0 50 2166 708 0.5000000 2159 716 0 0
0 51 2166 708 0.5000000 2159 716 0 0
0 52 2166 707 0.5000000 2159 716 0 0
0 53 2166 707 0.5000000 2159 716 0 0
0 54 2166 707 0.5000000 2159 716 0 0
0 55 2166 707 0.5000000 2159 716 0 0
0 56 2166 707 0.5000000 2159 716 0 0
0 57 2166 707 0.5000000 2159 716 0 0
0 58 2166 707 0.5000000 2159 716 0 0
0 59 2166 706 0.5000000 2159 716 0 0
0 60 2166 707 0.5000000 2159 716 0 0
0 61 2166 707 0.5000000 2159 716 0 0
0 62 2166 707 0.5000000 2159 716 0 0
0 63 2166 707 0.5000000 2159 716 0 0
0 64 2166 707 0.5000000 2159 716 0 0
0 65 2166 707 0.5000000 2159 716 0 0
0 66 2166 707 0.5000000 2159 716 0 0
0 67 2166 707 0.5000000 2159 716 0 0
0 68 2166 707 0.5000000 2159 716 0 0
0 69 2166 707 0.5000000 2159 716 0 0
0 70 2166 707 0.5000000 2159 716 0 0
0 71 2166 707 0.5000000 2159 716 0 0
0 72 2166 707 0.5000000 2159 716 0 0
0 73 2166 707 0.5000000 2159 716 0 0
0 74 2166 708 0.5000000 2159 716 0 0
0 75 2166 708 0.5000000 2159 716 0 0
0 76 2166 708 0.5000000 2159 716 0 0
0 77 2166 708 0.5000000 2159 716 0 0
0 78 2166 708 0.5000000 2159 716 0 0
0 79 2166 708 0.5000000 2159 716 0 0
0 80 2166 708 0.5000000 2159 716 0 0
0 81 2166 708 0.5000000 2159 716 0 0
0 82 2166 708 0.5000000 2159 716 0 0
0 83 2166 708 0.5000000 2159 716 0 0
0 84 2166 708 0.5000000 2159 716 0 0
0 85 2166 708 0.5000000 2159 716 0 0
0 86 2166 708 0.5000000 2159 716 0 0
0 87 2166 708 0.5000000 2159 716 0 0
0 88 2166 708 0.5000000 2159 716 0 0
0 89 2166 708 0.5000000 2159 716 0 0
0 90 2166 708 0.5000000 2159 716 0 0
0 91 2165 708 0.5000000 2159 716 0 0
0 92 2165 708 0.5000000 2159 716 0 0
0 93 2165 708 0.5000000 2159 716 0 0
0 94 2165 708 0.5000000 2159 716 0 0
0 95 2165 708 0.5000000 2159 716 0 0
0 96 2165 708 0.5000000 2159 716 0 0
0 97 2165 708 0.5000000 2159 716 0 0
0 98 2165 708 0.5000000 2159 716 0 0
0 99 2165 708 0.5000000 2159 716 0 0
0 100 2165 708 0.5000000 2159 716 0 0
0 101 2164 708 0.5000000 2159 716 0 0
0 102 2164 708 0.5000000 2159 716 0 0
0 103 2164 708 0.5000000 2159 716 0 0
0 104 2164 708 0.5000000 2159 716 0 0
0 105 2164 708 0.5000000 2159 716 0 0
0 106 2164 707 0.5000000 2159 716 0 0
0 107 2164 707 0.5000000 2159 716 0 0
0 108 2164 707 0.5000000 2159 716 0 0
0 109 2164 707 0.5000000 2159 716 0 0
0 110 2164 707 0.5000000 2159 716 0 0
0 111 2164 707 0.5000000 2159 716 0 0
0 112 2164 707 0.5000000 2159 716 0 0
0 113 2164 707 0.5000000 2159 716 0 0
0 114 2164 707 0.5000000 2159 716 0 0
0 115 2164 707 0.5000000 2159 716 0 0
0 116 2164 707 0.5000000 2159 716 0 0
0 117 2163 707 0.5000000 2159 716 0 0
0 118 2163 708 0.5000000 2159 716 0 0
0 119 2163 708 0.5000000 2159 716 0 0
0 120 2164 708 0.5000000 2159 716 0 0
0 121 2164 708 0.5000000 2159 716 0 0
0 122 2164 708 0.5000000 2159 716 0 0
0 123 2164 708 0.5000000 2159 716 0 0
0 124 2163 708 0.5000000 2159 716 0 0
0 125 2163 708 0.5000000 2159 716 0 0
0 126 2163 708 0.5000000 2159 716 0 0
0 127 2163 708 0.5000000 2159 716 0 0
0 128 2163 708 0.5000000 2159 716 0 0
0 129 2163 708 0.5000000 2159 716 0 0
0 130 2163 708 0.5000000 2159 716 0 0
0 131 2163 708 0.5000000 2159 716 0 0
0 132 2163 708 0.5000000 2159 716 0 0
0 133 2163 709 0.5000000 2159 716 0 0
0 134 2163 709 0.5000000 2159 716 0 0
0 135 2163 709 0.5000000 2159 716 0 0
0 136 2163 709 0.5000000 2159 716 0 0
0 137 2163 709 0.5000000 2159 716 0 0
0 138 2163 709 0.5000000 2159 716 0 0
0 139 2163 710 0.5000000 2159 716 0 0
0 140 2163 710 0.5000000 2159 716 0 0
0 141 2163 710 0.5000000 2159 716 0 0
0 142 2163 710 0.5000000 2159 716 0 0
0 143 2163 710 0.5000000 2159 716 0 0
0 144 2163 710 0.5000000 2159 716 0 0
0 145 2163 711 0.5000000 2159 716 0 0
0 146 2163 711 0.5000000 2159 716 0 0
0 147 2163 711 0.5000000 2159 716 0 0
0 148 2163 711 0.5000000 2159 716 0 0
0 149 2163 711 0.5000000 2159 716 0 0
0 150 2163 712 0.5000000 2159 716 0 0
0 151 2163 712 0.5000000 2159 716 0 0
0 152 2163 712 0.5000000 2159 716 0 0
0 153 2163 712 0.5000000 2159 716 0 0
0 154 2163 712 0.5000000 2159 716 0 0
0 155 2163 712 0.5000000 2159 716 0 0
0 156 2163 713 0.5000000 2159 716 0 0
0 157 2163 713 0.5000000 2159 716 0 0
0 158 2163 713 0.5000000 2159 716 0 0
0 159 2163 714 0.5000000 2159 716 0 0
0 160 2163 714 0.5000000 2159 716 0 0
0 161 2163 714 0.5000000 2159 716 0 0
0 162 2163 714 0.5000000 2159 716 0 0
0 163 2163 714 0.5000000 2159 716 0 0
0 164 2163 715 0.5000000 2159 716 0 0
0 165 2162 715 0.5000000 2159 716 0 0
0 166 2162 715 0.5000000 2159 716 0 0
0 167 2162 715 0.5000000 2159 716 0 0
0 168 2162 715 0.5000000 2159 716 0 0
0 169 2162 716 0.5000000 2159 716 0 0
0 170 2162 716 0.5000000 2159 716 0 0
0 171 2162 715 0.5000000 2159 716 0 0
0 172 2162 715 0.5000000 2159 716 0 0
0 173 2162 715 0.5000000 2159 716 0 0
