2 0 6668 484 0.5000000 6677 512 0 0
2 1 6668 484 0.5000000 6677 512 0 0
2 2 6668 484 0.5000000 6677 512 0 0
2 3 6668 484 0.5000000 6677 512 0 0
2 4 6668 485 0.5000000 6677 512 0 0
2 5 6668 485 0.5000000 6677 512 0 0
2 6 6668 485 0.5000000 6677 512 0 0
2 7 6668 485 0.5000000 6677 512 0 0
2 8 6668 485 0.5000000 6677 512 0 0
2 9 6668 485 0.5000000 6677 512 0 0
2 10 6668 484 0.5000000 6677 512 0 0
2 11 6668 484 0.5000000 6677 512 0 0
2 12 6668 484 0.5000000 6677 512 0 0
2 13 6668 484 0.5000000 6677 512 0 0
2 14 6668 484 0.5000000 6677 512 0 0
2 15 6668 484 0.5000000 6677 512 0 0
2 16 6668 484 0.5000000 6677 512 0 0
2 17 6668 484 0.5000000 6677 512 0 0
2 18 6668 484 0.5000000 6677 512 0 0
2 19 6668 483 0.5000000 6677 512 0 0
2 20 6668 483 0.5000000 6677 512 0 0
2 21 6668 483 0.5000000 6677 512 0 0
2 22 6668 483 0.5000000 6677 512 0 0
2 23 6669 483 0.5000000 6677 512 0 0
2 24 6669 483 0.5000000 6677 512 0 0
2 25 6669 483 0.5000000 6677 512 0 0
2 26 6669 482 0.5000000 6677 512 0 0
2 27 6669 482 0.5000000 6677 512 0 0
2 28 6669 482 0.5000000 6677 512 0 0
2 29 6669 482 0.5000000 6677 512 0 0
2 30 6669 482 0.5000000 6677 512 0 0
2 31 6669 482 0.5000000 6677 512 0 0
2 32 6669 482 0.5000000 6677 512 0 0
2 33 6669 482 0.5000000 6677 512 0 0
2 34 6669 482 0.5000000 6677 512 0 0
2 35 6669 482 0.5000000 6677 512 0 0
2 36 6669 482 0.5000000 6677 512 0 0
2 37 6669 482 0.5000000 6677 512 0 0
2 38 6669 482 0.5000000 6677 512 0 0
2 39 6669 482 0.5000000 6677 512 0 0
2 40 6669 482 0.5000000 6677 512 0 0
2 41 6669 482 0.5000000 6677 512 0 0
2 42 6669 482 0.5000000 6677 512 0 0
2 43 6669 482 0.5000000 6677 512 0 0
2 44 6669 482 0.5000000 6677 512 0 0
2 45 6669 482 0.5000000 6677 512 0 0
2 46 6668 482 0.5000000 6677 512 0 0
2 47 6668 482 0.5000000 6677 512 1 0
2 48 6667 482 0.5000000 6677 512 1 0
2 49 6666 482 0.5000000 6677 512 1 0
2 50 6665 482 0.5000000 6677 512 2 0
2 51 6663 481 0.5000000 6677 512 4 0
2 52 6660 481 0.5000000 6677 512 4 0
2 53 6658 481 0.5000000 6677 512 5 0
2 54 6655 481 0.5000000 6677 512 5 0
2 55 6652 481 0.5000000 6677 512 5 0
2 56 6649 480 0.5000000 6677 512 5 0
2 57 6647 480 0.5000000 6677 512 5 0
2 58 6644 480 0.5000000 6677 512 5 0
2 59 6641 481 0.5000000 6677 512 5 0
2 60 6638 481 0.5000000 6677 512 6 0
2 61 6634 481 0.5000000 6677 512 7 0
2 62 6631 481 0.5000000 6677 512 7 0
2 63 6627 482 0.5000000 6677 512 7 0
2 64 6623 482 0.5000000 6677 512 7 0
2 67 6620 482 0.5000000 6677 512 6 0
2 68 6617 482 0.5000000 6677 512 6 0
2 69 6614 482 0.5000000 6677 512 5 0
2 70 6611 483 0.5000000 6677 512 5 0
2 71 6608 483 0.5000000 6677 512 5 0
2 72 6606 483 0.5000000 6677 512 5 0
2 73 6603 483 0.5000000 6677 512 5 0
2 74 6600 483 0.5000000 6677 512 6 0
2 75 6596 484 0.5000000 6677 512 6 0
2 76 6594 484 0.5000000 6677 512 4 0
2 77 6591 484 0.5000000 6677 512 4 0
2 78 6590 484 0.5000000 6677 512 3 0
2 79 6588 484 0.5000000 6677 512 3 0
2 80 6585 484 0.5000000 6677 512 4 0
2 81 6583 485 0.5000000 6677 512 4 0
2 82 6581 485 0.5000000 6677 512 4 0
2 83 6579 485 0.5000000 6677 512 4 0
2 84 6576 485 0.5000000 6677 512 4 0
2 85 6573 485 0.5000000 6677 512 5 0
2 86 6570 485 0.5000000 6677 512 5 0
2 87 6567 485 0.5000000 6677 512 6 0
2 88 6564 485 0.5000000 6677 512 6 0
2 89 6560 485 0.5000000 6677 512 7 0
2 90 6556 485 0.5000000 6677 512 7 0
2 91 6553 485 0.5000000 6677 512 7 0
2 92 6549 485 0.5000000 6677 512 8 0
2 93 6545 485 0.5000000 6677 512 7 0
2 94 6541 486 0.5000000 6677 512 7 0
2 95 6537 485 0.5000000 6677 512 7 0
2 96 6534 485 0.5000000 6677 512 6 0
2 97 6530 486 0.5000000 6677 512 6 0
2 98 6527 486 0.5000000 6677 512 6 0
2 99 6524 486 0.5000000 6677 512 6 0
2 100 6521 486 0.5000000 6677 512 5 0
2 101 6518 486 0.5000000 6677 512 6 0
2 102 6514 486 0.5000000 6677 512 6 0
2 103 6511 486 0.5000000 6677 512 7 0
2 104 6507 486 0.5000000 6677 512 7 0
2 105 6503 487 0.5000000 6677 512 7 0
2 106 6499 487 0.5000000 6677 512 7 0
2 107 6495 487 0.5000000 6677 512 7 0
2 108 6491 487 0.5000000 6677 512 7 0
2 109 6487 486 0.5000000 6677 512 7 0
2 110 6484 486 0.5000000 6677 512 7 0
2 111 6480 486 0.5000000 6677 512 7 0
2 112 6476 486 0.5000000 6677 512 7 0
2 113 6473 486 0.5000000 6677 512 7 0
2 114 6469 486 0.5000000 6677 512 7 0
2 115 6466 486 0.5000000 6677 512 7 0
2 116 6462 486 0.5000000 6677 512 7 0
2 117 6458 486 0.5000000 6677 512 7 0
2 118 6455 486 0.5000000 6677 512 7 0
2 119 6451 486 0.5000000 6677 512 6 0
2 120 6448 486 0.5000000 6677 512 6 0
2 121 6445 486 0.5000000 6677 512 6 0
2 122 6441 486 0.5000000 6677 512 6 0
2 123 6438 487 0.5000000 6677 512 6 0
2 124 6435 487 0.5000000 6677 512 6 0
2 125 6432 487 0.5000000 6677 512 5 0
2 126 6429 487 0.5000000 6677 512 5 0
2 127 6427 487 0.5000000 6677 512 5 0
2 128 6424 488 0.5000000 6677 512 5 0
2 129 6421 488 0.5000000 6677 512 5 0
2 130 6418 489 0.5000000 6677 512 6 -1
2 131 6415 489 0.5000000 6677 512 6 -1
2 132 6412 490 0.5000000 6677 512 6 -1
2 133 6409 490 0.5000000 6677 512 6 -1
2 134 6406 491 0.5000000 6677 512 6 -1
2 135 6402 492 0.5000000 6677 512 6 -1
2 136 6399 493 0.5000000 6677 512 6 -1
2 137 6396 493 0.5000000 6677 512 6 -1
2 138 6393 494 0.5000000 6677 512 5 -1
2 139 6391 494 0.5000000 6677 512 5 -1
2 140 6388 495 0.5000000 6677 512 5 -1
2 141 6385 496 0.5000000 6677 512 5 -1
2 142 6383 497 0.5000000 6677 512 5 -1
2 143 6380 497 0.5000000 6677 512 4 -1
2 144 6378 498 0.5000000 6677 512 4 -1
2 145 6375 499 0.5000000 6677 512 4 -1
2 146 6373 500 0.5000000 6677 512 4 -1
2 147 6370 501 0.5000000 6677 512 4 -1
2 148 6368 502 0.5000000 6677 512 4 -1
2 149 6366 502 0.5000000 6677 512 4 -1
2 150 6363 503 0.5000000 6677 512 4 -1
2 151 6361 504 0.5000000 6677 512 3 -1
2 152 6359 504 0.5000000 6677 512 4 -1
2 153 6357 505 0.5000000 6677 512 4 -1
2 154 6355 506 0.5000000 6677 512 4 -1
2 155 6353 506 0.5000000 6677 512 3 -1
2 156 6351 507 0.5000000 6677 512 3 -1
2 157 6349 507 0.5000000 6677 512 3 -1
2 158 6348 508 0.5000000 6677 512 3 -1
2 159 6346 509 0.5000000 6677 512 2 -1
2 160 6345 509 0.5000000 6677 512 2 -1
2 161 6343 510 0.5000000 6677 512 2 0
2 162 6342 510 0.5000000 6677 512 2 0
2 163 6341 510 0.5000000 6677 512 2 0
2 164 6339 511 0.5000000 6677 512 2 0
2 165 6338 511 0.5000000 6677 512 2 0
2 166 6336 511 0.5000000 6677 512 2 0
2 167 6335 512 0.5000000 6677 512 2 0
2 168 6334 512 0.5000000 6677 512 2 0
2 169 6333 513 0.5000000 6677 512 2 0
2 170 6331 513 0.5000000 6677 512 2 0
2 171 6330 513 0.5000000 6677 512 2 0
2 172 6329 514 0.5000000 6677 512 2 0
2 173 6328 514 0.5000000 6677 512 2 -1
2 174 6327 515 0.5000000 6677 512 2 0
2 175 6326 515 0.5000000 6677 512 2 0
2 176 6325 516 0.5000000 6677 512 1 -1
2 177 6324 516 0.5000000 6677 512 1 -1
2 178 6323 517 0.5000000 6677 512 1 -1
2 179 6323 517 0.5000000 6677 512 1 -1
2 180 6322 518 0.5000000 6677 512 1 -1
2 181 6321 518 0.5000000 6677 512 1 0
2 182 6320 519 0.5000000 6677 512 1 0
2 183 6319 519 0.5000000 6677 512 1 0
2 184 6318 520 0.5000000 6677 512 1 0
2 185 6317 520 0.5000000 6677 512 1 0
2 186 6317 520 0.5000000 6677 512 1 0
2 187 6316 521 0.5000000 6677 512 1 0
2 188 6315 521 0.5000000 6677 512 1 0
2 189 6315 522 0.5000000 6677 512 1 0
2 190 6314 522 0.5000000 6677 512 1 0
2 191 6314 522 0.5000000 6677 512 1 0
2 192 6313 523 0.5000000 6677 512 1 0
2 193 6312 523 0.5000000 6677 512 1 0
2 194 6312 524 0.5000000 6677 512 1 -1
2 195 6311 524 0.5000000 6677 512 1 -1
2 196 6310 525 0.5000000 6677 512 1 -1
2 197 6310 526 0.5000000 6677 512 1 -1
2 198 6309 526 0.5000000 6677 512 1 -1
2 199 6309 527 0.5000000 6677 512 0 -1
2 200 6308 528 0.5000000 6677 512 0 -1
2 201 6308 528 0.5000000 6677 512 0 -1
2 202 6308 529 0.5000000 6677 512 0 -1
2 203 6307 530 0.5000000 6677 512 0 -1
2 204 6307 530 0.5000000 6677 512 0 -1
2 205 6307 531 0.5000000 6677 512 0 0
2 206 6306 531 0.5000000 6677 512 0 -1
2 207 6306 532 0.5000000 6677 512 0 0
2 208 6306 532 0.5000000 6677 512 0 0
2 209 6306 532 0.5000000 6677 512 0 0
2 210 6306 532 0.5000000 6677 512 0 0
2 211 6305 532 0.5000000 6677 512 0 0
2 212 6305 533 0.5000000 6677 512 0 0
2 213 6305 533 0.5000000 6677 512 0 0
2 214 6305 533 0.5000000 6677 512 0 0
2 215 6305 533 0.5000000 6677 512 0 0
2 216 6305 533 0.5000000 6677 512 0 0
2 217 6305 533 0.5000000 6677 512 0 0
2 218 6305 533 0.5000000 6677 512 0 0
2 219 6305 533 0.5000000 6677 512 0 0
2 220 6305 533 0.5000000 6677 512 0 0
2 221 6305 533 0.5000000 6677 512 0 0
2 222 6305 533 0.5000000 6677 512 0 0
2 223 6305 533 0.5000000 6677 512 0 0
2 224 6305 533 0.5000000 6677 512 0 0
2 225 6305 533 0.5000000 6677 512 0 0
2 226 6304 533 0.5000000 6677 512 0 0
2 227 6304 533 0.5000000 6677 512 0 0
2 228 6304 534 0.5000000 6677 512 0 0
2 229 6304 534 0.5000000 6677 512 0 0
2 230 6304 534 0.5000000 6677 512 0 0
2 231 6304 534 0.5000000 6677 512 0 0
2 232 6304 533 0.5000000 6677 512 0 0
2 233 6304 533 0.5000000 6677 512 0 0
2 234 6304 533 0.5000000 6677 512 0 0
2 235 6304 534 0.5000000 6677 512 0 0
2 236 6304 534 0.5000000 6677 512 0 0
2 237 6304 534 0.5000000 6677 512 0 0
2 238 6304 534 0.5000000 6677 512 0 0
2 239 6304 534 0.5000000 6677 512 0 0
2 240 6304 534 0.5000000 6677 512 0 0
2 241 6304 534 0.5000000 6677 512 0 0
2 242 6305 534 0.5000000 6677 512 0 0
2 243 6305 534 0.5000000 6677 512 0 0
2 244 6305 534 0.5000000 6677 512 0 0
2 245 6305 535 0.5000000 6677 512 0 0
2 246 6305 535 0.5000000 6677 512 0 0
2 247 6305 535 0.5000000 6677 512 0 0
2 248 6305 535 0.5000000 6677 512 0 0
2 249 6305 535 0.5000000 6677 512 0 0
2 250 6305 535 0.5000000 6677 512 0 0
2 251 6305 535 0.5000000 6677 512 0 0
