8 0 3537 248 0.5000000 3407 -351 0 2
8 1 3536 247 0.5000000 3407 -351 0 1
8 2 3536 247 0.5000000 3407 -351 1 1
8 3 3535 246 0.5000000 3407 -351 1 1
8 4 3534 244 0.5000000 3407 -351 1 2
8 5 3534 243 0.5000000 3407 -351 1 2
8 6 3533 242 0.5000000 3407 -351 1 1
8 7 3532 241 0.5000000 3407 -351 2 1
8 8 3531 241 0.5000000 3407 -351 2 0
8 9 3530 241 0.5000000 3407 -351 2 0
8 10 3529 240 0.5000000 3407 -351 1 0
8 11 3528 240 0.5000000 3407 -351 1 0
8 12 3527 240 0.5000000 3407 -351 1 0
8 13 3526 240 0.5000000 3407 -351 1 0
8 14 3525 240 0.5000000 3407 -351 1 0
8 15 3524 240 0.5000000 3407 -351 1 0
8 16 3523 240 0.5000000 3407 -351 2 0
8 17 3522 241 0.5000000 3407 -351 1 -1
8 18 3521 242 0.5000000 3407 -351 1 -1
8 19 3520 243 0.5000000 3407 -351 1 -2
8 20 3520 244 0.5000000 3407 -351 1 -1
8 21 3519 245 0.5000000 3407 -351 1 -2
8 22 3519 246 0.5000000 3407 -351 0 -1
8 23 3518 246 0.5000000 3407 -351 0 -1
8 24 3518 247 0.5000000 3407 -351 0 0
8 25 3517 247 0.5000000 3407 -351 0 0
8 26 3517 247 0.5000000 3407 -351 0 0
8 27 3517 247 0.5000000 3407 -351 0 0
8 28 3516 248 0.5000000 3407 -351 0 0
8 29 3516 248 0.5000000 3407 -351 0 0
8 30 3516 249 0.5000000 3407 -351 0 0
8 31 3516 249 0.5000000 3407 -351 0 -1
8 32 3515 250 0.5000000 3407 -351 0 0
8 33 3515 250 0.5000000 3407 -351 0 -1
8 34 3515 251 0.5000000 3407 -351 0 0
8 35 3515 251 0.5000000 3407 -351 0 0
8 36 3514 251 0.5000000 3407 -351 0 0
8 37 3514 251 0.5000000 3407 -351 0 0
8 38 3514 252 0.5000000 3407 -351 0 0
8 39 3514 252 0.5000000 3407 -351 0 -1
8 40 3514 253 0.5000000 3407 -351 0 0
8 41 3514 254 0.5000000 3407 -351 0 -1
8 42 3514 255 0.5000000 3407 -351 0 -1
8 43 3514 256 0.5000000 3407 -351 0 -1
8 44 3515 256 0.5000000 3407 -351 0 -1
8 45 3515 257 0.5000000 3407 -351 0 0
8 46 3515 257 0.5000000 3407 -351 0 0
8 47 3515 257 0.5000000 3407 -351 0 0
8 48 3515 257 0.5000000 3407 -351 0 0
8 49 3516 256 0.5000000 3407 -351 -1 0
8 50 3516 256 0.5000000 3407 -351 -1 0
8 51 3517 256 0.5000000 3407 -351 -1 0
8 52 3517 256 0.5000000 3407 -351 -1 0
8 53 3518 257 0.5000000 3407 -351 0 -1
8 54 3518 258 0.5000000 3407 -351 0 -1
8 55 3517 258 0.5000000 3407 -351 0 -1
8 56 3517 259 0.5000000 3407 -351 1 0
8 57 3516 259 0.5000000 3407 -351 1 0
8 58 3516 259 0.5000000 3407 -351 1 0
8 59 3515 259 0.5000000 3407 -351 0 0
8 60 3514 259 0.5000000 3407 -351 1 1
8 61 3514 259 0.5000000 3407 -351 1 0
8 62 3513 259 0.5000000 3407 -351 1 0
8 63 3512 259 0.5000000 3407 -351 1 0
8 64 3512 258 0.5000000 3407 -351 1 0
8 65 3511 259 0.5000000 3407 -351 1 0
8 66 3511 258 0.5000000 3407 -351 0 0
8 67 3511 258 0.5000000 3407 -351 0 0
8 68 3511 258 0.5000000 3407 -351 0 0
8 69 3510 257 0.5000000 3407 -351 0 1
8 70 3510 256 0.5000000 3407 -351 0 1
8 71 3510 255 0.5000000 3407 -351 0 1
8 72 3510 255 0.5000000 3407 -351 0 1
8 73 3510 254 0.5000000 3407 -351 0 1
8 74 3509 253 0.5000000 3407 -351 1 1
8 75 3508 252 0.5000000 3407 -351 1 1
8 76 3507 251 0.5000000 3407 -351 2 2
8 77 3505 250 0.5000000 3407 -351 2 2
8 79 3504 249 0.5000000 3407 -351 2 2
8 80 3503 248 0.5000000 3407 -351 1 2
8 81 3502 247 0.5000000 3407 -351 2 1
8 82 3502 245 0.5000000 3407 -351 1 3
8 83 3501 243 0.5000000 3407 -351 0 3
8 84 3501 241 0.5000000 3407 -351 0 4
8 85 3501 238 0.5000000 3407 -351 0 5
8 86 3501 235 0.5000000 3407 -351 0 5
8 87 3501 233 0.5000000 3407 -351 0 5
8 88 3502 231 0.5000000 3407 -351 0 4
8 89 3502 228 0.5000000 3407 -351 0 4
8 90 3502 226 0.5000000 3407 -351 0 4
8 91 3502 223 0.5000000 3407 -351 0 4
8 92 3502 221 0.5000000 3407 -351 0 4
8 93 3502 219 0.5000000 3407 -351 0 4
8 94 3502 217 0.5000000 3407 -351 0 3
8 95 3502 216 0.5000000 3407 -351 0 2
8 96 3502 215 0.5000000 3407 -351 0 2
8 97 3502 214 0.5000000 3407 -351 0 1
8 98 3503 213 0.5000000 3407 -351 0 1
8 99 3503 212 0.5000000 3407 -351 -1 1
8 100 3504 211 0.5000000 3407 -351 -1 1
8 101 3505 210 0.5000000 3407 -351 -1 1
8 102 3505 209 0.5000000 3407 -351 0 2
8 103 3505 208 0.5000000 3407 -351 0 2
8 104 3505 207 0.5000000 3407 -351 0 2
8 105 3505 206 0.5000000 3407 -351 0 2
8 106 3505 207 0.5000000 3407 -351 0 2
8 107 3505 206 0.5000000 3407 -351 0 2
