1 2 21794.8457031 1330.1704102 0.2203444 
1 3 21796.8398438 1329.6746826 0.2187425 
1 4 21794.0117188 1327.4636230 0.2186469 
1 5 21791.7089844 1324.7210693 0.2185667 
1 6 21789.4335938 1321.7182617 0.2185325 
1 7 21786.8535156 1319.3942871 0.2185173 
1 8 21784.9296875 1316.5496826 0.2185216 
1 9 21788.3320312 1317.4310303 0.2169551 
1 10 21785.5390625 1314.9199219 0.2169539 
1 11 21783.1914062 1311.9549561 0.2169091 
1 12 21780.9414062 1308.5690918 0.2168658 
1 13 21778.9570312 1306.3847656 0.2168029 
1 14 21777.5683594 1304.4025879 0.2167334 
1 15 21776.1347656 1302.0562744 0.2166273 
1 16 21774.9453125 1299.8994141 0.2165085 
1 17 21773.3964844 1297.6552734 0.2164773 
1 18 21772.1972656 1296.3183594 0.2164504 
1 19 21770.3437500 1294.6098633 0.2164006 
1 20 21768.3359375 1292.0368652 0.2163869 
1 21 21767.4316406 1289.0173340 0.2162605 
1 22 21766.9843750 1284.2933350 0.2161156 
1 23 21766.2929688 1279.9754639 0.2159950 
1 24 21765.1328125 1275.1877441 0.2158539 
1 25 21763.7324219 1270.3520508 0.2157737 
1 26 21763.7324219 1270.3496094 0.2157728 
1 27 21762.8750000 1266.6276855 0.2157491 
1 28 21762.0488281 1263.5561523 0.2157259 
1 29 21760.7421875 1260.5842285 0.2157507 
1 30 21759.7050781 1257.8415527 0.2157463 
1 31 21757.8906250 1255.5112305 0.2158384 
1 32 21756.5078125 1253.3851318 0.2158705 
1 33 21755.5878906 1251.5281982 0.2159227 
1 34 21753.9726562 1249.5568848 0.2160413 
1 35 21752.5214844 1247.6765137 0.2161707 
1 36 21751.3789062 1246.2341309 0.2162929 
1 37 21750.2773438 1245.0157471 0.2163834 
1 38 21749.0273438 1243.6916504 0.2165106 
1 39 21747.2539062 1242.2924805 0.2167032 
1 40 21745.6660156 1240.8027344 0.2168900 
1 41 21744.6191406 1239.7156982 0.2171041 
1 42 21743.7929688 1238.5285645 0.2172548 
1 43 21743.6250000 1238.0000000 0.2172714 
1 44 21743.6699219 1237.6157227 0.2173041 
1 45 21744.0000000 1236.9892578 0.2173193 
1 46 21744.8027344 1236.5102539 0.2173049 
1 47 21746.3750000 1235.9711914 0.2172631 
1 48 21748.4003906 1235.7631836 0.2172648 
1 49 21749.8847656 1235.8874512 0.2172028 
1 50 21750.7636719 1235.4600830 0.2172134 
1 51 21750.7890625 1235.4780273 0.2172098 
1 52 21751.9355469 1235.6995850 0.2171311 
1 53 21752.6191406 1235.2144775 0.2170080 
1 54 21753.6601562 1235.3569336 0.2168616 
1 55 21754.8730469 1235.4080811 0.2166454 
1 56 21755.9296875 1235.6773682 0.2164687 
1 57 21756.7109375 1236.5651855 0.2162638 
1 58 21757.7968750 1238.0107422 0.2159207 
1 59 21758.5468750 1240.0903320 0.2155701 
1 60 21759.2187500 1240.9620361 0.2153182 
1 61 21759.7187500 1241.0224609 0.2152008 
1 62 21760.1640625 1241.8846436 0.2150165 
1 63 21760.5351562 1242.6103516 0.2148240 
1 64 21760.4394531 1242.8237305 0.2148264 
1 65 21760.4316406 1242.9763184 0.2148269 
1 66 21760.5390625 1242.9887695 0.2148090 
1 67 21760.7031250 1243.0506592 0.2147944 
1 68 21760.5156250 1243.5556641 0.2148057 
1 69 21760.2773438 1243.8100586 0.2148191 
1 70 21759.0917969 1243.5656738 0.2149833 
1 71 21757.9687500 1243.2816162 0.2151973 
1 72 21757.2636719 1243.5523682 0.2152490 
1 73 21755.9570312 1243.3225098 0.2154432 
1 74 21755.3300781 1243.4798584 0.2155861 
1 75 21754.5078125 1244.5958252 0.2156774 
1 76 21754.5117188 1244.6000977 0.2156756 
1 77 21753.8476562 1245.2491455 0.2156690 
1 78 21753.7617188 1246.3449707 0.2156852 
1 79 21753.6757812 1247.3532715 0.2156725 
1 80 21753.4882812 1248.2069092 0.2156902 
1 81 21753.1992188 1249.3731689 0.2157155 
1 82 21752.4609375 1250.7703857 0.2156988 
1 83 21751.7207031 1251.8947754 0.2157061 
1 84 21751.2207031 1253.1370850 0.2156831 
1 85 21750.4843750 1254.1645508 0.2157203 
1 86 21749.9589844 1255.5131836 0.2157350 
1 87 21749.5468750 1257.1772461 0.2157108 
1 88 21748.6406250 1259.0123291 0.2156610 
1 89 21747.8867188 1260.3894043 0.2156435 
1 90 21748.0429688 1261.6832275 0.2155641 
1 91 21748.3476562 1262.7652588 0.2154676 
1 92 21749.0507812 1264.1527100 0.2153527 
1 93 21749.6757812 1265.8297119 0.2151429 
1 94 21749.2167969 1266.6779785 0.2151566 
1 95 21749.3750000 1267.8830566 0.2149716 
1 96 21749.1972656 1268.3510742 0.2149066 
1 97 21749.0781250 1268.7934570 0.2148664 
1 98 21748.7812500 1269.2596436 0.2148315 
1 99 21748.1601562 1269.6682129 0.2148100 
1 100 21746.9804688 1269.8739014 0.2148214 
1 101 21746.9824219 1269.8730469 0.2148209 
1 102 21746.0273438 1270.0017090 0.2148071 
1 103 21745.4101562 1270.3872070 0.2147851 
1 104 21744.4101562 1270.4539795 0.2147756 
1 105 21743.4082031 1270.6583252 0.2147777 
1 106 21742.4375000 1270.7919922 0.2147946 
1 107 21741.1367188 1270.7019043 0.2148070 
1 108 21739.8007812 1270.7285156 0.2148205 
1 109 21738.4550781 1270.8469238 0.2148340 
1 110 21737.2343750 1270.9146729 0.2148810 
1 111 21736.3691406 1271.2481689 0.2149116 
1 112 21735.6210938 1271.5416260 0.2149333 
1 113 21734.9589844 1271.6433105 0.2149842 
1 114 21734.6855469 1272.0529785 0.2150156 
1 115 21734.2597656 1272.4704590 0.2150448 
1 116 21733.7988281 1273.5629883 0.2150492 
1 117 21733.1914062 1274.5825195 0.2150386 
1 118 21731.9746094 1275.2229004 0.2150347 
1 119 21731.0058594 1275.9825439 0.2149684 
1 120 21729.5996094 1275.9333496 0.2150230 
1 121 21728.5039062 1275.8598633 0.2150553 
1 122 21727.8144531 1276.0015869 0.2150661 
1 123 21726.9023438 1276.0756836 0.2151053 
1 124 21726.2109375 1275.9581299 0.2151576 
1 125 21725.4863281 1275.7800293 0.2151946 
1 126 21725.4863281 1275.7800293 0.2151946 
1 127 21724.5234375 1275.6027832 0.2153249 
1 128 21724.1367188 1275.4619141 0.2154093 
1 129 21723.7460938 1275.3258057 0.2155121 
1 130 21724.0039062 1275.4604492 0.2155010 
1 131 21723.9648438 1275.5520020 0.2155390 
1 132 21723.5703125 1275.4698486 0.2155450 
1 133 21723.6542969 1275.6391602 0.2155484 
1 134 21723.9687500 1275.7879639 0.2154804 
1 135 21724.1230469 1275.8962402 0.2154114 
1 136 21724.5117188 1276.1713867 0.2153298 
1 137 21724.5878906 1275.9925537 0.2152712 
1 138 21725.0761719 1276.5043945 0.2151740 
1 139 21725.3125000 1276.3428955 0.2150929 
1 140 21725.2226562 1276.6079102 0.2150421 
1 141 21725.8300781 1277.0192871 0.2148882 
1 142 21726.9843750 1277.3382568 0.2147202 
1 143 21728.1367188 1277.6093750 0.2145465 
1 144 21729.2968750 1278.0185547 0.2143351 
1 145 21730.1406250 1278.0502930 0.2142386 
1 146 21730.1972656 1278.0690918 0.2141875 
1 147 21731.2421875 1278.0140381 0.2140069 
1 148 21732.2226562 1277.9599609 0.2138089 
1 149 21732.3535156 1277.2303467 0.2137256 
1 150 21733.7187500 1276.5854492 0.2134767 
1 151 21733.7187500 1276.5854492 0.2134767 
1 152 21734.2343750 1275.6281738 0.2134665 
1 153 21734.5390625 1274.7019043 0.2133670 
1 154 21734.4687500 1273.8969727 0.2133190 
1 155 21734.4218750 1273.0815430 0.2132678 
1 156 21733.7480469 1272.0875244 0.2132210 
1 157 21732.7929688 1270.7227783 0.2132278 
1 158 21731.5859375 1268.7318115 0.2132212 
1 159 21729.7265625 1266.1700439 0.2132746 
1 160 21728.0253906 1263.8310547 0.2132761 
1 161 21726.0566406 1261.7689209 0.2133171 
1 162 21724.0839844 1260.2864990 0.2132992 
1 163 21722.5429688 1259.3708496 0.2132578 
1 164 21720.6718750 1258.5472412 0.2133011 
1 165 21719.1171875 1258.1455078 0.2133429 
1 166 21717.7382812 1257.3973389 0.2134063 
1 167 21716.4296875 1256.6267090 0.2134631 
1 168 21715.0664062 1255.8052979 0.2135115 
1 169 21713.7519531 1255.1584473 0.2135667 
1 170 21712.2441406 1254.2518311 0.2136195 
1 171 21710.4726562 1253.5979004 0.2136803 
1 172 21709.1640625 1252.8554688 0.2137583 
1 173 21708.1074219 1252.2198486 0.2138358 
1 174 21707.1523438 1251.8977051 0.2139084 
1 175 21706.1757812 1251.4562988 0.2139933 
1 176 21706.2070312 1251.4694824 0.2139893 
1 177 21705.3105469 1251.3087158 0.2140761 
1 178 21704.6972656 1251.2537842 0.2141301 
1 179 21704.2617188 1251.1888428 0.2142065 
1 180 21704.4179688 1251.1352539 0.2141962 
1 181 21704.5976562 1251.1452637 0.2141733 
1 182 21704.7050781 1251.3177490 0.2141232 
1 183 21704.9902344 1251.5089111 0.2140878 
1 184 21705.3398438 1251.7424316 0.2140666 
1 185 21705.2167969 1251.6989746 0.2141579 
1 186 21705.8378906 1251.9238281 0.2141166 
1 187 21706.3164062 1252.0275879 0.2141242 
1 188 21707.3320312 1252.3874512 0.2140699 
1 189 21708.1367188 1252.5350342 0.2140025 
1 190 21709.6386719 1252.9039307 0.2139054 
1 191 21711.1894531 1253.4584961 0.2137619 
1 192 21711.6972656 1253.6440430 0.2137800 
1 193 21713.1367188 1254.0526123 0.2136768 
1 194 21714.7539062 1254.6593018 0.2135464 
1 195 21716.4433594 1255.1673584 0.2133370 
1 196 21715.7246094 1255.3664551 0.2133994 
1 197 21715.5371094 1255.0698242 0.2133642 
1 198 21715.9179688 1254.9470215 0.2132979 
1 199 21716.1914062 1254.8371582 0.2132513 
1 200 21715.7519531 1254.3740234 0.2133071 
1 201 21715.7773438 1254.3909912 0.2132986 
1 202 21715.7265625 1254.0576172 0.2133075 
1 203 21715.2031250 1253.5374756 0.2134070 
1 204 21714.1699219 1252.3906250 0.2136855 
1 205 21712.8886719 1252.5249023 0.2138350 
1 206 21709.6464844 1254.0086670 0.2140008 
1 207 21707.4628906 1255.3813477 0.2140539 
1 208 21707.1718750 1255.2741699 0.2141135 
1 209 21706.3828125 1255.2250977 0.2142203 
1 210 21706.6796875 1255.5778809 0.2141227 
1 211 21701.1230469 1252.4603271 0.2153132 
1 212 21700.5703125 1252.2006836 0.2154201 
1 213 21700.1406250 1251.6677246 0.2155152 
1 214 21700.1992188 1252.7281494 0.2155052 
1 215 21700.3164062 1252.8372803 0.2154776 
1 216 21699.7382812 1252.7089844 0.2155925 
1 217 21700.2187500 1253.0247803 0.2154364 
1 218 21699.5507812 1252.5036621 0.2155345 
1 219 21698.7382812 1251.7791748 0.2156781 
1 220 21700.3085938 1252.8770752 0.2152722 
1 221 21699.8242188 1252.5277100 0.2153196 
1 222 21698.8867188 1251.7230225 0.2155555 
1 223 21698.1132812 1251.3869629 0.2156613 
1 224 21697.3437500 1251.2039795 0.2157481 
1 225 21696.5312500 1251.0716553 0.2158493 
1 226 21696.5410156 1251.0693359 0.2158465 
1 227 21695.4765625 1250.8576660 0.2160053 
1 228 21694.4433594 1250.5841064 0.2161578 
1 229 21694.9492188 1250.9708252 0.2160983 
1 230 21695.6835938 1251.6380615 0.2158977 
1 231 21694.6601562 1251.4870605 0.2160273 
1 232 21694.0429688 1251.4523926 0.2160966 
1 233 21693.5761719 1251.3269043 0.2161249 
1 234 21693.3769531 1251.1174316 0.2161573 
1 235 21693.1210938 1250.7142334 0.2162110 
1 236 21691.1230469 1249.1478271 0.2165295 
1 237 21692.5351562 1249.6536865 0.2164171 
1 238 21693.5273438 1250.2906494 0.2163357 
1 239 21694.8554688 1251.8524170 0.2162349 
1 240 21695.6425781 1253.9276123 0.2162366 
1 241 21696.6484375 1257.6032715 0.2161640 
1 242 21697.7753906 1262.3920898 0.2161248 
1 243 21698.8574219 1268.8493652 0.2160416 
1 244 21698.9648438 1274.8308105 0.2161144 
1 245 21699.2597656 1282.0505371 0.2160579 
1 246 21699.4179688 1289.4984131 0.2159797 
1 247 21699.7851562 1296.9130859 0.2158982 
1 248 21700.1953125 1303.7763672 0.2158100 
1 249 21701.0078125 1310.7403564 0.2157649 
1 250 21701.7363281 1317.5463867 0.2157114 
1 251 21701.7363281 1317.5463867 0.2157114 
1 252 21702.1093750 1323.9886475 0.2156880 
1 253 21702.2421875 1330.5101318 0.2156729 
1 254 21702.1777344 1337.0527344 0.2156082 
1 255 21701.8789062 1343.4934082 0.2155698 
1 256 21701.5527344 1349.8854980 0.2155560 
1 257 21701.6328125 1356.8333740 0.2154530 
1 258 21701.3750000 1363.7047119 0.2154027 
1 259 21701.0917969 1370.7778320 0.2153519 
1 260 21700.2500000 1377.3370361 0.2153328 
1 261 21699.2265625 1383.7086182 0.2152668 
1 262 21698.1640625 1390.8125000 0.2152590 
1 263 21696.1894531 1398.1628418 0.2152681 
1 264 21692.9726562 1405.2441406 0.2154787 
1 265 21689.7539062 1412.6274414 0.2155652 
1 266 21686.1796875 1420.1040039 0.2156397 
1 267 21682.0703125 1427.3298340 0.2156858 
1 268 21677.9121094 1434.6596680 0.2157257 
1 269 21673.2070312 1442.2900391 0.2158838 
1 270 21668.5390625 1449.0821533 0.2158955 
1 271 21663.7187500 1454.5815430 0.2159935 
1 272 21659.1113281 1459.4622803 0.2160742 
1 273 21654.7695312 1463.1225586 0.2160520 
1 274 21650.9609375 1466.4532471 0.2159628 
1 275 21647.3320312 1468.4849854 0.2160054 
1 276 21647.3320312 1468.4849854 0.2160054 
1 277 21643.5429688 1469.4619141 0.2160466 
1 278 21640.6464844 1470.0720215 0.2159383 
1 279 21637.7460938 1469.9805908 0.2159108 
1 280 21635.4511719 1469.8359375 0.2159020 
1 281 21633.0449219 1469.6279297 0.2159303 
1 282 21630.8789062 1469.4366455 0.2159664 
1 283 21628.7910156 1469.3663330 0.2159809 
1 284 21626.6113281 1469.4604492 0.2160077 
1 285 21623.9570312 1469.4438477 0.2159852 
1 286 21621.4140625 1469.7692871 0.2159109 
1 287 21619.2734375 1469.5130615 0.2158968 
1 288 21617.7773438 1469.2852783 0.2159293 
1 289 21616.9296875 1468.8166504 0.2159271 
1 290 21615.5156250 1467.6099854 0.2159415 
1 291 21614.3281250 1466.2994385 0.2159596 
1 292 21612.9882812 1464.8825684 0.2159985 
1 293 21611.8320312 1463.7216797 0.2159758 
1 294 21610.9960938 1462.2683105 0.2159547 
1 295 21609.5488281 1460.1550293 0.2161251 
1 296 21608.9882812 1458.2923584 0.2161791 
1 297 21609.0976562 1456.0357666 0.2159880 
1 298 21609.2695312 1452.8059082 0.2159333 
1 299 21609.3164062 1450.0689697 0.2158560 
1 300 21609.2089844 1446.9677734 0.2157660 
1 301 21609.2285156 1446.9781494 0.2157603 
1 302 21608.9570312 1443.5277100 0.2157464 
1 303 21608.9238281 1440.4591064 0.2156750 
1 304 21608.8828125 1437.2912598 0.2156072 
1 305 21609.0917969 1435.0517578 0.2155483 
1 306 21609.1679688 1432.8419189 0.2154915 
1 307 21609.3046875 1430.8500977 0.2154540 
1 308 21609.3828125 1428.7375488 0.2154178 
1 309 21609.1777344 1426.4893799 0.2154086 
1 310 21609.1953125 1424.1901855 0.2154037 
1 311 21608.8671875 1422.3222656 0.2154204 
1 312 21608.3886719 1420.2293701 0.2154582 
1 313 21607.8242188 1417.7460938 0.2154937 
1 314 21607.4570312 1415.6201172 0.2155026 
1 315 21606.5449219 1413.3413086 0.2156358 
1 316 21605.8769531 1411.4160156 0.2157121 
1 317 21605.7851562 1409.5163574 0.2157183 
1 318 21605.1777344 1408.1104736 0.2157992 
1 319 21604.5917969 1406.4902344 0.2158899 
1 320 21604.2871094 1405.2539062 0.2159373 
1 321 21607.8906250 1403.0119629 0.2154265 
1 322 21608.4472656 1401.6273193 0.2151756 
1 323 21607.1875000 1401.5338135 0.2152127 
1 324 21606.0195312 1400.3527832 0.2154649 
1 325 21604.5234375 1398.8457031 0.2157483 
1 326 21604.5234375 1398.8457031 0.2157483 
1 327 21604.0644531 1398.0592041 0.2158284 
1 328 21603.4101562 1396.8707275 0.2159305 
1 329 21603.4550781 1396.0773926 0.2158767 
1 330 21604.6386719 1395.3386230 0.2158355 
1 331 21604.5625000 1394.3084717 0.2159223 
1 332 21605.0996094 1393.6257324 0.2159057 
1 333 21605.3242188 1392.7414551 0.2159863 
1 334 21605.9531250 1392.0534668 0.2160149 
1 335 21606.6718750 1391.5228271 0.2160307 
1 336 21607.5312500 1391.0631104 0.2160467 
1 337 21608.4550781 1390.8001709 0.2160675 
1 338 21609.5351562 1390.5239258 0.2160905 
1 339 21611.0839844 1390.3391113 0.2160898 
1 340 21612.6679688 1390.0750732 0.2160893 
1 341 21614.2187500 1389.9416504 0.2160744 
1 342 21615.9648438 1389.8557129 0.2160336 
1 343 21618.7792969 1390.3282471 0.2159400 
1 344 21621.1308594 1390.6923828 0.2158378 
1 345 21624.4453125 1391.7900391 0.2156570 
1 346 21627.1640625 1392.2320557 0.2156037 
1 347 21630.1367188 1392.3309326 0.2155372 
1 348 21632.5781250 1392.6300049 0.2154973 
1 349 21635.4140625 1393.7048340 0.2153859 
1 350 21637.5742188 1394.3334961 0.2152800 
1 351 21637.5664062 1394.3339844 0.2152830 
1 352 21639.3242188 1394.6697998 0.2152660 
1 353 21640.9941406 1394.7491455 0.2152398 
1 354 21642.6074219 1394.7678223 0.2152660 
1 355 21644.2949219 1394.7999268 0.2153054 
1 356 21646.7656250 1394.9163818 0.2153132 
1 357 21649.6953125 1394.8841553 0.2153208 
1 358 21652.9023438 1394.8999023 0.2152889 
1 359 21656.2421875 1394.8906250 0.2153040 
1 360 21659.6113281 1394.6771240 0.2154076 
1 361 21663.4863281 1394.6154785 0.2154841 
1 362 21667.5410156 1394.5300293 0.2155226 
1 363 21671.2656250 1394.4191895 0.2155864 
1 364 21675.6015625 1394.2463379 0.2155873 
1 365 21679.3710938 1394.1589355 0.2155621 
1 366 21682.7031250 1394.1552734 0.2154053 
1 367 21685.2753906 1394.1708984 0.2153668 
1 368 21688.1640625 1394.1501465 0.2152728 
1 369 21690.5585938 1393.7214355 0.2152444 
1 370 21693.5449219 1393.5339355 0.2152216 
1 371 21696.7343750 1393.3153076 0.2151508 
1 372 21699.4902344 1392.9179688 0.2151397 
1 373 21702.1777344 1392.6544189 0.2151109 
1 374 21704.8613281 1392.5865479 0.2150743 
1 375 21707.3984375 1392.2690430 0.2150838 
1 376 21707.3984375 1392.2690430 0.2150838 
1 377 21710.4863281 1392.1689453 0.2150185 
1 378 21713.4609375 1391.7939453 0.2150009 
1 379 21716.3046875 1391.3208008 0.2150005 
1 380 21719.2812500 1390.9373779 0.2149725 
1 381 21722.4257812 1390.5517578 0.2149932 
1 382 21726.1367188 1390.1121826 0.2149029 
1 383 21729.4921875 1389.6019287 0.2149124 
1 384 21733.1289062 1388.9848633 0.2149267 
1 385 21736.7460938 1388.4631348 0.2149594 
1 386 21740.3417969 1388.0151367 0.2150471 
1 387 21743.8378906 1387.5173340 0.2151152 
1 388 21748.2050781 1387.3640137 0.2150755 
1 389 21752.6582031 1387.2943115 0.2150423 
1 390 21756.8847656 1387.1633301 0.2149831 
1 391 21760.7636719 1386.8320312 0.2149980 
1 392 21765.3886719 1387.8416748 0.2146944 
1 393 21768.8769531 1387.8574219 0.2145649 
1 394 21771.3183594 1388.7408447 0.2145730 
1 395 21773.6621094 1388.6827393 0.2146032 
1 396 21775.6933594 1388.7534180 0.2145783 
1 397 21777.1093750 1388.8088379 0.2145844 
1 398 21777.9394531 1388.8762207 0.2145744 
1 399 21777.8945312 1388.8632812 0.2145735 
1 400 21777.8144531 1388.8208008 0.2145884 
1 401 21777.8144531 1388.8208008 0.2145884 
1 402 21778.1425781 1388.9442139 0.2144827 
1 403 21777.8515625 1389.0527344 0.2144615 
1 404 21777.8164062 1389.2844238 0.2144520 
1 405 21777.3515625 1388.9536133 0.2145665 
1 406 21778.9023438 1390.2890625 0.2141212 
1 407 21778.8945312 1390.7214355 0.2140251 
1 408 21778.6816406 1390.9543457 0.2138933 
1 409 21777.8359375 1391.1578369 0.2137862 
1 410 21776.8906250 1391.5090332 0.2137005 
1 411 21775.8574219 1391.8056641 0.2136470 
1 412 21774.4746094 1391.8861084 0.2136063 
1 413 21773.1250000 1391.9000244 0.2135631 
1 414 21771.9550781 1391.7846680 0.2135377 
1 415 21771.0644531 1391.6364746 0.2135270 
1 416 21770.2128906 1391.3276367 0.2135497 
1 417 21769.6328125 1391.1354980 0.2135722 
1 418 21769.0273438 1390.9702148 0.2136202 
1 419 21768.5273438 1390.7618408 0.2136890 
1 420 21768.1035156 1390.6163330 0.2137649 
1 421 21767.4785156 1390.4631348 0.2138401 
1 422 21766.9453125 1390.3295898 0.2139148 
1 423 21766.4921875 1390.2320557 0.2139757 
1 424 21765.9648438 1390.1955566 0.2140172 
1 425 21765.6152344 1390.0299072 0.2140719 
1 426 21765.6152344 1390.0299072 0.2140719 
1 427 21765.3710938 1389.8663330 0.2141240 
1 428 21765.2929688 1389.9437256 0.2141273 
1 429 21765.1875000 1390.0175781 0.2141382 
1 430 21765.2324219 1390.2075195 0.2141036 
1 431 21765.2226562 1390.2977295 0.2141426 
1 432 21765.6171875 1390.5854492 0.2141059 
1 433 21765.6367188 1390.7358398 0.2141271 
1 434 21765.7031250 1390.9727783 0.2141227 
1 435 21765.5371094 1390.9014893 0.2141164 
1 436 21765.6230469 1391.0236816 0.2140761 
1 437 21768.2148438 1392.2026367 0.2136628 
1 438 21768.8398438 1392.5065918 0.2135585 
1 439 21769.3750000 1392.7932129 0.2134967 
1 440 21768.9160156 1392.5665283 0.2134468 
1 441 21769.1992188 1392.7138672 0.2133848 
1 442 21769.7343750 1393.0144043 0.2132998 
1 443 21769.7070312 1392.7172852 0.2134176 
1 444 21769.4355469 1392.6477051 0.2134409 
1 445 21769.4179688 1392.5872803 0.2134494 
1 446 21769.3378906 1392.2808838 0.2134229 
1 447 21769.2734375 1392.2736816 0.2134405 
1 448 21768.9648438 1392.0782471 0.2134483 
1 449 21768.4082031 1391.3464355 0.2135561 
1 450 21768.5664062 1390.9870605 0.2135609 
1 451 21768.5117188 1390.9332275 0.2135672 
1 452 21768.1796875 1390.1735840 0.2136117 
1 453 21768.1914062 1389.6320801 0.2136409 
1 454 21768.0117188 1388.7623291 0.2136713 
1 455 21768.3886719 1387.9857178 0.2136617 
1 456 21768.8105469 1387.4376221 0.2136816 
1 457 21769.3007812 1386.9135742 0.2136946 
1 458 21769.6640625 1386.3812256 0.2136976 
1 459 21770.2128906 1385.8350830 0.2136909 
1 460 21770.6855469 1385.2639160 0.2136860 
1 461 21771.0078125 1384.7097168 0.2136896 
1 462 21770.8007812 1384.0024414 0.2137036 
1 463 21770.9667969 1383.5002441 0.2136989 
1 464 21771.0312500 1382.8200684 0.2136853 
1 465 21770.8710938 1381.8283691 0.2136878 
1 466 21770.9921875 1381.1937256 0.2136400 
1 467 21770.8613281 1380.1767578 0.2135798 
1 468 21771.2382812 1379.7204590 0.2135057 
1 469 21771.3281250 1379.3374023 0.2133995 
1 470 21771.4921875 1379.0124512 0.2132599 
1 471 21770.8945312 1378.4960938 0.2132751 
1 472 21770.0507812 1377.7485352 0.2132864 
1 473 21769.0273438 1377.1820068 0.2132908 
1 474 21767.6914062 1376.5820312 0.2132641 
1 475 21765.5976562 1376.0178223 0.2132958 
1 476 21765.5976562 1376.0178223 0.2132958 
1 477 21763.4804688 1375.5124512 0.2132134 
1 478 21760.2695312 1375.2834473 0.2132046 
1 479 21756.2773438 1375.0148926 0.2132526 
1 480 21751.7675781 1375.0152588 0.2132166 
1 481 21746.1894531 1374.9775391 0.2132325 
1 482 21739.1777344 1375.0141602 0.2131694 
1 483 21730.2441406 1375.0725098 0.2130753 
1 484 21720.4375000 1375.2492676 0.2129926 
1 485 21710.1933594 1375.5567627 0.2128173 
1 486 21698.5117188 1375.4104004 0.2128178 
1 487 21687.2148438 1375.5125732 0.2127181 
1 488 21675.7128906 1375.4238281 0.2127050 
1 489 21664.0117188 1375.4790039 0.2126273 
1 490 21651.1992188 1375.1767578 0.2127072 
1 491 21639.0312500 1375.6707764 0.2123580 
1 492 21625.3007812 1375.3974609 0.2123909 
1 493 21612.4843750 1374.8178711 0.2124455 
1 494 21598.7617188 1373.6870117 0.2128079 
1 495 21587.5605469 1372.7707520 0.2129343 
1 496 21578.4882812 1371.6477051 0.2129843 
1 497 21573.3710938 1370.7512207 0.2128609 
1 498 21571.0917969 1369.6040039 0.2129195 
1 499 21571.9765625 1368.7951660 0.2129115 
1 500 21573.2226562 1367.6507568 0.2130559 
1 501 21573.2597656 1367.6636963 0.2130483 
1 502 21576.0429688 1366.6635742 0.2129498 
1 503 21579.8046875 1366.3359375 0.2129048 
1 504 21584.9003906 1366.6774902 0.2127826 
1 505 21590.0781250 1366.9561768 0.2127290 
1 506 21596.4863281 1367.5856934 0.2125578 
1 507 21603.4375000 1367.9693604 0.2124510 
1 508 21610.4687500 1368.4694824 0.2123403 
1 509 21616.9296875 1368.8305664 0.2122415 
1 510 21624.5312500 1369.5759277 0.2121988 
1 511 21632.2617188 1370.3479004 0.2122700 
1 512 21640.1542969 1371.1376953 0.2123400 
1 513 21648.7714844 1372.3851318 0.2123909 
1 514 21658.5390625 1373.9556885 0.2123902 
1 515 21669.8906250 1376.1938477 0.2122442 
1 516 21682.1093750 1379.3784180 0.2121022 
1 517 21694.9394531 1383.0568848 0.2119556 
1 518 21707.8417969 1387.4987793 0.2117418 
1 519 21720.3554688 1392.1856689 0.2115347 
1 520 21732.9375000 1397.3552246 0.2112346 
1 521 21744.4453125 1402.1452637 0.2110607 
1 522 21755.5644531 1407.2812500 0.2108223 
1 523 21764.8613281 1412.4694824 0.2107535 
1 524 21773.2382812 1418.5711670 0.2107332 
1 525 21781.7207031 1425.7415771 0.2104633 
1 526 21781.7226562 1425.7415771 0.2104626 
1 527 21788.7695312 1432.9967041 0.2103574 
1 528 21794.1289062 1440.2302246 0.2104734 
1 529 21800.5820312 1448.4086914 0.2103044 
1 530 21806.6679688 1457.0878906 0.2099944 
1 531 21811.4355469 1464.2502441 0.2097072 
1 532 21814.1054688 1470.0360107 0.2094830 
1 533 21813.7109375 1473.2546387 0.2094627 
1 534 21813.2070312 1474.7507324 0.2094501 
1 535 21812.5898438 1475.1640625 0.2093993 
1 536 21810.9101562 1474.9582520 0.2094126 
1 537 21809.9648438 1475.1771240 0.2094296 
1 538 21810.1054688 1475.9357910 0.2094498 
1 539 21810.9414062 1479.4481201 0.2095475 
1 540 21812.1191406 1486.5338135 0.2096781 
1 541 21813.4531250 1497.0798340 0.2098274 
1 542 21815.6933594 1510.2947998 0.2099705 
1 543 21817.8398438 1525.1214600 0.2100838 
1 544 21820.5976562 1538.9829102 0.2100605 
1 545 21824.7617188 1552.0581055 0.2100410 
1 546 21829.8457031 1565.8024902 0.2099939 
1 547 21832.4042969 1579.8459473 0.2100747 
1 548 21834.0195312 1594.4768066 0.2099539 
1 549 21833.6171875 1609.2004395 0.2099716 
1 550 21832.5957031 1623.2695312 0.2100534 
1 551 21832.5957031 1623.2695312 0.2100534 
1 552 21831.4160156 1637.3483887 0.2101820 
1 553 21829.9199219 1651.9371338 0.2102690 
1 554 21827.4707031 1668.0568848 0.2103296 
1 555 21824.4453125 1684.8597412 0.2103799 
1 556 21820.9160156 1701.8474121 0.2103446 
1 557 21816.4667969 1719.4492188 0.2102218 
1 558 21811.4726562 1736.7629395 0.2099673 
1 559 21802.5742188 1752.4301758 0.2104582 
1 560 21794.8710938 1768.0563965 0.2103041 
1 561 21785.3828125 1783.1318359 0.2101763 
1 562 21773.9414062 1795.9716797 0.2101615 
1 563 21761.9570312 1807.9921875 0.2101188 
1 564 21751.2324219 1819.2333984 0.2098198 
1 565 21741.2773438 1831.1866455 0.2090311 
1 566 21731.3554688 1841.6582031 0.2082877 
1 567 21722.4316406 1851.6740723 0.2074860 
1 568 21711.6367188 1859.9420166 0.2076809 
1 569 21702.8691406 1868.2790527 0.2075099 
1 570 21694.6171875 1874.9866943 0.2074042 
1 571 21690.0625000 1882.8746338 0.2072593 
1 572 21687.9296875 1891.2562256 0.2066300 
1 573 21682.1679688 1897.5258789 0.2068165 
1 574 21682.2382812 1905.2691650 0.2064966 
1 575 21683.4453125 1914.4040527 0.2060764 
1 576 21683.4453125 1914.4040527 0.2060764 
1 577 21681.0703125 1921.7303467 0.2061340 
1 578 21681.1796875 1928.3038330 0.2059253 
1 579 21678.8574219 1934.8297119 0.2057270 
1 580 21677.0234375 1941.4781494 0.2057299 
1 581 21677.5312500 1948.2780762 0.2056784 
1 582 21678.2519531 1954.4929199 0.2054989 
1 583 21678.8476562 1960.1081543 0.2052245 
1 584 21678.9433594 1961.2106934 0.2051660 
1 585 21680.8125000 1962.4669189 0.2050228 
1 586 21680.5859375 1962.2758789 0.2050052 
1 587 21682.1894531 1962.7487793 0.2048804 
1 588 21681.8515625 1962.9981689 0.2049127 
1 589 21682.2285156 1963.5476074 0.2048669 
1 590 21681.9042969 1963.0034180 0.2049621 
1 591 21682.7128906 1963.4228516 0.2048950 
1 592 21682.5292969 1963.1627197 0.2049121 
1 593 21682.8535156 1963.0944824 0.2049145 
1 594 21682.8007812 1963.0426025 0.2049320 
1 595 21683.1992188 1962.9506836 0.2049071 
1 596 21684.1875000 1962.7050781 0.2048931 
1 597 21684.3203125 1963.1992188 0.2048949 
1 598 21684.7617188 1963.9843750 0.2049044 
1 599 21686.3300781 1965.2541504 0.2049222 
1 600 21687.6386719 1967.5579834 0.2048893 
1 601 21687.6289062 1967.5513916 0.2048887 
1 602 21688.4160156 1969.9497070 0.2048630 
1 603 21690.4472656 1972.5253906 0.2048437 
1 604 21691.0390625 1973.9169922 0.2047604 
1 605 21693.2734375 1975.0471191 0.2047634 
1 606 21695.4902344 1977.3204346 0.2047060 
1 607 21696.6523438 1978.4251709 0.2046196 
1 608 21697.1113281 1978.9112549 0.2046243 
1 609 21696.9062500 1979.0397949 0.2046069 
1 610 21696.7304688 1979.1379395 0.2046390 
1 611 21697.2031250 1979.4870605 0.2046282 
1 612 21699.3515625 1980.2194824 0.2046595 
1 613 21702.4121094 1981.9398193 0.2045737 
1 614 21701.5664062 1981.5219727 0.2045766 
1 615 21703.4941406 1981.2485352 0.2045364 
1 616 21709.7421875 1981.7368164 0.2045911 
1 617 21716.8867188 1982.8582764 0.2045492 
1 618 21721.4531250 1983.6260986 0.2044727 
1 619 21722.3652344 1984.4147949 0.2044200 
1 620 21724.3867188 1984.6961670 0.2043822 
1 621 21727.0937500 1985.0954590 0.2043517 
1 622 21729.2207031 1985.3884277 0.2043330 
1 623 21731.8281250 1986.0792236 0.2042434 
1 624 21733.8359375 1987.5637207 0.2041810 
1 625 21734.7285156 1988.8364258 0.2040839 
1 626 21734.7285156 1988.8364258 0.2040839 
1 627 21734.4570312 1989.1506348 0.2040547 
1 628 21734.0917969 1989.1171875 0.2040652 
1 629 21733.6894531 1989.0109863 0.2040562 
1 630 21733.0312500 1988.9653320 0.2040676 
1 631 21733.6308594 1988.9511719 0.2040924 
1 632 21734.4707031 1989.2741699 0.2041069 
1 633 21735.1835938 1989.5236816 0.2041061 
1 634 21735.5585938 1989.7734375 0.2041062 
1 635 21736.1621094 1989.5466309 0.2040888 
1 636 21735.6464844 1988.7279053 0.2040797 
1 637 21735.3398438 1987.0953369 0.2040992 
1 638 21735.2714844 1984.5538330 0.2041300 
1 639 21735.1152344 1981.1147461 0.2041608 
1 640 21735.6035156 1976.3491211 0.2041853 
1 641 21735.3242188 1970.7788086 0.2042666 
1 642 21734.7187500 1963.4600830 0.2043993 
1 643 21733.1601562 1957.4426270 0.2045437 
1 644 21732.6289062 1950.7878418 0.2046093 
1 645 21731.9628906 1943.4636230 0.2047572 
1 646 21731.5195312 1937.1196289 0.2048336 
1 647 21731.6816406 1930.4322510 0.2048367 
1 648 21731.9296875 1924.5910645 0.2048078 
1 649 21731.4921875 1917.6931152 0.2048501 
1 650 21731.2695312 1911.1584473 0.2048662 
1 651 21731.3281250 1911.1894531 0.2048551 
1 652 21730.9335938 1905.0107422 0.2049511 
1 653 21731.0742188 1898.3779297 0.2050487 
1 654 21730.9257812 1891.8591309 0.2050712 
1 655 21731.1718750 1884.8034668 0.2051105 
1 656 21731.0000000 1878.6339111 0.2051716 
1 657 21730.8964844 1873.3203125 0.2052747 
1 658 21730.5292969 1869.2413330 0.2052800 
1 659 21729.2500000 1864.7583008 0.2053056 
1 660 21728.4804688 1861.3056641 0.2053111 
1 661 21728.0625000 1858.0397949 0.2052412 
1 662 21727.0742188 1855.0267334 0.2052742 
1 663 21724.4179688 1852.2242432 0.2053131 
1 664 21721.4550781 1849.9765625 0.2053952 
1 665 21718.5058594 1848.1123047 0.2054264 
1 666 21715.4062500 1846.5698242 0.2053977 
1 667 21712.0703125 1845.6528320 0.2054240 
1 668 21708.4667969 1844.4235840 0.2054188 
1 669 21703.2402344 1843.5145264 0.2055441 
1 670 21698.0957031 1843.0340576 0.2056239 
1 671 21695.0878906 1842.4707031 0.2056471 
1 672 21693.7519531 1842.2353516 0.2056839 
1 673 21692.9843750 1842.1464844 0.2056877 
1 674 21693.1621094 1841.9025879 0.2056823 
1 675 21693.5742188 1841.0954590 0.2057054 
1 676 21693.5742188 1841.0954590 0.2057054 
1 677 21694.1601562 1839.8645020 0.2056046 
1 678 21695.0097656 1836.8823242 0.2054194 
1 679 21695.4726562 1831.4682617 0.2053681 
1 680 21696.1406250 1823.8977051 0.2053381 
1 681 21697.6152344 1815.2550049 0.2052396 
1 682 21699.0019531 1806.0932617 0.2051709 
1 683 21701.2070312 1795.8493652 0.2049742 
1 684 21703.9101562 1784.1667480 0.2045724 
1 685 21705.1367188 1769.2727051 0.2043326 
1 686 21706.2968750 1754.0307617 0.2041725 
1 687 21708.1562500 1739.3615723 0.2039369 
1 688 21710.1015625 1723.7612305 0.2037447 
1 689 21711.4531250 1709.6629639 0.2037150 
1 690 21714.3046875 1695.1040039 0.2034814 
1 691 21717.3515625 1679.6049805 0.2032320 
1 692 21718.9101562 1663.8050537 0.2032166 
1 693 21720.4726562 1648.9177246 0.2032274 
1 694 21722.8554688 1635.1467285 0.2031018 
1 695 21727.0898438 1622.1938477 0.2028750 
1 696 21730.8085938 1609.6888428 0.2027314 
1 697 21734.3476562 1598.5683594 0.2026024 
1 698 21738.5195312 1588.4907227 0.2023467 
1 699 21742.2851562 1577.9836426 0.2020292 
1 700 21748.0878906 1567.9770508 0.2012607 
1 701 21748.0878906 1567.9770508 0.2012607 
1 702 21750.6035156 1557.5954590 0.2011092 
1 703 21752.2773438 1547.6882324 0.2009267 
1 704 21753.5175781 1538.9538574 0.2007427 
1 705 21753.9882812 1531.7038574 0.2006416 
1 706 21754.9316406 1525.5527344 0.2005104 
1 707 21755.5937500 1521.2127686 0.2003882 
1 708 21756.0253906 1518.1027832 0.2003655 
1 709 21756.6054688 1515.5954590 0.2003311 
1 710 21757.2246094 1513.9385986 0.2003039 
1 711 21757.9492188 1512.0544434 0.2002749 
1 712 21758.4277344 1509.8203125 0.2002409 
1 713 21758.7382812 1506.9887695 0.2001755 
1 714 21758.9140625 1503.2395020 0.2001049 
1 715 21759.0019531 1499.2597656 0.2000796 
1 716 21758.5078125 1496.6127930 0.2000637 
1 717 21757.9472656 1493.8238525 0.2000480 
1 718 21756.7597656 1490.8385010 0.2000000 
1 719 21754.0820312 1489.0725098 0.2000038 
1 719 21754.0820312 1489.0725098 0.2000038 
