1 2 35365.7656250 3628.0458984 0.2203444 
1 3 35362.6250000 3624.6665039 0.2187425 
1 4 35359.4882812 3622.2832031 0.2186469 
1 5 35356.9296875 3619.3964844 0.2185667 
1 6 35354.5429688 3616.3320312 0.2185325 
1 7 35351.9179688 3613.9807129 0.2185173 
1 8 35350.0039062 3611.1440430 0.2185216 
1 9 35348.3906250 3609.2055664 0.2169551 
1 10 35345.5898438 3606.6921387 0.2169539 
1 11 35343.0976562 3603.6469727 0.2169091 
1 12 35340.7109375 3600.1828613 0.2168658 
1 13 35338.5234375 3597.8852539 0.2168029 
1 14 35336.9140625 3595.7783203 0.2167334 
1 15 35335.1406250 3593.2407227 0.2166273 
1 16 35333.5703125 3590.8701172 0.2165085 
1 17 35331.9179688 3588.5698242 0.2164773 
1 18 35330.6328125 3587.1845703 0.2164504 
1 19 35328.6250000 3585.3862305 0.2164006 
1 20 35326.5703125 3582.7885742 0.2163869 
1 21 35325.2617188 3579.5415039 0.2162605 
1 22 35324.3515625 3574.5566406 0.2161156 
1 23 35323.2734375 3570.0217285 0.2159950 
1 24 35321.6562500 3564.9799805 0.2158539 
1 25 35320.0039062 3560.0000000 0.2157737 
1 26 35320.0000000 3559.9956055 0.2157728 
1 27 35319.0664062 3556.2309570 0.2157491 
1 28 35318.1640625 3553.1179199 0.2157259 
1 29 35316.9375000 3550.1906738 0.2157507 
1 30 35315.8867188 3547.4399414 0.2157463 
1 31 35314.3671875 3545.2756348 0.2158384 
1 32 35313.0898438 3543.2075195 0.2158705 
1 33 35312.3359375 3541.4443359 0.2159227 
1 34 35311.0976562 3539.6865234 0.2160413 
1 35 35310.0625000 3538.0390625 0.2161707 
1 36 35309.3125000 3536.8164062 0.2162929 
1 37 35308.5000000 3535.7607422 0.2163834 
1 38 35307.6601562 3534.6657715 0.2165106 
1 39 35306.5000000 3533.6132812 0.2167032 
1 40 35305.5117188 3532.4599609 0.2168900 
1 41 35305.1523438 3531.7580566 0.2171041 
1 42 35304.8085938 3530.8422852 0.2172548 
1 43 35304.6953125 3530.3437500 0.2172714 
1 44 35304.8437500 3530.0180664 0.2173041 
1 45 35305.2226562 3529.4191895 0.2173193 
1 46 35305.9804688 3528.9145508 0.2173049 
1 47 35307.4179688 3528.3002930 0.2172631 
1 48 35309.4492188 3528.0952148 0.2172648 
1 49 35310.7343750 3528.1079102 0.2172028 
1 50 35311.6484375 3527.6997070 0.2172134 
1 51 35311.6601562 3527.7109375 0.2172098 
1 52 35312.5546875 3527.7905273 0.2171311 
1 53 35312.8437500 3527.0837402 0.2170080 
1 54 35313.4140625 3526.9628906 0.2168616 
1 55 35313.9375000 3526.6250000 0.2166454 
1 56 35314.4257812 3526.5761719 0.2164687 
1 57 35314.5507812 3527.0952148 0.2162638 
1 58 35314.5390625 3527.9228516 0.2159207 
1 59 35314.1640625 3529.3715820 0.2155701 
1 60 35314.0273438 3529.7900391 0.2153182 
1 61 35314.1523438 3529.6389160 0.2152008 
1 62 35314.0078125 3530.1694336 0.2150165 
1 63 35313.7578125 3530.5488281 0.2148240 
1 64 35313.6718750 3530.7663574 0.2148264 
1 65 35313.6679688 3530.9199219 0.2148269 
1 66 35313.7148438 3530.8999023 0.2148090 
1 67 35313.8320312 3530.9355469 0.2147944 
1 68 35313.6796875 3531.4611816 0.2148057 
1 69 35313.4882812 3531.7397461 0.2148191 
1 70 35312.8281250 3531.7910156 0.2149833 
1 71 35312.3906250 3531.8920898 0.2151973 
1 72 35311.8515625 3532.2558594 0.2152490 
1 73 35311.1679688 3532.3754883 0.2154432 
1 74 35311.0000000 3532.7902832 0.2155861 
1 75 35310.4648438 3534.0703125 0.2156774 
1 76 35310.4648438 3534.0712891 0.2156756 
1 77 35309.7812500 3534.7084961 0.2156690 
1 78 35309.7500000 3535.8337402 0.2156852 
1 79 35309.6210938 3536.8190918 0.2156725 
1 80 35309.4882812 3537.7045898 0.2156902 
1 81 35309.2812500 3538.9162598 0.2157155 
1 82 35308.4882812 3540.2834473 0.2156988 
1 83 35307.7734375 3541.4211426 0.2157061 
1 84 35307.1992188 3542.6220703 0.2156831 
1 85 35306.5820312 3543.7167969 0.2157203 
1 86 35306.1015625 3545.0915527 0.2157350 
1 87 35305.6132812 3546.7119141 0.2157108 
1 88 35304.5468750 3548.4572754 0.2156610 
1 89 35303.7382812 3549.8032227 0.2156435 
1 90 35303.6406250 3550.9543457 0.2155641 
1 91 35303.6367188 3551.8625488 0.2154676 
1 92 35303.9687500 3553.0432129 0.2153527 
1 93 35303.9218750 3554.3427734 0.2151429 
1 94 35303.5078125 3555.2158203 0.2151566 
1 95 35303.0742188 3556.0876465 0.2149716 
1 96 35302.6875000 3556.4389648 0.2149066 
1 97 35302.4375000 3556.8088379 0.2148664 
1 98 35302.0312500 3557.2119141 0.2148315 
1 99 35301.3398438 3557.5817871 0.2148100 
1 100 35300.1992188 3557.8078613 0.2148214 
1 101 35300.1992188 3557.8061523 0.2148209 
1 102 35299.1992188 3557.9099121 0.2148071 
1 103 35298.5117188 3558.2558594 0.2147851 
1 104 35297.4804688 3558.3054199 0.2147756 
1 105 35296.4843750 3558.5134277 0.2147777 
1 106 35295.5664062 3558.6772461 0.2147946 
1 107 35294.3085938 3558.6096191 0.2148070 
1 108 35293.0156250 3558.6606445 0.2148205 
1 109 35291.7109375 3558.8034668 0.2148340 
1 110 35290.6406250 3558.9555664 0.2148810 
1 111 35289.8750000 3559.3442383 0.2149116 
1 112 35289.1953125 3559.6767578 0.2149333 
1 113 35288.6953125 3559.8701172 0.2149842 
1 114 35288.5234375 3560.3359375 0.2150156 
1 115 35288.1953125 3560.8061523 0.2150448 
1 116 35287.7460938 3561.9067383 0.2150492 
1 117 35287.1054688 3562.9072266 0.2150386 
1 118 35285.8750000 3563.5402832 0.2150347 
1 119 35284.6953125 3564.1806641 0.2149684 
1 120 35283.4609375 3564.2294922 0.2150230 
1 121 35282.4687500 3564.2141113 0.2150553 
1 122 35281.8164062 3564.3752441 0.2150661 
1 123 35281.0273438 3564.5200195 0.2151053 
1 124 35280.5039062 3564.4965820 0.2151576 
1 125 35279.8984375 3564.3850098 0.2151946 
1 126 35279.8984375 3564.3850098 0.2151946 
1 127 35279.3554688 3564.4421387 0.2153249 
1 128 35279.2343750 3564.4531250 0.2154093 
1 129 35279.1757812 3564.5021973 0.2155121 
1 130 35279.3984375 3564.6169434 0.2155010 
1 131 35279.4843750 3564.7768555 0.2155390 
1 132 35279.1054688 3564.7050781 0.2155450 
1 133 35279.2031250 3564.8806152 0.2155484 
1 134 35279.3007812 3564.9072266 0.2154804 
1 135 35279.2304688 3564.8913574 0.2154114 
1 136 35279.3593750 3565.0195312 0.2153298 
1 137 35279.2460938 3564.7351074 0.2152712 
1 138 35279.4218750 3565.0720215 0.2151740 
1 139 35279.3984375 3564.7644043 0.2150929 
1 140 35279.1445312 3564.9379883 0.2150421 
1 141 35279.2617188 3565.0722656 0.2148882 
1 142 35279.8789062 3565.0888672 0.2147202 
1 143 35280.4726562 3565.0473633 0.2145465 
1 144 35280.9531250 3565.0756836 0.2143351 
1 145 35281.4921875 3564.9338379 0.2142386 
1 146 35281.3828125 3564.8605957 0.2141875 
1 147 35281.8476562 3564.4802246 0.2140069 
1 148 35282.1914062 3564.0698242 0.2138089 
1 149 35282.0585938 3563.1906738 0.2137256 
1 150 35282.6250000 3562.0974121 0.2134767 
1 151 35282.6250000 3562.0974121 0.2134767 
1 152 35283.1093750 3561.1218262 0.2134665 
1 153 35283.0937500 3560.0166016 0.2133670 
1 154 35282.8671875 3559.1250000 0.2133190 
1 155 35282.6601562 3558.2175293 0.2132678 
1 156 35281.8359375 3557.1391602 0.2132210 
1 157 35280.9023438 3555.7871094 0.2132278 
1 158 35279.6757812 3553.7841797 0.2132212 
1 159 35277.9843750 3551.3183594 0.2132746 
1 160 35276.2890625 3548.9821777 0.2132761 
1 161 35274.4531250 3546.9941406 0.2133171 
1 162 35272.4218750 3545.4794922 0.2132992 
1 163 35270.7500000 3544.4895020 0.2132578 
1 164 35269.0156250 3543.7436523 0.2133011 
1 165 35267.5937500 3543.4169922 0.2133429 
1 166 35266.4218750 3542.7832031 0.2134063 
1 167 35265.2968750 3542.1145020 0.2134631 
1 168 35264.0859375 3541.3803711 0.2135115 
1 169 35262.9492188 3540.8330078 0.2135667 
1 170 35261.6093750 3540.0214844 0.2136195 
1 171 35260.0351562 3539.4770508 0.2136803 
1 172 35258.9765625 3538.8747559 0.2137583 
1 173 35258.1679688 3538.3786621 0.2138358 
1 174 35257.4453125 3538.1872559 0.2139084 
1 175 35256.7421875 3537.8984375 0.2139933 
1 176 35256.7539062 3537.9042969 0.2139893 
1 177 35256.1367188 3537.8999023 0.2140761 
1 178 35255.6992188 3537.9421387 0.2141301 
1 179 35255.5078125 3538.0148926 0.2142065 
1 180 35255.6328125 3537.9428711 0.2141962 
1 181 35255.7382812 3537.9116211 0.2141733 
1 182 35255.6835938 3537.9936523 0.2141232 
1 183 35255.8554688 3538.1213379 0.2140878 
1 184 35256.1367188 3538.3166504 0.2140666 
1 185 35256.3085938 3538.4375000 0.2141579 
1 186 35256.7929688 3538.5883789 0.2141166 
1 187 35257.2968750 3538.7058105 0.2141242 
1 188 35258.1406250 3538.9677734 0.2140699 
1 189 35258.7304688 3538.9941406 0.2140025 
1 190 35259.9179688 3539.1882324 0.2139054 
1 191 35261.0117188 3539.4846191 0.2137619 
1 192 35261.5781250 3539.7026367 0.2137800 
1 193 35262.6875000 3539.9255371 0.2136768 
1 194 35263.8828125 3540.2976074 0.2135464 
1 195 35264.9023438 3540.4287109 0.2133370 
1 196 35264.3828125 3540.7399902 0.2133994 
1 197 35264.0859375 3540.3803711 0.2133642 
1 198 35264.2539062 3540.1379395 0.2132979 
1 199 35264.3750000 3539.9440918 0.2132513 
1 200 35264.1171875 3539.5815430 0.2133071 
1 201 35264.1132812 3539.5834961 0.2132986 
1 202 35264.0937500 3539.2661133 0.2133075 
1 203 35263.8867188 3538.9248047 0.2134070 
1 204 35263.7460938 3538.2792969 0.2136855 
1 205 35262.9453125 3538.6828613 0.2138350 
1 206 35260.2304688 3540.4650879 0.2140008 
1 207 35258.2187500 3541.9335938 0.2140539 
1 208 35258.1210938 3541.9338379 0.2141135 
1 209 35257.6718750 3542.0766602 0.2142203 
1 210 35257.6562500 3542.2539062 0.2141227 
1 211 35255.9140625 3541.2795410 0.2153132 
1 212 35255.7070312 3541.2124023 0.2154201 
1 213 35255.5820312 3540.8508301 0.2155152 
1 214 35255.6093750 3541.8930664 0.2155052 
1 215 35255.6367188 3541.9526367 0.2154776 
1 216 35255.4257812 3542.0310059 0.2155925 
1 217 35255.4062500 3542.0659180 0.2154364 
1 218 35255.0546875 3541.7211914 0.2155345 
1 219 35254.6992188 3541.2553711 0.2156781 
1 220 35254.9687500 3541.6230469 0.2152722 
1 221 35254.6406250 3541.3586426 0.2153196 
1 222 35254.4570312 3540.9785156 0.2155555 
1 223 35254.0195312 3540.8327637 0.2156613 
1 224 35253.5312500 3540.8059082 0.2157481 
1 225 35253.0429688 3540.8557129 0.2158493 
1 226 35253.0429688 3540.8483887 0.2158465 
1 227 35252.4882812 3540.9226074 0.2160053 
1 228 35251.9453125 3540.9233398 0.2161578 
1 229 35252.2578125 3541.2033691 0.2160983 
1 230 35252.3515625 3541.5092773 0.2158977 
1 231 35251.7421875 3541.5917969 0.2160273 
1 232 35251.3476562 3541.6818848 0.2160966 
1 233 35250.9726562 3541.6074219 0.2161249 
1 234 35250.8750000 3541.4560547 0.2161573 
1 235 35250.7890625 3541.1496582 0.2162110 
1 236 35249.8125000 3540.1564941 0.2165295 
1 237 35250.8632812 3540.4599609 0.2164171 
1 238 35251.5976562 3540.9501953 0.2163357 
1 239 35252.6015625 3542.3305664 0.2162349 
1 240 35253.3945312 3544.4089355 0.2162366 
1 241 35254.1679688 3547.9541016 0.2161640 
1 242 35255.1718750 3552.6721191 0.2161248 
1 243 35255.9843750 3558.9794922 0.2160416 
1 244 35256.3242188 3565.0917969 0.2161144 
1 245 35256.4414062 3572.2097168 0.2160579 
1 246 35256.3476562 3579.5168457 0.2159797 
1 247 35256.4531250 3586.7849121 0.2158982 
1 248 35256.5859375 3593.4892578 0.2158100 
1 249 35257.2500000 3600.3723145 0.2157649 
1 250 35257.8085938 3607.0820312 0.2157114 
1 251 35257.8085938 3607.0820312 0.2157114 
1 252 35258.1054688 3613.4824219 0.2156880 
1 253 35258.1914062 3619.9765625 0.2156729 
1 254 35257.9218750 3626.4025879 0.2156082 
1 255 35257.4960938 3632.7739258 0.2155698 
1 256 35257.1250000 3639.1416016 0.2155560 
1 257 35256.8789062 3645.9038086 0.2154530 
1 258 35256.4570312 3652.6850586 0.2154027 
1 259 35256.0117188 3659.6667480 0.2153519 
1 260 35255.1093750 3666.1914062 0.2153328 
1 261 35253.8710938 3672.4440918 0.2152668 
1 262 35252.7851562 3679.5339355 0.2152590 
1 263 35250.8398438 3686.9006348 0.2152681 
1 264 35248.3007812 3694.3613281 0.2154787 
1 265 35245.3554688 3701.8999023 0.2155652 
1 266 35242.0234375 3709.5107422 0.2156397 
1 267 35238.0585938 3716.8193359 0.2156858 
1 268 35234.0312500 3724.2211914 0.2157257 
1 269 35229.8320312 3732.1359863 0.2158838 
1 270 35225.2031250 3738.9489746 0.2158955 
1 271 35220.6953125 3744.6250000 0.2159935 
1 272 35216.3437500 3749.6506348 0.2160742 
1 273 35211.9335938 3753.2705078 0.2160520 
1 274 35207.8398438 3756.4406738 0.2159628 
1 275 35204.3437500 3758.5493164 0.2160054 
1 276 35204.3437500 3758.5493164 0.2160054 
1 277 35200.6875000 3759.6005859 0.2160466 
1 278 35197.4453125 3760.0156250 0.2159383 
1 279 35194.4570312 3759.8745117 0.2159108 
1 280 35192.1328125 3759.7141113 0.2159020 
1 281 35189.8164062 3759.5571289 0.2159303 
1 282 35187.7695312 3759.4309082 0.2159664 
1 283 35185.7265625 3759.3867188 0.2159809 
1 284 35183.6328125 3759.5290527 0.2160077 
1 285 35180.9062500 3759.4721680 0.2159852 
1 286 35178.1250000 3759.6635742 0.2159109 
1 287 35175.9375000 3759.3823242 0.2158968 
1 288 35174.5468750 3759.2128906 0.2159293 
1 289 35173.6914062 3758.7404785 0.2159271 
1 290 35172.3242188 3757.5600586 0.2159415 
1 291 35171.1953125 3756.2819824 0.2159596 
1 292 35169.9804688 3754.9353027 0.2159985 
1 293 35168.7500000 3753.7333984 0.2159758 
1 294 35167.8476562 3752.2424316 0.2159547 
1 295 35166.9453125 3750.4357910 0.2161251 
1 296 35166.5585938 3748.6704102 0.2161791 
1 297 35166.0546875 3746.0695801 0.2159880 
1 298 35166.0507812 3742.7414551 0.2159333 
1 299 35165.8515625 3739.8652344 0.2158560 
1 300 35165.4570312 3736.6020508 0.2157660 
1 301 35165.4570312 3736.6020508 0.2157603 
1 302 35165.1406250 3733.1264648 0.2157464 
1 303 35164.8789062 3729.9294434 0.2156750 
1 304 35164.6171875 3726.6396484 0.2156072 
1 305 35164.6406250 3724.2941895 0.2155483 
1 306 35164.5351562 3721.9821777 0.2154915 
1 307 35164.5507812 3719.9228516 0.2154540 
1 308 35164.5156250 3717.7451172 0.2154178 
1 309 35164.2812500 3715.4804688 0.2154086 
1 310 35164.2812500 3713.1723633 0.2154037 
1 311 35164.0078125 3711.3344727 0.2154204 
1 312 35163.6484375 3709.3095703 0.2154582 
1 313 35163.1992188 3706.8901367 0.2154937 
1 314 35162.8593750 3704.7802734 0.2155026 
1 315 35162.3750000 3702.7414551 0.2156358 
1 316 35161.9492188 3700.9533691 0.2157121 
1 317 35161.8789062 3699.0649414 0.2157183 
1 318 35161.5312500 3697.8046875 0.2157992 
1 319 35161.2343750 3696.3476562 0.2158899 
1 320 35161.0859375 3695.1965332 0.2159373 
1 321 35163.0507812 3692.0349121 0.2154265 
1 322 35162.8046875 3690.1989746 0.2151756 
1 323 35161.6601562 3690.1721191 0.2152127 
1 324 35161.3007812 3689.4448242 0.2154649 
1 325 35160.7109375 3688.4477539 0.2157483 
1 326 35160.7109375 3688.4477539 0.2157483 
1 327 35160.5117188 3687.8054199 0.2158284 
1 328 35160.1875000 3686.8007812 0.2159305 
1 329 35160.0546875 3685.9106445 0.2158767 
1 330 35161.1093750 3685.0976562 0.2158355 
1 331 35161.3125000 3684.2238770 0.2159223 
1 332 35161.7929688 3683.5109863 0.2159057 
1 333 35162.2773438 3682.7719727 0.2159863 
1 334 35162.9960938 3682.1357422 0.2160149 
1 335 35163.7656250 3681.6333008 0.2160307 
1 336 35164.6796875 3681.2023926 0.2160467 
1 337 35165.6679688 3680.9768066 0.2160675 
1 338 35166.8242188 3680.7421875 0.2160905 
1 339 35168.3671875 3680.5561523 0.2160898 
1 340 35169.9531250 3680.2910156 0.2160893 
1 341 35171.4531250 3680.1308594 0.2160744 
1 342 35173.0703125 3679.9716797 0.2160336 
1 343 35175.5820312 3680.2756348 0.2159400 
1 344 35177.6093750 3680.4560547 0.2158378 
1 345 35180.3437500 3681.2280273 0.2156570 
1 346 35182.8906250 3681.5744629 0.2156037 
1 347 35185.6484375 3681.5537109 0.2155372 
1 348 35187.9648438 3681.7810059 0.2154973 
1 349 35190.4453125 3682.6552734 0.2153859 
1 350 35192.2617188 3683.0932617 0.2152800 
1 351 35192.2656250 3683.0991211 0.2152830 
1 352 35193.9687500 3683.4045410 0.2152660 
1 353 35195.5546875 3683.4370117 0.2152398 
1 354 35197.2500000 3683.5029297 0.2152660 
1 355 35199.0664062 3683.6059570 0.2153054 
1 356 35201.5585938 3683.7363281 0.2153132 
1 357 35204.5156250 3683.7177734 0.2153208 
1 358 35207.6210938 3683.6757812 0.2152889 
1 359 35211.0078125 3683.6938477 0.2153040 
1 360 35214.7109375 3683.6667480 0.2154076 
1 361 35218.8320312 3683.7429199 0.2154841 
1 362 35223.0078125 3683.7268066 0.2155226 
1 363 35226.9375000 3683.7307129 0.2155864 
1 364 35231.2734375 3683.5593262 0.2155873 
1 365 35234.9648438 3683.4265137 0.2155621 
1 366 35237.7929688 3683.1406250 0.2154053 
1 367 35240.2421875 3683.0869141 0.2153668 
1 368 35242.8281250 3682.8969727 0.2152728 
1 369 35245.1328125 3682.4174805 0.2152444 
1 370 35248.0468750 3682.1889648 0.2152216 
1 371 35251.0078125 3681.8430176 0.2151508 
1 372 35253.7304688 3681.4255371 0.2151397 
1 373 35256.3242188 3681.1103516 0.2151109 
1 374 35258.8906250 3680.9763184 0.2150743 
1 375 35261.4570312 3680.6757812 0.2150838 
1 376 35261.4570312 3680.6757812 0.2150838 
1 377 35264.3359375 3680.4580078 0.2150185 
1 378 35267.2578125 3680.0512695 0.2150009 
1 379 35270.0976562 3679.5773926 0.2150005 
1 380 35272.9843750 3679.1433105 0.2149725 
1 381 35276.1953125 3678.7951660 0.2149932 
1 382 35279.6171875 3678.1931152 0.2149029 
1 383 35283.0039062 3677.6997070 0.2149124 
1 384 35286.6875000 3677.1083984 0.2149267 
1 385 35290.4062500 3676.6457520 0.2149594 
1 386 35294.2851562 3676.3554688 0.2150471 
1 387 35298.0000000 3675.9804688 0.2151152 
1 388 35302.2382812 3675.7556152 0.2150755 
1 389 35306.5859375 3675.6262207 0.2150423 
1 390 35310.6210938 3675.3884277 0.2149831 
1 391 35314.5507812 3675.0842285 0.2149980 
1 392 35318.1992188 3675.5471191 0.2146944 
1 393 35321.2734375 3675.3298340 0.2145649 
1 394 35323.7421875 3676.2280273 0.2145730 
1 395 35326.1796875 3676.2241211 0.2146032 
1 396 35328.1328125 3676.2500000 0.2145783 
1 397 35329.5664062 3676.3164062 0.2145844 
1 398 35330.3671875 3676.3659668 0.2145744 
1 399 35330.3203125 3676.3513184 0.2145735 
1 400 35330.2890625 3676.3356934 0.2145884 
1 401 35330.2890625 3676.3356934 0.2145884 
1 402 35330.2773438 3676.2690430 0.2144827 
1 403 35329.9179688 3676.3393555 0.2144615 
1 404 35329.8515625 3676.5539551 0.2144520 
1 405 35329.7539062 3676.4294434 0.2145665 
1 406 35329.8789062 3676.9631348 0.2141212 
1 407 35329.5625000 3677.2226562 0.2140251 
1 408 35328.9257812 3677.2180176 0.2138933 
1 409 35327.7382812 3677.2287598 0.2137862 
1 410 35326.5156250 3677.4257812 0.2137005 
1 411 35325.3125000 3677.6259766 0.2136470 
1 412 35323.7968750 3677.6330566 0.2136063 
1 413 35322.3125000 3677.5693359 0.2135631 
1 414 35321.0585938 3677.4082031 0.2135377 
1 415 35320.1328125 3677.2407227 0.2135270 
1 416 35319.3554688 3676.9726562 0.2135497 
1 417 35318.8515625 3676.8210449 0.2135722 
1 418 35318.3984375 3676.7419434 0.2136202 
1 419 35318.1171875 3676.6574707 0.2136890 
1 420 35317.9375000 3676.6484375 0.2137649 
1 421 35317.5507812 3676.6308594 0.2138401 
1 422 35317.2617188 3676.6318359 0.2139148 
1 423 35317.0000000 3676.6435547 0.2139757 
1 424 35316.6054688 3676.6818848 0.2140172 
1 425 35316.4335938 3676.6147461 0.2140719 
1 426 35316.4335938 3676.6147461 0.2140719 
1 427 35316.3554688 3676.5449219 0.2141240 
1 428 35316.2851562 3676.6281738 0.2141273 
1 429 35316.2187500 3676.7214355 0.2141382 
1 430 35316.1484375 3676.8493652 0.2141036 
1 431 35316.2656250 3677.0095215 0.2141426 
1 432 35316.5429688 3677.2314453 0.2141059 
1 433 35316.6328125 3677.4196777 0.2141271 
1 434 35316.6835938 3677.6486816 0.2141227 
1 435 35316.4960938 3677.5661621 0.2141164 
1 436 35316.4531250 3677.6157227 0.2140761 
1 437 35317.7226562 3678.0505371 0.2136628 
1 438 35318.0117188 3678.1667480 0.2135585 
1 439 35318.3515625 3678.3422852 0.2134967 
1 440 35317.7304688 3678.0258789 0.2134468 
1 441 35317.8164062 3678.0615234 0.2133848 
1 442 35318.0781250 3678.2089844 0.2132998 
1 443 35318.4296875 3678.1237793 0.2134176 
1 444 35318.2304688 3678.0959473 0.2134409 
1 445 35318.2421875 3678.0507812 0.2134494 
1 446 35318.0781250 3677.6967773 0.2134229 
1 447 35318.0664062 3677.7211914 0.2134405 
1 448 35317.7812500 3677.5395508 0.2134483 
1 449 35317.5742188 3677.0021973 0.2135561 
1 450 35317.7460938 3676.6513672 0.2135609 
1 451 35317.7109375 3676.6088867 0.2135672 
1 452 35317.5234375 3675.9296875 0.2136117 
1 453 35317.6250000 3675.4404297 0.2136409 
1 454 35317.5468750 3674.6254883 0.2136713 
1 455 35317.8906250 3673.8315430 0.2136617 
1 456 35318.3750000 3673.3193359 0.2136816 
1 457 35318.9101562 3672.8188477 0.2136946 
1 458 35319.2812500 3672.2919922 0.2136976 
1 459 35319.8085938 3671.7338867 0.2136909 
1 460 35320.2656250 3671.1538086 0.2136860 
1 461 35320.6015625 3670.6064453 0.2136896 
1 462 35320.4375000 3669.9240723 0.2137036 
1 463 35320.5898438 3669.4135742 0.2136989 
1 464 35320.6093750 3668.7089844 0.2136853 
1 465 35320.4609375 3667.7216797 0.2136878 
1 466 35320.4257812 3667.0009766 0.2136400 
1 467 35320.1015625 3665.8754883 0.2135798 
1 468 35320.2382812 3665.2856445 0.2135057 
1 469 35319.9921875 3664.7116699 0.2133995 
1 470 35319.7070312 3664.1354980 0.2132599 
1 471 35319.1562500 3663.6464844 0.2132751 
1 472 35318.3515625 3662.9194336 0.2132864 
1 473 35317.3398438 3662.3605957 0.2132908 
1 474 35315.9179688 3661.7124023 0.2132641 
1 475 35313.9296875 3661.2050781 0.2132958 
1 476 35313.9296875 3661.2050781 0.2132958 
1 477 35311.5468750 3660.5512695 0.2132134 
1 478 35308.3046875 3660.3063965 0.2132046 
1 479 35304.4687500 3660.1242676 0.2132526 
1 480 35299.8437500 3660.0598145 0.2132166 
1 481 35294.3164062 3660.0507812 0.2132325 
1 482 35287.1015625 3659.9733887 0.2131694 
1 483 35277.8671875 3659.8627930 0.2130753 
1 484 35267.7968750 3659.8903809 0.2129926 
1 485 35256.9882812 3659.8825684 0.2128173 
1 486 35245.3085938 3659.7368164 0.2128178 
1 487 35233.6953125 3659.6596680 0.2127181 
1 488 35222.1484375 3659.5478516 0.2127050 
1 489 35210.1992188 3659.4628906 0.2126273 
1 490 35197.6406250 3659.3041992 0.2127072 
1 491 35184.3554688 3659.1696777 0.2123580 
1 492 35170.7304688 3658.9553223 0.2123909 
1 493 35158.0898438 3658.4738770 0.2124455 
1 494 35145.5273438 3657.9956055 0.2128079 
1 495 35134.7304688 3657.3068848 0.2129343 
1 496 35125.8203125 3656.2739258 0.2129843 
1 497 35120.3085938 3655.1552734 0.2128609 
1 498 35118.2148438 3654.1135254 0.2129195 
1 499 35119.0742188 3653.2905273 0.2129115 
1 500 35120.7851562 3652.4060059 0.2130559 
1 501 35120.7968750 3652.4050293 0.2130483 
1 502 35123.2656250 3651.2277832 0.2129498 
1 503 35126.8828125 3650.8190918 0.2129048 
1 504 35131.5859375 3650.9409180 0.2127826 
1 505 35136.5937500 3651.1230469 0.2127290 
1 506 35142.4531250 3651.4443359 0.2125578 
1 507 35149.0585938 3651.6357422 0.2124510 
1 508 35155.7382812 3651.9365234 0.2123403 
1 509 35161.8789062 3652.1201172 0.2122415 
1 510 35169.3437500 3652.7885742 0.2121988 
1 511 35177.3007812 3653.6887207 0.2122700 
1 512 35185.4218750 3654.6044922 0.2123400 
1 513 35194.2031250 3655.9436035 0.2123909 
1 514 35203.9687500 3657.5126953 0.2123902 
1 515 35214.8476562 3659.4877930 0.2122442 
1 516 35226.6132812 3662.4169922 0.2121022 
1 517 35238.9765625 3665.8315430 0.2119556 
1 518 35251.1914062 3669.8886719 0.2117418 
1 519 35263.0429688 3674.2028809 0.2115347 
1 520 35274.6601562 3678.8325195 0.2112346 
1 521 35285.6132812 3683.3093262 0.2110607 
1 522 35295.9687500 3688.0163574 0.2108223 
1 523 35305.0429688 3693.0808105 0.2107535 
1 524 35313.3554688 3699.1457520 0.2107332 
1 525 35320.9726562 3705.8300781 0.2104633 
1 526 35320.9726562 3705.8286133 0.2104626 
1 527 35327.6796875 3712.8945312 0.2103574 
1 528 35333.4140625 3720.3369141 0.2104734 
1 529 35339.3242188 3728.2109375 0.2103044 
1 530 35344.4179688 3736.3320312 0.2099944 
1 531 35348.2656250 3742.9775391 0.2097072 
1 532 35350.2187500 3748.3598633 0.2094830 
1 533 35349.7578125 3751.5419922 0.2094627 
1 534 35349.2109375 3753.0153809 0.2094501 
1 535 35348.4335938 3753.3371582 0.2093993 
1 536 35346.7929688 3753.1555176 0.2094126 
1 537 35345.9023438 3753.4052734 0.2094296 
1 538 35346.1093750 3754.2001953 0.2094498 
1 539 35347.2578125 3757.8881836 0.2095475 
1 540 35348.8554688 3765.2087402 0.2096781 
1 541 35350.6679688 3776.0231934 0.2098274 
1 542 35353.3671875 3789.4960938 0.2099705 
1 543 35355.8750000 3804.5268555 0.2100838 
1 544 35358.5585938 3818.3466797 0.2100605 
1 545 35362.6601562 3831.3867188 0.2100410 
1 546 35367.5937500 3845.0463867 0.2099939 
1 547 35370.4101562 3859.2353516 0.2100747 
1 548 35371.6367188 3873.6486816 0.2099539 
1 549 35371.2929688 3888.4042969 0.2099716 
1 550 35370.5312500 3902.6208496 0.2100534 
1 551 35370.5312500 3902.6208496 0.2100534 
1 552 35369.7656250 3916.9309082 0.2101820 
1 553 35368.5468750 3931.6762695 0.2102690 
1 554 35366.2929688 3947.9052734 0.2103296 
1 555 35363.4296875 3964.7985840 0.2103799 
1 556 35359.7890625 3981.7226562 0.2103446 
1 557 35354.9453125 3999.1035156 0.2102218 
1 558 35349.1328125 4015.9594727 0.2099673 
1 559 35341.8085938 4032.5100098 0.2104582 
1 560 35333.6132812 4047.8588867 0.2103041 
1 561 35323.7148438 4062.7041016 0.2101763 
1 562 35312.2226562 4075.5173340 0.2101615 
1 563 35300.1054688 4087.4609375 0.2101188 
1 564 35288.4218750 4098.1635742 0.2098198 
1 565 35275.9375000 4108.6972656 0.2090311 
1 566 35263.6328125 4117.8310547 0.2082877 
1 567 35252.1406250 4126.4038086 0.2074860 
1 568 35241.9687500 4135.0224609 0.2076809 
1 569 35232.6523438 4143.0522461 0.2075099 
1 570 35224.0664062 4149.5693359 0.2074042 
1 571 35219.0468750 4157.1962891 0.2072593 
1 572 35214.8945312 4164.4453125 0.2066300 
1 573 35209.7304688 4171.0507812 0.2068165 
1 574 35208.7773438 4178.2182617 0.2064966 
1 575 35208.6367188 4186.5966797 0.2060764 
1 576 35208.6367188 4186.5966797 0.2060764 
1 577 35206.4453125 4194.0268555 0.2061340 
1 578 35205.8867188 4200.2250977 0.2059253 
1 579 35202.9296875 4206.3940430 0.2057270 
1 580 35201.1054688 4213.0473633 0.2057299 
1 581 35201.4492188 4219.7548828 0.2056784 
1 582 35201.5937500 4225.6464844 0.2054989 
1 583 35201.3085938 4230.7675781 0.2052245 
1 584 35201.2148438 4231.7646484 0.2051660 
1 585 35202.6250000 4232.7631836 0.2050228 
1 586 35202.3437500 4232.5400391 0.2050052 
1 587 35203.5468750 4232.7885742 0.2048804 
1 588 35203.3125000 4233.0961914 0.2049127 
1 589 35203.5468750 4233.5634766 0.2048669 
1 590 35203.5234375 4233.1904297 0.2049621 
1 591 35204.1171875 4233.4892578 0.2048950 
1 592 35203.9882812 4233.2597656 0.2049121 
1 593 35204.3203125 4233.1958008 0.2049145 
1 594 35204.3242188 4233.1757812 0.2049320 
1 595 35204.6406250 4233.0390625 0.2049071 
1 596 35205.5859375 4232.7680664 0.2048931 
1 597 35205.7265625 4233.2656250 0.2048949 
1 598 35206.1953125 4234.0678711 0.2049044 
1 599 35207.8203125 4235.3696289 0.2049222 
1 600 35209.0273438 4237.6142578 0.2048893 
1 601 35209.0156250 4237.6069336 0.2048887 
1 602 35209.7187500 4239.9589844 0.2048630 
1 603 35211.6875000 4242.4995117 0.2048437 
1 604 35212.0156250 4243.7412109 0.2047604 
1 605 35214.2578125 4244.8769531 0.2047634 
1 606 35216.2929688 4247.0468750 0.2047060 
1 607 35217.1757812 4247.9960938 0.2046196 
1 608 35217.6484375 4248.4907227 0.2046243 
1 609 35217.3867188 4248.5878906 0.2046069 
1 610 35217.3164062 4248.7441406 0.2046390 
1 611 35217.7500000 4249.0732422 0.2046282 
1 612 35220.0000000 4249.8623047 0.2046595 
1 613 35222.7890625 4251.4282227 0.2045737 
1 614 35221.9531250 4251.0156250 0.2045766 
1 615 35223.7500000 4250.6699219 0.2045364 
1 616 35230.1718750 4251.2568359 0.2045911 
1 617 35237.1835938 4252.3027344 0.2045492 
1 618 35241.5039062 4252.9331055 0.2044727 
1 619 35242.2500000 4253.6269531 0.2044200 
1 620 35244.1484375 4253.8403320 0.2043822 
1 621 35246.7578125 4254.1845703 0.2043517 
1 622 35248.8242188 4254.4438477 0.2043330 
1 623 35251.1445312 4254.9736328 0.2042434 
1 624 35252.9531250 4256.3457031 0.2041810 
1 625 35253.5351562 4257.4433594 0.2040839 
1 626 35253.5351562 4257.4433594 0.2040839 
1 627 35253.1718750 4257.7055664 0.2040547 
1 628 35252.8359375 4257.6909180 0.2040652 
1 629 35252.4062500 4257.5683594 0.2040562 
1 630 35251.7851562 4257.5434570 0.2040676 
1 631 35252.4648438 4257.5737305 0.2040924 
1 632 35253.3515625 4257.9228516 0.2041069 
1 633 35254.0585938 4258.1708984 0.2041061 
1 634 35254.4375000 4258.4213867 0.2041062 
1 635 35254.9843750 4258.1630859 0.2040888 
1 636 35254.4375000 4257.3281250 0.2040797 
1 637 35254.1953125 4255.7304688 0.2040992 
1 638 35254.2226562 4253.2446289 0.2041300 
1 639 35254.1679688 4249.8608398 0.2041608 
1 640 35254.7343750 4245.1396484 0.2041853 
1 641 35254.7187500 4239.7153320 0.2042666 
1 642 35254.5351562 4232.6352539 0.2043993 
1 643 35253.4375000 4226.8779297 0.2045437 
1 644 35253.1210938 4220.3413086 0.2046093 
1 645 35252.9257812 4213.2832031 0.2047572 
1 646 35252.7265625 4207.0766602 0.2048336 
1 647 35252.8984375 4200.3950195 0.2048367 
1 648 35253.0546875 4194.5014648 0.2048078 
1 649 35252.7539062 4187.6801758 0.2048501 
1 650 35252.5820312 4181.1743164 0.2048662 
1 651 35252.6054688 4181.1855469 0.2048551 
1 652 35252.5156250 4175.1796875 0.2049511 
1 653 35252.9726562 4168.7226562 0.2050487 
1 654 35252.8945312 4162.2441406 0.2050712 
1 655 35253.2695312 4155.2592773 0.2051105 
1 656 35253.2929688 4149.1997070 0.2051716 
1 657 35253.5195312 4144.0717773 0.2052747 
1 658 35253.1679688 4140.0019531 0.2052800 
1 659 35251.9726562 4135.5654297 0.2053056 
1 660 35251.2187500 4132.1225586 0.2053111 
1 661 35250.5781250 4128.7309570 0.2052412 
1 662 35249.6953125 4125.7773438 0.2052742 
1 663 35247.1640625 4123.0449219 0.2053131 
1 664 35244.4609375 4120.9448242 0.2053952 
1 665 35241.6132812 4119.1367188 0.2054264 
1 666 35238.4218750 4117.5429688 0.2053977 
1 667 35235.1718750 4116.6728516 0.2054240 
1 668 35231.5507812 4115.4340820 0.2054188 
1 669 35226.7265625 4114.7509766 0.2055441 
1 670 35221.8359375 4114.4140625 0.2056239 
1 671 35218.9023438 4113.8925781 0.2056471 
1 672 35217.6875000 4113.7236328 0.2056839 
1 673 35216.9296875 4113.6416016 0.2056877 
1 674 35217.0898438 4113.3876953 0.2056823 
1 675 35217.5781250 4112.6220703 0.2057054 
1 676 35217.5781250 4112.6220703 0.2057054 
1 677 35217.8398438 4111.2094727 0.2056046 
1 678 35218.0937500 4107.8940430 0.2054194 
1 679 35218.3945312 4102.3872070 0.2053681 
1 680 35218.9648438 4094.7631836 0.2053381 
1 681 35220.1250000 4085.9428711 0.2052396 
1 682 35221.2929688 4076.6577148 0.2051709 
1 683 35222.8671875 4066.0595703 0.2049742 
1 684 35224.2812500 4053.6538086 0.2045724 
1 685 35224.7382812 4038.3281250 0.2043326 
1 686 35225.3867188 4022.7978516 0.2041725 
1 687 35226.4921875 4007.7048340 0.2039369 
1 688 35227.8203125 3991.7583008 0.2037447 
1 689 35229.0781250 3977.6064453 0.2037150 
1 690 35231.1796875 3962.6269531 0.2034814 
1 691 35233.4257812 3946.6791992 0.2032320 
1 692 35234.9375000 3930.8515625 0.2032166 
1 693 35236.5312500 3915.9833984 0.2032274 
1 694 35238.5117188 3901.9860840 0.2031018 
1 695 35242.0234375 3888.6252441 0.2028750 
1 696 35245.2773438 3875.8615723 0.2027314 
1 697 35248.4062500 3864.5090332 0.2026024 
1 698 35251.7578125 3853.9711914 0.2023467 
1 699 35254.5078125 3842.8928223 0.2020292 
1 700 35257.8476562 3831.5026855 0.2012607 
1 701 35257.8476562 3831.5026855 0.2012607 
1 702 35259.8750000 3820.8486328 0.2011092 
1 703 35260.9648438 3810.6130371 0.2009267 
1 704 35261.6171875 3801.5476074 0.2007427 
1 705 35261.7617188 3794.1157227 0.2006416 
1 706 35262.2851562 3787.7282715 0.2005104 
1 707 35262.5546875 3783.1684570 0.2003882 
1 708 35262.9140625 3780.0175781 0.2003655 
1 709 35263.3828125 3777.4484863 0.2003311 
1 710 35263.9140625 3775.7426758 0.2003039 
1 711 35264.5468750 3773.8063965 0.2002749 
1 712 35264.9179688 3771.5109863 0.2002409 
1 713 35265.0156250 3768.5620117 0.2001755 
1 714 35264.9648438 3764.6853027 0.2001049 
1 715 35264.9726562 3760.6604004 0.2000796 
1 716 35264.4296875 3757.9846191 0.2000637 
1 717 35263.8203125 3755.1674805 0.2000480 
1 718 35262.4765625 3752.0957031 0.2000000 
1 719 35346.3476562 3650.4492188 0.0366382 
1 719 35346.3476562 3650.4492188 0.0366382 
