15 0 16212.813 2546.2058 0.1703777
15 1 16224.105 2546.4077 0.1703739
15 2 16235.448 2546.6133 0.17037044
15 3 16246.851 2546.8447 0.17036748
15 4 16258.31 2547.0542 0.17036518
15 5 16269.741 2547.2317 0.17036378
15 6 16281.1045 2547.3955 0.17036343
15 7 16292.354 2547.5303 0.17036419
15 8 16303.404 2547.6284 0.17036602
15 9 16314.148 2547.749 0.17036882
15 10 16324.498 2547.8503 0.17037238
15 11 16334.446 2547.9348 0.17037643
15 12 16344.095 2548.0547 0.17038071
15 13 16353.63 2548.1973 0.17038503
15 14 16363.244 2548.3264 0.17038934
15 15 16373.138 2548.4763 0.1703937
15 16 16383.42 2548.6624 0.17039835
15 17 16394.121 2548.866 0.17040351
15 18 16405.2 2549.1062 0.17040935
15 19 16416.572 2549.38 0.17041585
15 20 16428.125 2549.6895 0.17042287
15 21 16439.74 2550.0002 0.17043018
15 22 16451.352 2550.3503 0.1704375
15 23 16462.885 2550.7144 0.17044449
15 24 16474.312 2551.0989 0.17045084
15 25 16485.617 2551.4612 0.17045636
15 26 16496.799 2551.789 0.17046104
15 27 16507.855 2552.082 0.17046516
15 28 16518.791 2552.3237 0.17046912
15 29 16529.604 2552.5366 0.17047341
15 30 16540.3 2552.7188 0.17047839
15 31 16550.885 2552.8696 0.17048423
15 32 16561.348 2553.0042 0.17049101
15 33 16571.658 2553.1062 0.17049861
15 34 16581.758 2553.1953 0.17050679
15 35 16591.6 2553.3018 0.17051524
15 36 16601.207 2553.4402 0.17052363
15 37 16610.715 2553.6145 0.17053178
15 38 16620.275 2553.7886 0.17053966
15 39 16630.133 2554.0098 0.1705473
15 40 16640.457 2554.2646 0.17055471
15 41 16651.36 2554.5583 0.17056176
15 42 16662.875 2554.8994 0.1705682
15 43 16674.982 2555.2966 0.1705738
15 44 16687.625 2555.758 0.17057842
15 45 16700.72 2556.2913 0.17058215
15 46 16714.186 2556.9036 0.17058519
15 47 16727.932 2557.6018 0.17058784
15 48 16741.885 2558.3914 0.17059036
15 49 16755.979 2559.2761 0.170593
15 50 16770.152 2560.2563 0.17059602
15 51 16784.354 2561.33 0.17059967
15 52 16798.52 2562.4922 0.17060407
15 53 16812.615 2563.7344 0.17060916
15 54 16826.605 2565.046 0.17061482
15 55 16840.44 2566.4155 0.1706209
15 56 16854.053 2567.8271 0.1706273
15 57 16867.35 2569.2725 0.17063402
15 58 16880.203 2570.7537 0.17064108
15 59 16892.455 2572.2522 0.17064841
15 60 16903.979 2573.787 0.17065576
15 61 16914.73 2575.3237 0.17066276
15 62 16924.78 2576.822 0.1706691
15 63 16934.275 2578.3577 0.17067452
15 64 16943.393 2579.9475 0.17067893
15 65 16952.287 2581.6228 0.17068225
15 66 16961.068 2583.4065 0.17068449
15 67 16969.814 2585.312 0.17068559
15 68 16978.525 2587.3445 0.17068557
15 69 16987.227 2589.5044 0.17068449
15 70 16995.852 2591.7896 0.17068243
15 71 17004.422 2594.1965 0.17067957
15 72 17012.934 2596.722 0.17067619
15 73 17021.379 2599.3606 0.17067254
15 74 17029.75 2602.1064 0.17066883
15 75 17038.043 2604.9517 0.17066509
15 76 17046.258 2607.8845 0.17066114
15 77 17054.395 2610.8904 0.17065671
15 78 17062.46 2613.9521 0.17065154
15 79 17070.475 2617.0378 0.1706455
15 80 17078.441 2620.162 0.17063875
15 81 17086.385 2623.2988 0.17063163
15 82 17094.277 2626.3787 0.17062461
15 83 17102.227 2629.4043 0.17061815
15 84 17110.072 2632.3433 0.17061262
15 85 17117.766 2635.1633 0.17060833
15 86 17125.234 2637.8403 0.17060547
15 87 17132.465 2640.3699 0.17060408
15 88 17139.51 2642.7732 0.17060408
15 89 17146.459 2645.0872 0.1706052
15 90 17153.385 2647.3494 0.17060715
15 91 17160.385 2649.5947 0.17060964
15 92 17167.447 2651.8386 0.17061241
15 93 17174.578 2654.1 0.17061526
15 94 17181.764 2656.3936 0.17061801
15 95 17188.977 2658.7046 0.17062056
15 96 17196.242 2661.0557 0.17062284
15 97 17203.559 2663.462 0.17062484
15 98 17210.928 2665.9473 0.17062652
15 99 17218.348 2668.5352 0.17062785
15 100 17225.814 2671.2422 0.17062876
15 101 17233.332 2674.0754 0.17062928
15 102 17240.9 2677.0308 0.17062964
15 103 17248.523 2680.0933 0.17063019
15 104 17256.201 2683.2388 0.17063147
15 105 17263.926 2686.4365 0.17063408
15 106 17271.621 2689.6519 0.17063838
15 107 17279.244 2692.8677 0.17064445
15 108 17286.752 2696.0303 0.17065191
15 109 17294.066 2699.0989 0.17066005
15 110 17301.11 2702.0312 0.1706679
15 111 17307.836 2704.791 0.17067455
15 112 17314.266 2707.3604 0.17067923
15 113 17320.488 2709.7446 0.17068152
15 114 17326.64 2711.9685 0.17068139
15 115 17332.838 2714.0645 0.17067908
15 116 17339.176 2716.0625 0.17067507
15 117 17345.707 2717.987 0.17066981
15 118 17352.455 2719.857 0.17066357
15 119 17359.42 2721.6868 0.1706562
15 120 17366.586 2723.4995 0.17064726
15 121 17373.932 2725.2793 0.17063613
15 122 17381.43 2727.0627 0.17062241
15 123 17389.045 2728.8833 0.17060614
15 124 17396.746 2730.747 0.17058785
15 125 17404.512 2732.661 0.1705684
15 126 17412.307 2734.626 0.17054881
15 127 17420.152 2736.638 0.17052992
15 128 17427.945 2738.6719 0.17051232
15 129 17435.66 2740.7454 0.17049624
15 130 17443.326 2742.853 0.17048156
15 131 17450.934 2744.9468 0.17046784
15 132 17458.465 2746.9907 0.17045449
15 133 17465.877 2748.9956 0.17044106
15 134 17473.111 2750.9404 0.17042746
15 135 17480.096 2752.8042 0.17041406
15 136 17486.79 2754.5715 0.17040151
15 137 17493.209 2756.2393 0.17039043
15 138 17499.44 2757.8213 0.1703812
15 139 17505.604 2759.341 0.17037398
15 140 17511.78 2760.8213 0.17036872
15 141 17518.045 2762.2876 0.17036527
15 142 17524.416 2763.758 0.17036341
15 143 17530.873 2765.1926 0.17036276
15 144 17537.365 2766.5732 0.17036292
15 145 17543.916 2767.9163 0.17036349
15 146 17550.459 2769.2114 0.17036419
15 147 17556.945 2770.4568 0.170365
15 148 17563.402 2771.6558 0.17036612
15 149 17569.81 2772.819 0.17036784
15 150 17576.191 2773.952 0.17037044
15 151 17582.625 2775.0515 0.17037399
15 152 17589.111 2776.1343 0.17037815
15 153 17595.623 2777.1968 0.17038219
15 154 17602.188 2778.2434 0.17038512
15 155 17608.805 2779.315 0.17038608
15 156 17615.473 2780.4004 0.17038466
15 157 17622.123 2781.517 0.17038104
15 158 17628.725 2782.6604 0.17037587
15 159 17635.246 2783.7996 0.17036991
15 160 17641.637 2784.8835 0.17036381
15 161 17647.865 2785.9243 0.17035797
15 162 17653.957 2786.9067 0.17035243
15 163 17659.996 2787.8245 0.17034703
15 164 17666.066 2788.677 0.1703416
15 165 17672.303 2789.4668 0.17033602
15 166 17678.773 2790.196 0.17033021
15 167 17685.514 2790.8643 0.17032401
15 168 17692.521 2791.4697 0.1703172
15 169 17699.771 2792.0085 0.1703097
15 170 17707.229 2792.4775 0.17030165
15 171 17714.857 2792.8745 0.1702935
15 172 17722.625 2793.1992 0.17028579
15 173 17730.504 2793.4543 0.17027889
15 174 17738.482 2793.6453 0.17027287
15 175 17746.55 2793.779 0.17026748
15 176 17754.71 2793.8635 0.17026222
15 177 17762.965 2793.9111 0.1702566
15 178 17771.312 2793.928 0.17025034
15 179 17779.746 2793.9111 0.17024349
15 180 17788.254 2793.8618 0.17023645
15 181 17796.793 2793.781 0.17022982
15 182 17805.387 2793.6846 0.17022417
15 183 17813.904 2793.5625 0.17022002
15 184 17822.275 2793.419 0.17021772
15 185 17830.406 2793.2588 0.17021753
15 186 17838.24 2793.1106 0.17021942
15 187 17845.8 2792.956 0.17022304
15 188 17853.188 2792.8389 0.17022769
15 189 17860.549 2792.7415 0.17023252
15 190 17868.027 2792.618 0.17023663
15 191 17875.723 2792.463 0.17023936
15 192 17883.693 2792.2742 0.17024036
15 193 17891.957 2792.069 0.1702398
15 194 17900.504 2791.8306 0.17023829
15 195 17909.322 2791.5608 0.1702366
15 196 17918.396 2791.2627 0.17023546
15 197 17927.713 2790.9883 0.17023522
15 198 17937.258 2790.7446 0.1702359
15 199 17947.008 2790.516 0.1702373
15 200 17956.936 2790.2563 0.17023912
15 201 17967.01 2789.9785 0.1702411
15 202 17977.184 2789.6704 0.17024289
15 203 17987.42 2789.3508 0.17024401
15 204 17997.662 2789.05 0.17024389
15 205 18007.848 2788.7715 0.17024218
15 206 18017.94 2788.5244 0.170239
15 207 18027.883 2788.2673 0.1702351
15 208 18037.602 2787.9922 0.17023146
15 209 18047.0 2787.706 0.17022906
15 210 18055.975 2787.4497 0.17022853
15 211 18064.463 2787.2092 0.17023017
15 212 18072.477 2786.981 0.17023404
15 213 18080.105 2786.7695 0.17023994
15 214 18087.475 2786.5737 0.17024745
15 215 18094.7 2786.3987 0.17025587
15 216 18101.877 2786.2058 0.17026438
15 217 18109.021 2785.9883 0.17027217
15 218 18116.19 2785.7961 0.17027871
15 219 18123.367 2785.5854 0.17028372
15 220 18130.498 2785.3728 0.17028727
15 221 18137.605 2785.1333 0.17028965
15 222 18144.664 2784.8655 0.17029138
15 223 18151.672 2784.6133 0.170293
15 224 18158.629 2784.3623 0.17029499
15 225 18165.564 2784.145 0.17029764
15 226 18172.549 2783.9377 0.17030105
15 227 18179.555 2783.746 0.1703051
15 228 18186.535 2783.5154 0.17030953
15 229 18193.498 2783.2688 0.17031391
15 230 18200.496 2783.0083 0.17031783
15 231 18207.537 2782.7761 0.17032103
15 232 18214.62 2782.534 0.1703235
15 233 18221.709 2782.272 0.1703255
15 234 18228.713 2781.9783 0.17032744
15 235 18235.56 2781.6675 0.17032969
15 236 18242.197 2781.3455 0.17033233
15 237 18248.623 2781.036 0.17033496
15 238 18254.898 2780.7542 0.17033693
15 239 18261.098 2780.486 0.1703375
15 240 18267.275 2780.1882 0.17033619
15 241 18273.455 2779.858 0.17033292
15 242 18279.693 2779.5115 0.17032796
15 243 18285.88 2779.1323 0.17032178
15 244 18291.986 2778.7202 0.17031503
15 245 18297.969 2778.277 0.17030838
15 246 18303.805 2777.836 0.17030239
15 247 18309.488 2777.3633 0.17029743
15 248 18315.031 2776.8564 0.17029364
15 249 18320.453 2776.3 0.17029114
15 250 18325.78 2775.711 0.17029
15 251 18331.031 2775.0798 0.17029022
15 252 18336.223 2774.4011 0.17029163
15 253 18341.36 2773.6719 0.17029388
15 254 18346.438 2772.8901 0.17029648
15 255 18351.45 2772.0537 0.17029889
15 256 18356.38 2771.1597 0.17030065
15 257 18361.219 2770.2048 0.17030133
15 258 18365.94 2769.1907 0.17030065
15 259 18370.512 2768.1301 0.17029858
15 260 18374.902 2767.0325 0.17029549
15 261 18379.084 2765.9158 0.1702922
15 262 18383.064 2764.8042 0.17028986
15 263 18386.885 2763.7266 0.17028967
15 264 18390.621 2762.7056 0.17029245
15 265 18394.334 2761.7192 0.17029837
15 266 18398.145 2760.771 0.17030704
15 267 18402.06 2759.8699 0.17031787
15 268 18406.117 2759.0247 0.17033044
15 269 18410.326 2758.244 0.1703445
15 270 18414.688 2757.533 0.17035985
15 271 18419.2 2756.8933 0.17037617
15 272 18423.855 2756.322 0.17039293
15 273 18428.654 2755.813 0.17040938
15 274 18433.59 2755.3574 0.17042436
15 275 18438.654 2754.9412 0.17043649
15 276 18443.828 2754.5576 0.17044464
15 277 18449.092 2754.2085 0.17044841
15 278 18454.422 2753.8762 0.17044835
15 279 18459.781 2753.5537 0.1704457
15 280 18465.197 2753.2327 0.17044215
15 281 18470.625 2752.951 0.17043984
15 282 18475.996 2752.707 0.17044125
15 283 18481.32 2752.4402 0.17044875
15 284 18486.572 2752.1582 0.17046356
15 285 18491.713 2751.8909 0.17048521
15 286 18496.703 2751.6348 0.1705117
15 287 18501.537 2751.3784 0.17054033
15 288 18506.242 2751.156 0.17056872
15 289 18510.871 2750.9597 0.17059514
15 290 18515.475 2750.75 0.17061865
15 291 18520.154 2750.5234 0.17063902
15 292 18524.887 2750.2656 0.17065689
15 293 18529.674 2749.9805 0.17067365
15 294 18534.488 2749.6792 0.1706911
15 295 18539.36 2749.3484 0.17071062
15 296 18544.28 2749.055 0.17073245
15 297 18549.113 2748.7793 0.1707556
15 298 18553.896 2748.5247 0.17077804
15 299 18558.623 2748.256 0.17079753
15 300 18563.283 2747.96 0.17081212
15 301 18567.863 2747.6536 0.17082052
15 302 18572.342 2747.3704 0.17082223
15 303 18576.701 2747.095 0.17081736
15 304 18580.93 2746.8354 0.1708064
15 305 18585.016 2746.5754 0.17078994
15 306 18588.957 2746.3508 0.17076862
15 307 18592.75 2746.1433 0.17074332
15 308 18596.395 2745.9685 0.17071538
15 309 18599.88 2745.8271 0.1706866
15 310 18603.191 2745.7214 0.17065899
15 311 18606.314 2745.651 0.17063423
15 312 18609.258 2745.5913 0.1706133
15 313 18612.05 2745.526 0.17059642
15 314 18614.744 2745.468 0.17058294
15 315 18617.375 2745.439 0.17057164
15 316 18619.975 2745.4006 0.17056116
15 317 18622.568 2745.38 0.1705505
15 318 18625.22 2745.3918 0.17053925
15 319 18627.852 2745.4033 0.17052765
15 320 18630.404 2745.3896 0.17051631
15 321 18632.9 2745.3364 0.17050564
15 322 18635.316 2745.3035 0.17049557
15 323 18637.64 2745.303 0.17048545
15 324 18639.865 2745.3174 0.17047428
15 325 18641.986 2745.3127 0.17046118
15 326 18644.002 2745.274 0.17044587
15 327 18645.914 2745.2524 0.17042887
15 328 18647.73 2745.2341 0.17041127
15 329 18649.459 2745.179 0.17039421
15 330 18651.11 2745.105 0.1703784
15 331 18652.69 2745.026 0.17036383
15 332 18654.203 2744.9443 0.17034993
15 333 18655.65 2744.841 0.17033601
15 334 18657.03 2744.7212 0.17032167
15 335 18658.33 2744.604 0.17030701
15 336 18659.543 2744.4878 0.17029254
15 337 18660.668 2744.379 0.1702788
15 338 18661.709 2744.263 0.17026602
15 339 18662.674 2744.1787 0.17025387
15 340 18663.574 2744.1106 0.17024156
15 341 18664.412 2744.0164 0.1702281
15 342 18665.188 2743.9358 0.17021284
15 343 18665.896 2743.8406 0.17019604
15 344 18666.535 2743.7373 0.17017908
15 345 18667.096 2743.6365 0.17016424
15 346 18667.576 2743.5674 0.17015402
15 347 18667.973 2743.5142 0.17015043
15 348 18668.293 2743.4722 0.17015441
15 349 18668.543 2743.4473 0.17016543
15 350 18668.734 2743.3972 0.17018151
15 351 18668.896 2743.3374 0.17019936
15 352 18669.004 2743.282 0.17021513
15 353 18669.062 2743.1929 0.17022543
15 354 18669.066 2743.0854 0.17022844
15 355 18669.094 2743.0122 0.17022435
15 356 18669.137 2742.9595 0.17021516
15 357 18669.135 2742.891 0.17020355
15 358 18669.096 2742.859 0.1701918
15 359 18669.041 2742.8662 0.17018116
15 360 18668.98 2742.861 0.17017187
15 361 18668.938 2742.8247 0.17016356
15 362 18668.91 2742.7744 0.1701557
15 363 18668.883 2742.7212 0.17014802
15 364 18668.865 2742.7021 0.1701404
15 365 18668.865 2742.7021 0.17013301
15 366 18668.855 2742.6929 0.17012605
15 367 18668.865 2742.6636 0.17011973
15 368 18668.852 2742.5999 0.17011423
15 369 18668.838 2742.549 0.17010972
15 370 18668.809 2742.497 0.17010644
15 371 18668.771 2742.4814 0.1701047
15 372 18668.738 2742.4824 0.17010477
15 373 18668.713 2742.4863 0.17010684
15 374 18668.713 2742.467 0.17011085
15 375 18668.727 2742.4385 0.17011648
15 376 18668.758 2742.439 0.17012326
15 377 18668.799 2742.4448 0.17013088
15 378 18668.797 2742.4316 0.17013939
15 379 18668.797 2742.4321 0.17014922
15 380 18668.832 2742.4312 0.17016087
15 381 18668.852 2742.457 0.17017446
15 382 18668.855 2742.4868 0.1701894
15 383 18668.865 2742.5198 0.17020442
15 384 18668.889 2742.5193 0.17021812
15 385 18668.914 2742.5427 0.17022945
15 386 18668.988 2742.5698 0.17023791
15 387 18669.053 2742.6182 0.17024365
15 388 18669.11 2742.6655 0.17024712
15 389 18669.154 2742.709 0.17024891
15 390 18669.2 2742.7307 0.17024954
15 391 18669.27 2742.7756 0.17024934
15 392 18669.361 2742.789 0.17024855
15 393 18669.422 2742.835 0.17024739
15 394 18669.47 2742.8625 0.17024615
15 395 18669.553 2742.892 0.17024514
15 396 18669.645 2742.8918 0.17024456
15 397 18669.71 2742.8992 0.17024426
15 398 18669.768 2742.8838 0.17024368
15 399 18669.8 2742.8806 0.17024204
15 400 18669.828 2742.8584 0.17023857
15 401 18669.88 2742.8218 0.17023288
15 402 18669.94 2742.7903 0.17022493
15 403 18669.977 2742.7754 0.17021506
15 404 18670.02 2742.7634 0.17020366
15 405 18670.043 2742.7417 0.17019123
15 406 18670.076 2742.7227 0.17017825
15 407 18670.127 2742.683 0.1701652
15 408 18670.191 2742.6465 0.17015252
15 409 18670.219 2742.6465 0.1701407
15 410 18670.238 2742.6345 0.17013024
15 411 18670.256 2742.5908 0.17012155
15 412 18670.27 2742.5713 0.17011479
15 413 18670.275 2742.5364 0.17010973
15 414 18670.275 2742.5142 0.17010584
15 415 18670.275 2742.5142 0.17010234
15 416 18670.26 2742.4783 0.17009857
15 417 18670.246 2742.4536 0.17009424
15 418 18670.232 2742.398 0.17008935
15 419 18670.232 2742.3066 0.17008418
15 420 18670.18 2742.1797 0.17007901
15 421 18670.13 2742.035 0.1700741
15 422 18670.09 2741.8672 0.17006966
15 423 18670.055 2741.7227 0.17006585
15 424 18670.041 2741.5684 0.17006262
15 425 18670.031 2741.4473 0.17005977
15 426 18669.99 2741.2961 0.17005701
15 427 18669.945 2741.16 0.17005414
15 428 18669.89 2741.06 0.17005104
15 429 18669.854 2740.9905 0.17004779
15 430 18669.836 2740.9363 0.17004447
15 431 18669.832 2740.8809 0.17004114
15 432 18669.785 2740.8066 0.17003796
15 433 18669.732 2740.7415 0.17003524
15 434 18669.703 2740.691 0.17003348
15 435 18669.684 2740.6553 0.1700331
15 436 18669.664 2740.6165 0.17003423
15 437 18669.633 2740.5767 0.17003664
15 438 18669.613 2740.5557 0.17003982
15 439 18669.588 2740.5667 0.17004313
15 440 18669.588 2740.5667 0.17004608
15 441 18669.568 2740.5552 0.17004837
15 442 18669.56 2740.5637 0.17005008
15 443 18669.555 2740.5774 0.17005159
15 444 18669.555 2740.5986 0.17005354
15 445 18669.553 2740.6147 0.1700566
15 446 18669.55 2740.6494 0.17006117
15 447 18669.533 2740.6692 0.1700673
15 448 18669.516 2740.6865 0.1700747
15 449 18669.482 2740.733 0.17008299
15 450 18669.455 2740.7925 0.17009191
15 451 18669.438 2740.8315 0.17010142
15 452 18669.43 2740.8647 0.17011149
15 453 18669.402 2740.875 0.17012198
15 454 18669.373 2740.8994 0.1701325
15 455 18669.336 2740.9517 0.17014255
15 456 18669.309 2740.999 0.17015165
15 457 18669.287 2741.0203 0.17015952
15 458 18669.262 2741.0483 0.17016608
15 459 18669.256 2741.0618 0.17017148
15 460 18669.254 2741.0916 0.17017598
15 461 18669.244 2741.1099 0.17017981
15 462 18669.238 2741.1257 0.170183
15 463 18669.23 2741.116 0.1701854
15 464 18669.219 2741.134 0.17018674
15 465 18669.219 2741.134 0.1701868
15 466 18669.207 2741.1682 0.17018563
15 467 18669.207 2741.188 0.1701835
15 468 18669.223 2741.1875 0.17018084
15 469 18669.242 2741.1895 0.17017801
15 470 18669.25 2741.1912 0.1701752
15 471 18669.254 2741.184 0.17017232
15 472 18669.254 2741.1885 0.17016916
15 473 18669.26 2741.1802 0.17016546
15 474 18669.262 2741.1648 0.17016098
15 475 18669.27 2741.1501 0.1701557
15 476 18669.281 2741.1309 0.17014991
15 477 18669.291 2741.1355 0.17014407
15 478 18669.318 2741.1277 0.17013867
15 479 18669.348 2741.12 0.17013395
15 480 18669.361 2741.1084 0.17012982
15 481 18669.37 2741.107 0.170126
15 482 18669.37 2741.1255 0.17012224
15 483 18669.377 2741.1284 0.17011844
15 484 18669.398 2741.095 0.17011464
15 485 18669.41 2741.0476 0.1701109
15 486 18669.398 2740.9924 0.1701071
15 487 18669.39 2740.9233 0.17010298
15 488 18669.371 2740.837 0.17009827
15 489 18669.365 2740.7698 0.17009285
15 490 18669.365 2740.6821 0.17008688
15 491 18669.363 2740.5781 0.17008083
15 492 18669.363 2740.4434 0.17007527
15 493 18669.363 2740.2732 0.17007068
15 494 18669.387 2740.0957 0.17006715
15 495 18669.387 2739.946 0.17006426
15 496 18669.396 2739.8152 0.17006126
15 497 18669.363 2739.7026 0.17005758
15 498 18669.338 2739.5994 0.17005338
15 499 18669.312 2739.466 0.1700499
15 500 18669.307 2739.3264 0.17004973
15 501 18669.334 2739.2166 0.17005683
15 502 18669.36 2739.0806 0.17007674
15 503 18669.36 2738.8914 0.17011657
15 504 18669.35 2738.6675 0.17018417
15 505 18669.344 2738.405 0.17028645
15 506 18669.35 2738.0981 0.17042775
15 507 18669.34 2737.7454 0.17060912
15 508 18669.352 2737.3499 0.17082843
15 509 18669.371 2736.934 0.17108122
15 510 18669.398 2736.481 0.17136176
15 511 18669.393 2735.994 0.17166492
15 512 18669.4 2735.519 0.17198819
15 513 18669.396 2735.0781 0.1723328
15 514 18669.363 2734.653 0.17270303
15 515 18669.363 2734.213 0.17310424
15 516 18669.326 2733.737 0.17354079
15 517 18669.293 2733.2085 0.17401485
15 518 18669.27 2732.6418 0.1745262
15 519 18669.256 2732.0225 0.17507231
15 520 18669.256 2731.3394 0.17564881
15 521 18669.25 2730.5845 0.17625003
15 522 18669.223 2729.7546 0.17687024
15 523 18669.21 2728.8518 0.17750484
15 524 18669.168 2727.8823 0.17815134
15 525 18669.11 2726.8572 0.17880954
15 526 18669.043 2725.788 0.1794811
15 527 18668.95 2724.6807 0.18016882
15 528 18668.854 2723.555 0.18087612
15 529 18668.72 2722.3928 0.18160664
15 530 18668.594 2721.2095 0.18236367
15 531 18668.457 2720.0532 0.18314902
15 532 18668.336 2718.9065 0.18396156
15 533 18668.195 2717.7856 0.18479581
15 534 18668.025 2716.7 0.18564156
15 535 18667.807 2715.6648 0.18648587
15 536 18667.54 2714.6924 0.18731785
15 537 18667.225 2713.7864 0.18813364
15 538 18666.918 2712.9414 0.18893848
15 539 18666.543 2712.146 0.18974365
15 540 18666.117 2711.3718 0.1905604
15 541 18665.635 2710.6328 0.19139443
15 542 18665.086 2709.9224 0.19224398
15 543 18664.463 2709.1982 0.19310217
15 544 18663.762 2708.505 0.19396183
15 545 18662.986 2707.827 0.19482036
15 546 18662.139 2707.1814 0.19568269
15 547 18661.22 2706.5688 0.19656129
15 548 18660.236 2705.9863 0.19747311
15 549 18659.193 2705.38 0.19843428
15 550 18658.09 2704.792 0.19945382
15 551 18656.922 2704.237 0.20052907
15 552 18655.684 2703.733 0.20164572
15 553 18654.371 2703.2612 0.20278372
15 554 18652.979 2702.8262 0.20392622
15 555 18651.516 2702.4092 0.20506616
15 556 18649.994 2702.0264 0.206207
15 557 18648.416 2701.6614 0.20735842
15 558 18646.785 2701.2646 0.20852959
15 559 18645.127 2700.8284 0.20972368
15 560 18643.416 2700.3574 0.21093653
15 561 18641.67 2699.8564 0.21216136
15 562 18639.977 2699.3396 0.21339618
15 563 18638.31 2698.7834 0.21464829
15 564 18636.59 2698.1763 0.21593195
15 565 18634.799 2697.5315 0.21726078
15 566 18632.924 2696.8376 0.21864
15 567 18630.959 2696.092 0.22006318
15 568 18628.91 2695.299 0.2215151
15 569 18626.79 2694.4707 0.22297853
15 570 18624.611 2693.6125 0.22444108
15 571 18622.408 2692.738 0.22589897
15 572 18620.156 2691.8315 0.22735728
15 573 18617.852 2690.9453 0.22882815
15 574 18615.494 2690.094 0.23032852
15 575 18613.088 2689.2593 0.23187914
15 576 18610.633 2688.4556 0.23350511
15 577 18608.127 2687.6877 0.2352374
15 578 18605.547 2686.8872 0.23711325
15 579 18602.918 2686.0728 0.2391739
15 580 18600.23 2685.254 0.24145867
15 581 18597.479 2684.4001 0.2439957
15 582 18594.658 2683.509 0.24679065
15 583 18591.783 2682.5798 0.24981634
15 584 18588.863 2681.615 0.2530094
15 585 18585.918 2680.6333 0.25628027
15 586 18582.99 2679.617 0.25953624
15 587 18580.117 2678.6016 0.26270744
15 588 18577.275 2677.619 0.26576173
15 589 18574.469 2676.6184 0.2687026
15 590 18571.605 2675.5771 0.27155626
15 591 18568.654 2674.4846 0.27435696
15 592 18565.584 2673.3293 0.27713653
15 593 18562.38 2672.1064 0.2799195
15 594 18559.041 2670.817 0.28272274
15 595 18555.568 2669.4668 0.2855583
15 596 18551.969 2668.0645 0.28843707
15 597 18548.248 2666.617 0.29137105
15 598 18544.412 2665.1294 0.29437378
15 599 18540.463 2663.6228 0.2974589
15 600 18536.406 2662.0793 0.30063772
15 601 18532.244 2660.5015 0.30391622
15 602 18527.986 2658.8909 0.30729213
15 603 18523.645 2657.276 0.31075442
15 604 18519.238 2655.6917 0.31428522
15 605 18514.771 2654.141 0.31786337
15 606 18510.277 2652.6301 0.32146668
15 607 18505.729 2651.168 0.32507098
15 608 18501.203 2649.7656 0.32864746
15 609 18496.752 2648.4355 0.33216295
15 610 18492.43 2647.1875 0.3355893
15 611 18488.273 2646.0256 0.33892265
15 612 18484.291 2644.944 0.34220135
15 613 18480.45 2643.9282 0.3455069
15 614 18476.69 2642.9548 0.34894305
15 615 18472.934 2642.01 0.35260364
15 616 18469.12 2641.079 0.35654762
15 617 18465.229 2640.186 0.36079103
15 618 18461.26 2639.3313 0.3653145
15 619 18457.22 2638.4973 0.37007895
15 620 18453.127 2637.6982 0.37504146
15 621 18448.982 2636.8767 0.38016582
15 622 18444.812 2636.018 0.3854251
15 623 18440.594 2635.1453 0.39079785
15 624 18436.324 2634.2664 0.39626226
15 625 18432.105 2633.4014 0.40179142
15 626 18427.938 2632.5552 0.4073529
15 627 18423.795 2631.7446 0.41291234
15 628 18419.705 2630.9478 0.41844076
15 629 18415.67 2630.147 0.42392164
15 630 18411.691 2629.3193 0.4293534
15 631 18407.676 2628.4905 0.4347443
15 632 18403.633 2627.6301 0.440101
15 633 18399.535 2626.7385 0.44541296
15 634 18395.385 2625.8123 0.4506414
15 635 18391.232 2624.8672 0.45572224
15 636 18387.13 2623.8826 0.46058857
15 637 18383.082 2622.9365 0.46520153
15 638 18379.053 2621.953 0.4695706
15 639 18374.928 2620.92 0.47375104
15 640 18370.67 2619.8098 0.477824
15 641 18366.22 2618.603 0.48187375
15 642 18361.555 2617.291 0.48597178
15 643 18356.668 2615.8752 0.4901677
15 644 18351.582 2614.3691 0.4944846
15 645 18346.322 2612.7964 0.4989182
15 646 18340.92 2611.183 0.50344473
15 647 18335.406 2609.5564 0.5080379
15 648 18329.809 2607.9412 0.51268935
15 649 18324.154 2606.3645 0.51742107
15 650 18318.455 2604.8027 0.5222844
15 651 18312.73 2603.1936 0.52734447
15 652 18307.055 2601.5466 0.5326588
15 653 18301.432 2599.8525 0.5382603
15 654 18295.87 2598.1138 0.5441519
15 655 18290.377 2596.3547 0.55031216
15 656 18284.965 2594.5615 0.556702
15 657 18279.643 2592.7988 0.56326556
15 658 18274.422 2591.0815 0.5699233
15 659 18269.334 2589.4016 0.5765668
15 660 18264.418 2587.7773 0.5830693
15 661 18259.703 2586.2234 0.5893155
15 662 18255.193 2584.746 0.5952365
15 663 18250.857 2583.343 0.60082656
15 664 18246.635 2582.0068 0.60613
15 665 18242.473 2580.733 0.61120874
15 666 18238.33 2579.5203 0.61610967
15 667 18234.16 2578.3704 0.62084574
15 668 18229.97 2577.2827 0.6253938
15 669 18225.854 2576.2546 0.6297069
15 670 18221.803 2575.2808 0.6337334
15 671 18217.865 2574.3562 0.6374352
15 672 18214.076 2573.4749 0.6407983
15 673 18210.47 2572.6296 0.6438303
15 674 18207.066 2571.8184 0.6465486
15 675 18203.88 2571.0405 0.6489668
15 676 18200.918 2570.2793 0.6510883
15 677 18198.188 2569.5496 0.6529107
15 678 18195.697 2568.816 0.6544349
15 679 18193.45 2568.067 0.65567327
15 680 18191.451 2567.3237 0.6566517
15 681 18189.707 2566.595 0.65740544
15 682 18188.213 2565.9 0.6579734
15 683 18186.967 2565.2214 0.6583925
15 684 18185.959 2564.5566 0.658695
15 685 18185.174 2563.9287 0.6589081
15 686 18184.59 2563.345 0.6590542
15 687 18184.184 2562.8135 0.6591514
15 688 18183.928 2562.3362 0.659214
15 689 18183.793 2561.9102 0.6592531
15 690 18183.754 2561.5286 0.6592766
15 691 18183.79 2561.1836 0.65928984
15 692 18183.885 2560.8718 0.6592967
15 693 18184.037 2560.5767 0.65929973
15 694 18184.24 2559.988 0.65930086
15 695 18184.467 2558.5432 0.65930146
15 696 18184.762 2556.1172 0.6593021
15 697 18185.125 2552.7576 0.6593024
15 698 18185.611 2548.4268 0.6593011
15 699 18186.29 2543.0728 0.6592962
15 700 18187.197 2536.6775 0.6592861
15 701 18188.312 2529.414 0.65927035
15 702 18189.543 2521.6445 0.6592503
15 703 18190.768 2513.8079 0.65922874
15 704 18191.875 2506.2969 0.6592086
15 705 18192.799 2499.3918 0.65919256
15 706 18193.516 2493.2563 0.659182
15 707 18194.04 2487.962 0.65917736
15 708 18194.4 2483.51 0.659178
15 709 18194.637 2479.8489 0.6591828
15 710 18194.783 2476.8875 0.65919024
15 711 18194.871 2474.5095 0.6591992
15 712 18194.914 2472.5881 0.6592087
15 713 18194.934 2470.9993 0.6592186
15 714 18194.9 2469.633 0.65922886
15 715 18194.895 2468.4023 0.6592395
15 716 18194.855 2467.2437 0.6592502
15 717 18194.85 2466.1077 0.6592606
15 718 18194.8 2465.008 0.65927017
15 719 18194.717 2463.8735 0.6592787
15 720 18194.682 2462.7002 0.65928596
15 721 18194.656 2461.56 0.6592921
15 722 18194.625 2460.4365 0.65929735
15 723 18194.646 2459.345 0.65930235
15 724 18194.617 2458.2615 0.65930784
15 725 18194.582 2457.1702 0.6593144
15 726 18194.527 2456.0464 0.6593224
15 727 18194.486 2454.8896 0.65933156
15 728 18194.424 2453.7012 0.6593413
15 729 18194.402 2452.4954 0.65935075
15 730 18194.348 2451.316 0.65935946
15 731 18194.299 2450.1704 0.65936697
15 732 18194.258 2449.0752 0.6593731
15 733 18194.191 2448.0137 0.65937823
15 734 18194.094 2446.988 0.6593827
15 735 18194.04 2446.0032 0.65938723
15 736 18193.977 2445.0654 0.6593923
15 737 18193.928 2444.1743 0.65939814
15 738 18193.908 2443.324 0.65940475
15 739 18193.867 2442.4924 0.65941167
15 740 18193.846 2441.6973 0.65941817
15 741 18193.818 2440.9197 0.6594239
15 742 18193.791 2440.128 0.65942866
15 743 18193.758 2439.3066 0.6594325
15 744 18193.725 2438.484 0.65943545
15 745 18193.7 2437.6975 0.6594378
15 746 18193.684 2436.9006 0.65943986
15 747 18193.637 2436.08 0.6594423
15 748 18193.607 2435.2393 0.65944576
15 749 18193.55 2434.3938 0.65945095
15 750 18193.492 2433.5325 0.6594583
15 751 18193.457 2432.6873 0.65946764
15 752 18193.424 2431.8508 0.6594784
15 753 18193.396 2430.9973 0.6594895
15 754 18193.36 2430.1426 0.65949976
15 755 18193.338 2429.293 0.6595084
15 756 18193.312 2428.4202 0.65951544
15 757 18193.316 2427.5852 0.65952146
15 758 18193.316 2426.7812 0.6595275
15 759 18193.328 2426.0261 0.65953445
15 760 18193.361 2425.3037 0.659543
15 761 18193.395 2424.623 0.6595532
15 762 18193.4 2423.988 0.65956485
15 763 18193.402 2423.3953 0.65957785
15 764 18193.363 2422.8386 0.659592
15 765 18193.363 2422.315 0.6596075
15 766 18193.344 2421.8074 0.6596247
15 767 18193.334 2421.332 0.6596435
15 768 18193.346 2420.8608 0.6596633
15 769 18193.408 2420.3726 0.6596836
15 770 18193.432 2419.8494 0.6597039
15 771 18193.41 2419.2925 0.6597244
15 772 18193.367 2418.702 0.6597453
15 773 18193.322 2418.0781 0.6597662
15 774 18193.312 2417.4402 0.6597861
15 775 18193.27 2416.7805 0.6598027
15 776 18193.25 2416.114 0.65981317
15 777 18193.238 2415.4097 0.6598148
15 778 18193.203 2414.7285 0.6598057
15 779 18193.127 2414.0776 0.6597858
15 780 18193.025 2413.456 0.6597568
15 781 18192.873 2412.8303 0.65972185
15 782 18192.684 2412.1663 0.6596847
15 783 18192.547 2411.4485 0.6596486
15 784 18192.459 2410.697 0.6596155
15 785 18192.39 2409.9053 0.65958583
15 786 18192.309 2409.0696 0.65955895
15 787 18192.21 2408.183 0.65953344
15 788 18192.15 2407.2336 0.65950805
15 789 18192.096 2406.2031 0.65948236
15 790 18192.002 2405.0698 0.6594572
15 791 18191.875 2403.813 0.65943474
15 792 18191.752 2402.4155 0.6594176
15 793 18191.629 2400.8662 0.6594083
15 794 18191.477 2399.16 0.659408
15 795 18191.27 2397.298 0.65941685
15 796 18191.041 2395.2888 0.6594341
15 797 18190.785 2393.147 0.65945816
15 798 18190.482 2390.8918 0.6594873
15 799 18190.174 2388.5466 0.65951943
15 800 18189.865 2386.1357 0.6595526
15 801 18189.607 2383.6985 0.65958494
15 802 18189.371 2381.2214 0.6596153
15 803 18189.11 2378.784 0.6596432
15 804 18188.826 2376.385 0.65966916
15 805 18188.535 2374.0447 0.65969425
15 806 18188.273 2371.7786 0.65971965
15 807 18188.035 2369.6006 0.65974605
15 808 18187.793 2367.5254 0.65977365
15 809 18187.498 2365.5688 0.65980214
15 810 18187.234 2363.748 0.6598312
15 811 18187.004 2362.0745 0.6598609
15 812 18186.74 2360.5488 0.6598914
15 813 18186.467 2359.1567 0.65992296
15 814 18186.242 2357.8713 0.6599547
15 815 18186.043 2356.6606 0.6599847
15 816 18185.854 2355.4937 0.66000986
15 817 18185.627 2354.3413 0.6600275
15 818 18185.35 2353.1938 0.66003644
15 819 18185.023 2352.0115 0.6600378
15 820 18184.674 2350.8152 0.6600349
15 821 18184.275 2349.6055 0.6600317
15 822 18183.877 2348.4116 0.66003174
15 823 18183.48 2347.247 0.66003674
15 824 18183.037 2346.1155 0.6600464
15 825 18182.543 2345.0002 0.6600588
15 826 18181.998 2343.8508 0.6600712
15 827 18181.395 2342.6643 0.66008097
15 828 18180.72 2341.431 0.66008633
15 829 18179.97 2340.1345 0.6600871
15 830 18179.133 2338.7563 0.6600843
15 831 18178.203 2337.2786 0.6600802
15 832 18177.182 2335.6902 0.6600776
15 833 18176.076 2333.9924 0.660079
15 834 18174.904 2332.2024 0.6600859
15 835 18173.676 2330.3516 0.6600977
15 836 18172.42 2328.4795 0.6601119
15 837 18171.113 2326.5732 0.660125
15 838 18169.781 2324.637 0.66013414
15 839 18168.373 2322.6406 0.6601384
15 840 18166.908 2320.5503 0.6601395
15 841 18165.37 2318.3394 0.6601408
15 842 18163.748 2315.9937 0.66014636
15 843 18162.041 2313.511 0.6601595
15 844 18160.246 2310.8958 0.66018176
15 845 18158.361 2308.1538 0.66021246
15 846 18156.385 2305.2898 0.66024935
15 847 18154.31 2302.3071 0.66028965
15 848 18152.14 2299.2092 0.66033125
15 849 18149.877 2296.0027 0.6603737
15 850 18147.535 2292.6985 0.6604181
15 851 18145.127 2289.313 0.660467
15 852 18142.662 2285.8706 0.66052365
15 853 18140.17 2282.3875 0.6605897
15 854 18137.623 2278.8845 0.66066366
15 855 18135.074 2275.4082 0.66074073
15 856 18132.518 2271.969 0.660814
15 857 18130.01 2268.5762 0.66087675
15 858 18127.484 2265.2495 0.660925
15 859 18125.027 2262.0156 0.66095805
15 860 18122.625 2258.907 0.6609791
15 861 18120.291 2255.951 0.66099447
15 862 18118.016 2253.1572 0.6610124
15 863 18115.762 2250.5127 0.6610413
15 864 18113.521 2247.986 0.661088
15 865 18111.201 2245.5417 0.6611562
15 866 18108.758 2243.1455 0.6612462
15 867 18106.174 2240.7798 0.6613558
15 868 18103.447 2238.4473 0.66148114
15 869 18100.59 2236.1594 0.661617
15 870 18097.625 2233.9326 0.6617561
15 871 18094.576 2231.7844 0.6618889
15 872 18091.467 2229.7268 0.6620054
15 873 18088.334 2227.762 0.6620982
15 874 18085.148 2225.883 0.66216516
15 875 18082.049 2224.0752 0.66220945
15 876 18079.023 2222.3213 0.66223794
15 877 18076.092 2220.604 0.6622581
15 878 18073.26 2218.901 0.6622763
15 879 18070.516 2217.237 0.6622969
15 880 18067.83 2215.5454 0.6623216
15 881 18065.191 2213.8408 0.6623504
15 882 18062.578 2212.106 0.66238207
15 883 18059.936 2210.3374 0.66241485
15 884 18057.271 2208.5515 0.66244745
15 885 18054.559 2206.731 0.6624789
15 886 18051.875 2204.9175 0.6625087
15 887 18049.234 2203.1367 0.6625374
15 888 18046.613 2201.3071 0.6625666
15 889 18043.906 2199.4053 0.6625986
15 890 18041.1 2197.3828 0.66263574
15 891 18038.146 2195.199 0.66268003
15 892 18035.023 2192.8252 0.66273403
15 893 18031.729 2190.2473 0.66280085
15 894 18028.281 2187.465 0.66288406
15 895 18024.715 2184.492 0.66298616
15 896 18021.076 2181.353 0.6631062
15 897 18017.412 2178.0852 0.66323745
15 898 18013.707 2174.7356 0.6633666
15 899 18010.092 2171.3442 0.6634762
15 900 18006.55 2167.957 0.66354924
15 901 18003.102 2164.6284 0.6635746
15 902 17999.746 2161.395 0.66355
15 903 17996.477 2158.2788 0.6634813
15 904 17993.283 2155.2876 0.6633798
15 905 17990.166 2152.4192 0.6632591
15 906 17987.129 2149.6658 0.66313267
15 907 17984.18 2147.02 0.66301227
15 908 17981.324 2144.4807 0.66290665
15 909 17978.57 2142.0537 0.66282123
15 910 17975.922 2139.746 0.66275793
15 911 17973.379 2137.5552 0.66271627
15 912 17970.916 2135.4587 0.6626939
15 913 17968.482 2133.42 0.6626875
15 914 17966.104 2131.3865 0.6626931
15 915 17963.65 2129.3135 0.662707
15 916 17961.174 2127.181 0.6627261
15 917 17958.643 2124.9792 0.6627487
15 918 17956.055 2122.7102 0.66277397
15 919 17953.498 2120.3816 0.6628017
15 920 17951.012 2118.0007 0.6628321
15 921 17948.633 2115.5684 0.6628657
15 922 17946.383 2113.0771 0.66290325
15 923 17944.273 2110.5142 0.6629453
15 924 17942.299 2107.8655 0.66299146
15 925 17940.453 2105.123 0.66304076
15 926 17938.725 2102.2905 0.6630913
15 927 17937.104 2099.3833 0.6631409
15 928 17935.582 2096.4277 0.66318774
15 929 17934.16 2093.4553 0.6632309
15 930 17932.84 2090.4575 0.6632703
15 931 17931.62 2087.4998 0.6633065
15 932 17930.504 2084.6055 0.6633399
15 933 17929.492 2081.796 0.66337067
15 934 17928.58 2079.0906 0.6633986
15 935 17927.762 2076.505 0.6634238
15 936 17927.023 2074.0444 0.66344684
15 937 17926.35 2071.6965 0.6634694
15 938 17925.732 2069.4263 0.6634935
15 939 17925.145 2067.1836 0.6635216
15 940 17924.611 2064.961 0.6635554
15 941 17924.023 2062.6902 0.6635958
15 942 17923.38 2060.3584 0.6636423
15 943 17922.672 2057.9697 0.66369313
15 944 17921.871 2055.542 0.6637462
15 945 17920.959 2053.085 0.6637991
15 946 17919.92 2050.6267 0.6638497
15 947 17918.742 2048.2021 0.6638957
15 948 17917.422 2045.8206 0.66393507
15 949 17915.951 2043.4828 0.66396636
15 950 17914.322 2041.1656 0.6639905
15 951 17912.53 2038.8829 0.6640109
15 952 17910.576 2036.5598 0.66403264
15 953 17908.48 2034.1951 0.6640604
15 954 17906.271 2031.783 0.6640964
15 955 17903.994 2029.3483 0.66414
15 956 17901.691 2026.8896 0.6641885
15 957 17899.412 2024.4852 0.6642382
15 958 17897.217 2022.1309 0.6642852
15 959 17895.088 2019.8514 0.66432536
15 960 17893.057 2017.6649 0.6643551
15 961 17891.145 2015.5739 0.6643716
15 962 17889.361 2013.5544 0.6643735
15 963 17887.695 2011.5614 0.6643616
15 964 17886.125 2009.5194 0.6643391
15 965 17884.623 2007.33 0.66431165
15 966 17883.148 2004.9015 0.66428566
15 967 17881.729 2002.1588 0.66426724
15 968 17880.252 1999.0509 0.6642607
15 969 17878.72 1995.5514 0.66426873
15 970 17877.135 1991.655 0.6642941
15 971 17875.482 1987.3737 0.66434056
15 972 17873.754 1982.7339 0.66441137
15 973 17871.938 1977.7753 0.6645065
15 974 17870.023 1972.5424 0.6646199
15 975 17868.01 1967.073 0.66473955
15 976 17865.896 1961.3853 0.6648498
15 977 17863.686 1955.473 0.66493386
15 978 17861.373 1949.311 0.6649756
15 979 17858.955 1942.8682 0.66496116
15 980 17856.428 1936.1244 0.66488147
15 981 17853.79 1929.0868 0.66473544
15 982 17851.055 1921.8046 0.6645322
15 983 17848.252 1914.377 0.664291
15 984 17845.426 1906.9395 0.6640385
15 985 17842.615 1899.6198 0.6638038
15 986 17839.89 1892.4917 0.66361266
15 987 17837.283 1885.5585 0.66348094
15 988 17834.8 1878.778 0.66341287
15 989 17832.44 1872.1101 0.6634038
15 990 17830.186 1865.5525 0.6634467
15 991 17828.025 1859.15 0.6635367
15 992 17825.951 1852.9832 0.6636707
15 993 17823.959 1847.1478 0.66384387
15 994 17822.05 1841.7373 0.6640469
15 995 17820.236 1836.8285 0.66426605
15 996 17818.523 1832.4738 0.66448617
15 997 17816.912 1828.6957 0.6646926
15 998 17815.389 1825.4843 0.66487265
15 999 17813.926 1822.7974 0.6650168
15 1000 17812.482 1820.5673 0.66512036
15 1001 17811.002 1818.7107 0.6651866
15 1002 17809.43 1817.1428 0.6652279
15 1003 17807.723 1815.7892 0.6652636
15 1004 17805.857 1814.5916 0.6653144
15 1005 17803.83 1813.508 0.6653966
15 1006 17801.656 1812.5096 0.6655192
15 1007 17799.361 1811.5771 0.6656841
15 1008 17796.979 1810.7021 0.6658874
15 1009 17794.56 1809.888 0.66612005
15 1010 17792.105 1809.1498 0.66636765
15 1011 17789.7 1808.5109 0.66661227
15 1012 17787.357 1807.9934 0.66683686
15 1013 17785.084 1807.6086 0.66703063
15 1014 17782.842 1807.3508 0.66719246
15 1015 17780.633 1807.1993 0.6673294
15 1016 17778.379 1807.1257 0.6674524
15 1017 17776.047 1807.099 0.6675722
15 1018 17773.668 1807.1027 0.6676974
15 1019 17771.232 1807.1211 0.6678345
15 1020 17768.742 1807.1207 0.6679882
15 1021 17766.227 1807.1027 0.66816026
15 1022 17763.658 1807.053 0.668348
15 1023 17761.086 1806.972 0.66854334
15 1024 17758.57 1806.918 0.6687344
15 1025 17756.148 1806.9199 0.6689088
15 1026 17753.848 1807.0016 0.66905737
15 1027 17751.686 1807.1677 0.669176
15 1028 17749.662 1807.3997 0.66926545
15 1029 17747.771 1807.6707 0.6693305
15 1030 17745.994 1807.956 0.66937846
15 1031 17744.31 1808.1864 0.6694192
15 1032 17742.709 1808.3513 0.66946524
15 1033 17741.182 1808.4215 0.66953063
15 1034 17739.725 1808.3755 0.6696288
15 1035 17738.338 1808.2018 0.6697691
15 1036 17737.02 1807.901 0.6699546
15 1037 17735.758 1807.4852 0.6701823
15 1038 17734.521 1806.9751 0.6704447
15 1039 17733.336 1806.3939 0.6707322
15 1040 17732.162 1805.7667 0.6710344
15 1041 17730.94 1805.1063 0.6713412
15 1042 17729.662 1804.429 0.67164266
15 1043 17728.36 1803.717 0.6719288
15 1044 17727.006 1803.0614 0.67219
15 1045 17725.674 1802.4612 0.67241824
15 1046 17724.365 1801.9451 0.6726088
15 1047 17723.111 1801.5334 0.6727617
15 1048 17721.824 1801.2325 0.67288214
15 1049 17720.486 1801.0294 0.67297953
15 1050 17719.096 1800.8872 0.6730656
15 1051 17717.646 1800.7631 0.6731528
15 1052 17716.168 1800.5632 0.6732527
15 1053 17714.633 1800.272 0.67337394
15 1054 17713.047 1799.8717 0.6735172
15 1055 17711.404 1799.3938 0.6736703
15 1056 17709.764 1798.9188 0.67380625
15 1057 17708.123 1798.5552 0.6738901
15 1058 17706.457 1798.4049 0.67389095
15 1059 17704.71 1798.5393 0.6737933
15 1060 17702.906 1798.9937 0.67360055
15 1061 17701.025 1799.779 0.67332894
15 1062 17699.031 1800.8936 0.67299706
15 1063 17696.873 1802.3171 0.6726191
15 1064 17694.504 1803.9943 0.6722051
15 1065 17691.895 1805.826 0.6717661
15 1066 17689.031 1807.6904 0.67131746
15 1067 17685.918 1809.486 0.67087674
15 1068 17682.557 1811.1736 0.6704573
15 1069 17678.947 1812.7875 0.67006284
15 1070 17675.08 1814.4008 0.66968656
15 1071 17670.95 1816.0695 0.66931516
15 1072 17666.572 1817.7981 0.6689353
15 1073 17661.979 1819.5319 0.6685391
15 1074 17657.201 1821.1903 0.668128
15 1075 17652.23 1822.7106 0.6677138
15 1076 17647.018 1824.0634 0.6673158
15 1077 17641.48 1825.2577 0.66695523
15 1078 17635.545 1826.326 0.6666538
15 1079 17629.166 1827.3048 0.6664307
15 1080 17622.34 1828.2224 0.66629153
15 1081 17615.096 1829.1154 0.6662202
15 1082 17607.496 1829.9698 0.6661825
15 1083 17599.633 1830.7917 0.6661377
15 1084 17591.627 1831.6481 0.6660505
15 1085 17583.582 1832.5217 0.6659002
15 1086 17575.627 1833.3564 0.66568184
15 1087 17567.705 1834.1553 0.6654029
15 1088 17559.646 1834.9039 0.66508013
15 1089 17551.238 1835.6206 0.6647386
15 1090 17542.24 1836.3007 0.66440856
15 1091 17532.504 1836.9625 0.6641183
15 1092 17522.002 1837.5922 0.6638859
15 1093 17510.82 1838.2183 0.66371673
15 1094 17499.105 1838.8829 0.66360456
15 1095 17487.021 1839.605 0.6635319
15 1096 17474.725 1840.3983 0.6634699
15 1097 17462.322 1841.2744 0.6633812
15 1098 17449.883 1842.2434 0.6632277
15 1099 17437.486 1843.3127 0.66297895
15 1100 17425.145 1844.4849 0.6626195
15 1101 17412.873 1845.7578 0.6621511
15 1102 17400.703 1847.1293 0.66159105
15 1103 17388.67 1848.603 0.6609651
15 1104 17376.803 1850.1923 0.660299
15 1105 17365.088 1851.9186 0.6596138
15 1106 17353.441 1853.8066 0.65892625
15 1107 17341.787 1855.8784 0.6582527
15 1108 17330.041 1858.1455 0.6576106
15 1109 17318.244 1860.6002 0.6570162
15 1110 17306.44 1863.21 0.65648097
15 1111 17294.664 1865.929 0.6560104
15 1112 17282.8 1868.7188 0.655605
15 1113 17270.611 1871.5562 0.6552593
15 1114 17257.82 1874.4312 0.6549575
15 1115 17244.195 1877.3407 0.6546714
15 1116 17229.594 1880.267 0.6543665
15 1117 17213.982 1883.2258 0.6540117
15 1118 17197.416 1886.217 0.65358514
15 1119 17180.012 1889.2257 0.653073
15 1120 17161.914 1892.2178 0.65246713
15 1121 17143.248 1895.1572 0.6517666
15 1122 17124.082 1898.0388 0.6509829
15 1123 17104.434 1900.8296 0.6501424
15 1124 17084.312 1903.51 0.64928144
15 1125 17063.781 1906.0792 0.6484377
15 1126 17042.975 1908.5555 0.6476421
15 1127 17022.072 1910.965 0.646918
15 1128 17001.223 1913.3319 0.6462814
15 1129 16980.627 1915.6835 0.64573675
15 1130 16960.408 1917.9808 0.64527047
15 1131 16940.66 1920.2397 0.64484936
15 1132 16921.486 1922.4493 0.6444292
15 1133 16902.998 1924.5928 0.64396966
15 1134 16885.273 1926.6528 0.64344686
15 1135 16868.26 1928.6143 0.6428578
15 1136 16851.754 1930.4702 0.64221495
15 1137 16835.475 1932.2292 0.64153516
15 1138 16819.16 1933.9148 0.64083034
15 1139 16802.637 1935.5557 0.64010406
15 1140 16785.83 1937.1813 0.6393555
15 1141 16768.76 1938.8346 0.6385852
15 1142 16751.502 1940.5237 0.6377987
15 1143 16734.148 1942.249 0.637007
15 1144 16716.773 1944.0098 0.6362241
15 1145 16699.475 1945.8258 0.6354626
15 1146 16682.252 1947.6826 0.63472974
15 1147 16665.129 1949.5958 0.6340256
15 1148 16648.148 1951.5757 0.63334316
15 1149 16631.373 1953.6248 0.6326712
15 1150 16614.883 1955.735 0.631999
15 1151 16598.746 1957.8867 0.6313228
15 1152 16582.977 1960.0529 0.63064986
15 1153 16567.514 1962.1675 0.62999934
15 1154 16552.242 1964.203 0.6293978
15 1155 16537.033 1966.1233 0.62887114
15 1156 16521.82 1967.9099 0.6284349
15 1157 16506.604 1969.561 0.6280878
15 1158 16491.535 1971.0863 0.6278122
15 1159 16476.79 1972.5007 0.62758124
15 1160 16462.504 1973.8198 0.6273685
15 1161 16448.709 1975.0591 0.6271538
15 1162 16435.32 1976.2363 0.62692326
15 1163 16422.176 1977.3741 0.62666595
15 1164 16409.107 1978.4984 0.6263723
15 1165 16395.92 1979.6536 0.6260358
15 1166 16382.518 1980.8492 0.6256575
15 1167 16368.805 1982.0934 0.62524945
15 1168 16354.716 1983.3802 0.6248338
15 1169 16340.226 1984.6863 0.6244354
15 1170 16325.355 1986.028 0.6240699
15 1171 16310.159 1987.3625 0.6237344
15 1172 16294.698 1988.7428 0.6234071
15 1173 16279.029 1990.2054 0.62305737
15 1174 16263.206 1991.7775 0.6226577
15 1175 16247.288 1993.4648 0.6221932
15 1176 16231.338 1995.2556 0.6216643
15 1177 16215.355 1997.1295 0.6210846
15 1178 16199.447 1999.0686 0.62047553
15 1179 16183.644 2001.0618 0.6198596
15 1180 16167.967 2003.1041 0.6192543
15 1181 16152.448 2005.1941 0.6186692
15 1182 16137.16 2007.3226 0.6181065
15 1183 16122.23 2009.4845 0.61756337
15 1184 16107.806 2011.6646 0.617033
15 1185 16093.975 2013.8088 0.61650276
15 1186 16080.714 2015.9062 0.6159545
15 1187 16067.91 2017.9478 0.61537254
15 1188 16055.42 2019.9371 0.6147559
15 1189 16043.13 2021.8795 0.61412483
15 1190 16030.978 2023.7758 0.6135141
15 1191 16018.947 2025.6223 0.61295897
15 1192 16007.053 2027.4148 0.6124823
15 1193 15995.311 2029.1528 0.6120907
15 1194 15983.728 2030.8406 0.61177754
15 1195 15972.29 2032.4844 0.61152893
15 1196 15960.973 2034.1075 0.6113288
15 1197 15949.743 2035.6914 0.61116195
15 1198 15938.551 2037.2568 0.61101586
15 1199 15927.416 2038.8595 0.6108809
15 1200 15916.303 2040.5028 0.61075044
15 1201 15905.165 2042.1906 0.6106206
15 1202 15894.06 2043.925 0.6104898
15 1203 15882.931 2045.7051 0.61035746
15 1204 15871.822 2047.5211 0.6102227
15 1205 15860.659 2049.368 0.61008286
15 1206 15849.494 2051.2488 0.6099331
15 1207 15838.425 2053.1467 0.6097671
15 1208 15827.48 2055.0498 0.60957897
15 1209 15816.769 2056.911 0.6093666
15 1210 15806.389 2058.7017 0.60913426
15 1211 15796.385 2060.396 0.6088928
15 1212 15786.71 2061.978 0.608655
15 1213 15777.249 2063.4478 0.6084294
15 1214 15767.859 2064.8215 0.60821635
15 1215 15758.375 2066.1226 0.6080083
15 1216 15748.742 2067.3782 0.60779124
15 1217 15738.923 2068.618 0.6075453
15 1218 15728.918 2069.8213 0.6072463
15 1219 15718.746 2071.0493 0.6068717
15 1220 15708.428 2072.264 0.6064116
15 1221 15697.988 2073.4744 0.6058769
15 1222 15687.455 2074.7136 0.6053
15 1223 15676.863 2075.9307 0.6047241
15 1224 15666.252 2077.1108 0.6041893
15 1225 15655.676 2078.2507 0.60372186
15 1226 15645.148 2079.3447 0.60333115
15 1227 15634.683 2080.3906 0.60301316
15 1228 15624.295 2081.3906 0.60275656
15 1229 15613.994 2082.3555 0.60254824
15 1230 15603.773 2083.2898 0.6023762
15 1231 15593.623 2084.2073 0.60223097
15 1232 15583.548 2085.0876 0.6021057
15 1233 15573.592 2086.0076 0.60199624
15 1234 15563.842 2086.9492 0.60190123
15 1235 15554.386 2087.8533 0.6018215
15 1236 15545.257 2088.7068 0.6017586
15 1237 15536.402 2089.527 0.60171205
15 1238 15527.707 2090.313 0.6016761
15 1239 15519.057 2091.082 0.6016397
15 1240 15510.298 2091.8176 0.60159063
15 1241 15501.417 2092.532 0.60152125
15 1242 15492.404 2093.2683 0.601431
15 1243 15483.284 2094.0444 0.6013231
15 1244 15474.095 2094.7927 0.60119975
15 1245 15464.881 2095.5227 0.6010595
15 1246 15455.621 2096.2852 0.6008994
15 1247 15446.378 2097.0803 0.6007186
15 1248 15437.083 2097.9094 0.60052097
15 1249 15427.814 2098.7754 0.60031414
15 1250 15418.629 2099.6602 0.6001075
15 1251 15409.51 2100.5657 0.59991
15 1252 15400.471 2101.44 0.59972763
15 1253 15391.508 2102.2595 0.599559
15 1254 15382.61 2103.046 0.59939253
15 1255 15373.7705 2103.7976 0.599208
15 1256 15364.995 2104.5325 0.5989855
15 1257 15356.314 2105.2336 0.5987169
15 1258 15347.797 2105.915 0.5984116
15 1259 15339.551 2106.6333 0.59809315
15 1260 15331.694 2107.3254 0.5977892
15 1261 15324.309 2107.9822 0.5975229
15 1262 15317.398 2108.6033 0.5973079
15 1263 15310.884 2109.1904 0.5971481
15 1264 15304.624 2109.7615 0.5970386
15 1265 15298.486 2110.2993 0.5969667
15 1266 15292.357 2110.8154 0.5969132
15 1267 15286.14 2111.3652 0.5968561
15 1268 15279.772 2111.9482 0.596776
15 1269 15273.22 2112.5642 0.5966632
15 1270 15266.458 2113.1965 0.596522
15 1271 15259.473 2113.8623 0.5963701
15 1272 15252.263 2114.5525 0.5962317
15 1273 15244.838 2115.2559 0.59612775
15 1274 15237.223 2115.9353 0.5960684
15 1275 15229.456 2116.5784 0.59605074
15 1276 15221.583 2117.2048 0.5960622
15 1277 15213.67 2117.8428 0.59608716
15 1278 15205.74 2118.4712 0.5961141
15 1279 15197.879 2119.0623 0.59613913
15 1280 15190.123 2119.6904 0.5961647
15 1281 15182.498 2120.3157 0.59619546
15 1282 15175.021 2120.923 0.59623384
15 1283 15167.721 2121.5217 0.59627783
15 1284 15160.636 2122.12 0.59632146
15 1285 15153.8125 2122.7554 0.596358
15 1286 15147.272 2123.4084 0.59638387
15 1287 15140.988 2124.0452 0.5964007
15 1288 15134.879 2124.6438 0.5964142
15 1289 15128.831 2125.2207 0.59643096
15 1290 15122.753 2125.7866 0.5964548
15 1291 15116.573 2126.389 0.59648526
15 1292 15110.258 2127.0295 0.596518
15 1293 15103.801 2127.7043 0.5965471
15 1294 15097.212 2128.3977 0.5965685
15 1295 15090.509 2129.1016 0.5965817
15 1296 15083.726 2129.8142 0.5965898
15 1297 15076.883 2130.4983 0.5965976
15 1298 15070.012 2131.1619 0.59660906
15 1299 15063.128 2131.8083 0.5966258
15 1300 15056.292 2132.4758 0.59664637
15 1301 15049.481 2133.1472 0.5966657
15 1302 15042.718 2133.7856 0.59667534
15 1303 15035.962 2134.406 0.5966651
15 1304 15029.186 2134.9907 0.59662646
15 1305 15022.352 2135.574 0.5965559
15 1306 15015.435 2136.1946 0.59645647
15 1307 15008.464 2136.8538 0.596337
15 1308 15001.464 2137.532 0.59621
15 1309 14994.476 2138.2427 0.5960884
15 1310 14987.594 2138.9492 0.59598297
15 1311 14980.868 2139.62 0.5958998
15 1312 14974.295 2140.253 0.5958393
15 1313 14967.808 2140.8662 0.59579754
15 1314 14961.313 2141.4443 0.5957693
15 1315 14954.732 2142.0598 0.59575146
15 1316 14948.025 2142.7102 0.59574425
15 1317 14941.198 2143.3958 0.5957497
15 1318 14934.29 2144.0974 0.59576917
15 1319 14927.3545 2144.8296 0.59580207
15 1320 14920.511 2145.547 0.59584725
15 1321 14913.762 2146.2266 0.59590673
15 1322 14907.155 2146.9177 0.5959877
15 1323 14900.718 2147.6062 0.59609973
15 1324 14894.459 2148.2805 0.59624803
15 1325 14888.378 2148.9192 0.5964267
15 1326 14882.463 2149.583 0.59661955
15 1327 14876.7 2150.2644 0.59680635
15 1328 14871.069 2150.9143 0.596971
15 1329 14865.544 2151.552 0.5971051
15 1330 14860.096 2152.1567 0.5972068
15 1331 14854.68 2152.7434 0.59727657
15 1332 14849.323 2153.297 0.59731555
15 1333 14843.935 2153.8442 0.59732556
15 1334 14838.529 2154.3994 0.5973099
15 1335 14833.191 2154.972 0.5972729
15 1336 14827.936 2155.5413 0.5972183
15 1337 14822.75 2156.0771 0.59714764
15 1338 14817.592 2156.5786 0.59706026
15 1339 14812.316 2157.066 0.5969558
15 1340 14806.882 2157.5842 0.5968379
15 1341 14801.227 2158.138 0.596717
15 1342 14795.334 2158.7092 0.59660983
15 1343 14789.224 2159.3162 0.5965355
15 1344 14782.932 2159.958 0.5965107
15 1345 14776.501 2160.6362 0.59654444
15 1346 14769.9795 2161.351 0.5966351
15 1347 14763.395 2162.056 0.5967702
15 1348 14756.779 2162.7266 0.5969313
15 1349 14750.208 2163.3826 0.59710073
15 1350 14743.73 2164.065 0.5972689
15 1351 14737.397 2164.7612 0.5974342
15 1352 14731.249 2165.4858 0.5975985
15 1353 14725.308 2166.2405 0.5977601
15 1354 14719.583 2167.0347 0.59791094
15 1355 14714.077 2167.8086 0.59803915
15 1356 14708.785 2168.5498 0.59813476
15 1357 14703.702 2169.254 0.5981943
15 1358 14698.831 2169.939 0.59822226
15 1359 14694.188 2170.5872 0.59822905
15 1360 14689.804 2171.2036 0.59822595
15 1361 14685.71 2171.8381 0.59822065
15 1362 14681.922 2172.4775 0.59821564
15 1363 14678.421 2173.081 0.598211
15 1364 14675.156 2173.662 0.59820914
15 1365 14672.06 2174.2056 0.59821826
15 1366 14669.062 2174.781 0.59825015
15 1367 14666.096 2175.331 0.59831303
15 1368 14663.07 2175.8638 0.5984043
15 1369 14659.986 2176.4197 0.59850734
15 1370 14656.818 2177.0098 0.5985959
15 1371 14653.548 2177.62 0.5986427
15 1372 14650.156 2178.2698 0.5986297
15 1373 14646.632 2178.8855 0.5985548
15 1374 14642.967 2179.468 0.5984309
15 1375 14639.166 2180.0327 0.5982786
15 1376 14635.241 2180.5657 0.5981181
15 1377 14631.208 2181.1206 0.5979638
15 1378 14627.08 2181.6934 0.59782374
15 1379 14622.865 2182.2993 0.59770244
15 1380 14618.564 2182.9436 0.59760386
15 1381 14614.175 2183.5828 0.59753144
15 1382 14609.693 2184.188 0.5974859
15 1383 14605.13 2184.7769 0.5974632
15 1384 14600.529 2185.3323 0.5974543
15 1385 14595.898 2185.8572 0.5974471
15 1386 14591.326 2186.4114 0.5974283
15 1387 14586.783 2186.9983 0.5973844
15 1388 14582.297 2187.6016 0.5973019
15 1389 14577.752 2188.2395 0.5971692
15 1390 14573.084 2188.9155 0.59697896
15 1391 14568.239 2189.6252 0.59672964
15 1392 14563.2 2190.3223 0.59642524
15 1393 14557.98 2190.984 0.596074
15 1394 14552.617 2191.6304 0.59568655
15 1395 14547.156 2192.3098 0.5952751
15 1396 14541.636 2193.0032 0.59485334
15 1397 14536.096 2193.7327 0.59443754
15 1398 14530.531 2194.5015 0.5940464
15 1399 14525.0205 2195.2544 0.5936983
15 1400 14519.548 2195.9688 0.59340686
15 1401 14514.133 2196.6443 0.59317726
15 1402 14508.801 2197.3152 0.5930052
15 1403 14503.573 2198.0037 0.5928787
15 1404 14498.459 2198.6748 0.5927815
15 1405 14493.455 2199.3591 0.59269804
15 1406 14488.553 2200.0767 0.5926188
15 1407 14483.743 2200.8135 0.5925433
15 1408 14479.028 2201.521 0.5924785
15 1409 14474.427 2202.1921 0.5924331
15 1410 14469.974 2202.8252 0.59241146
15 1411 14465.705 2203.4187 0.59241104
15 1412 14461.636 2203.9924 0.59242445
15 1413 14457.744 2204.5278 0.5924432
15 1414 14453.98 2205.0312 0.5924619
15 1415 14450.29 2205.5293 0.59248126
15 1416 14446.624 2206.042 0.59251046
15 1417 14442.921 2206.5837 0.5925638
15 1418 14439.196 2207.1128 0.5926529
15 1419 14435.423 2207.6763 0.5927777
15 1420 14431.711 2208.256 0.5929219
15 1421 14428.095 2208.8474 0.5930553
15 1422 14424.623 2209.424 0.5931426
15 1423 14421.326 2209.9792 0.5931534
15 1424 14418.215 2210.5476 0.5930692
15 1425 14415.28 2211.1482 0.592888
15 1426 14412.497 2211.726 0.5926262
15 1427 14409.827 2212.269 0.5923171
15 1428 14407.226 2212.7598 0.592005
15 1429 14404.646 2213.2126 0.5917335
15 1430 14402.019 2213.6177 0.5915323
15 1431 14399.343 2213.9763 0.59140754
15 1432 14396.642 2214.314 0.59134144
15 1433 14393.894 2214.6165 0.5913013
15 1434 14391.203 2214.8909 0.59125346
15 1435 14388.581 2215.1978 0.59117484
15 1436 14386.053 2215.5225 0.59105694
15 1437 14383.616 2215.85 0.5909029
15 1438 14381.221 2216.122 0.5907214
15 1439 14378.834 2216.3591 0.5905217
15 1440 14376.36 2216.5776 0.59031147
15 1441 14373.748 2216.7632 0.5900964
15 1442 14370.975 2216.931 0.58987916
15 1443 14368.049 2217.1362 0.58965987
15 1444 14365.002 2217.3784 0.58943856
15 1445 14361.879 2217.6545 0.5892187
15 1446 14358.701 2217.947 0.5890086
15 1447 14355.495 2218.2717 0.5888196
15 1448 14352.265 2218.6414 0.58865976
15 1449 14348.962 2219.049 0.58853006
15 1450 14345.6 2219.508 0.58842534
15 1451 14342.158 2220.03 0.58833843
15 1452 14338.632 2220.6206 0.5882633
15 1453 14335.039 2221.2832 0.5881956
15 1454 14331.393 2222.0227 0.588132
15 1455 14327.69 2222.8477 0.5880707
15 1456 14323.961 2223.7712 0.5880132
15 1457 14320.249 2224.8098 0.5879651
15 1458 14316.541 2225.9805 0.5879345
15 1459 14312.789 2227.294 0.5879277
15 1460 14309.039 2228.7522 0.58794504
15 1461 14305.316 2230.3513 0.58797973
15 1462 14301.643 2232.0906 0.58802015
15 1463 14298.025 2233.979 0.5880534
15 1464 14294.355 2236.0298 0.58806926
15 1465 14290.613 2238.2524 0.58806247
15 1466 14286.771 2240.644 0.5880335
15 1467 14282.826 2243.187 0.58798814
15 1468 14278.792 2245.8542 0.5879356
15 1469 14274.6875 2248.612 0.5878851
15 1470 14270.553 2251.4246 0.58784217
15 1471 14266.361 2254.2556 0.58780736
15 1472 14262.15 2257.071 0.5877772
15 1473 14257.999 2259.8328 0.5877477
15 1474 14253.824 2262.5103 0.58771724
15 1475 14249.626 2265.0781 0.58768684
15 1476 14245.4375 2267.5159 0.58765775
15 1477 14241.2 2269.8096 0.587628
15 1478 14236.911 2271.9504 0.5875919
15 1479 14232.595 2273.936 0.5875427
15 1480 14228.224 2275.771 0.58747804
15 1481 14223.799 2277.4658 0.58740455
15 1482 14219.349 2279.0364 0.58733827
15 1483 14214.953 2280.5007 0.58729833
15 1484 14210.637 2281.875 0.587298
15 1485 14206.435 2283.1707 0.5873383
15 1486 14202.384 2284.3955 0.58740836
15 1487 14198.501 2285.5598 0.5874905
15 1488 14194.767 2286.6753 0.5875669
15 1489 14191.134 2287.7502 0.58762455
15 1490 14187.536 2288.8062 0.58765674
15 1491 14183.969 2289.826 0.587663
15 1492 14180.35 2290.8445 0.5876477
15 1493 14176.701 2291.8594 0.5876175
15 1494 14172.993 2292.8892 0.5875798
15 1495 14169.226 2293.9292 0.58754086
15 1496 14165.449 2294.9949 0.5875054
15 1497 14161.75 2296.0776 0.5874764
15 1498 14158.105 2297.155 0.587455
15 1499 14154.515 2298.2205 0.5874412
15 1500 14150.98 2299.2534 0.5874353
15 1501 14147.506 2300.3008 0.58743906
15 1502 14144.093 2301.3145 0.5874561
15 1503 14140.744 2302.346 0.5874892
15 1504 14137.471 2303.4111 0.58753735
15 1505 14134.296 2304.5105 0.5875949
15 1506 14131.253 2305.6426 0.58765304
15 1507 14128.373 2306.79 0.58770233
15 1508 14125.682 2307.9397 0.5877352
15 1509 14123.194 2309.049 0.58774704
15 1510 14120.917 2310.0957 0.58773774
15 1511 14118.84 2311.0645 0.58771133
15 1512 14116.941 2311.9517 0.5876743
15 1513 14115.186 2312.7642 0.5876334
15 1514 14113.535 2313.5125 0.58759344
15 1515 14111.95 2314.2043 0.5875574
15 1516 14110.388 2314.8406 0.5875274
15 1517 14108.86 2315.4148 0.5875059
15 1518 14107.28 2315.9158 0.58749527
15 1519 14105.755 2316.3333 0.5874971
15 1520 14104.197 2316.661 0.5875115
15 1521 14102.643 2316.901 0.58753765
15 1522 14101.142 2317.0662 0.5875738
15 1523 14099.669 2317.1814 0.5876166
15 1524 14098.169 2317.2646 0.58766025
15 1525 14096.675 2317.3333 0.58769727
15 1526 14095.208 2317.424 0.5877204
15 1527 14093.79 2317.5352 0.5877241
15 1528 14092.425 2317.684 0.58770394
15 1529 14091.076 2317.8452 0.5876549
15 1530 14089.76 2317.9917 0.58757055
15 1531 14088.515 2318.1055 0.5874468
15 1532 14087.318 2318.1914 0.58728695
15 1533 14086.179 2318.276 0.58710414
15 1534 14085.067 2318.3757 0.5869183
15 1535 14084.012 2318.4915 0.5867503
15 1536 14083.01 2318.59 0.5866169
15 1537 14082.06 2318.6526 0.58652705
15 1538 14081.155 2318.7456 0.5864812
15 1539 14080.302 2318.828 0.58647156
15 1540 14079.431 2318.8748 0.58648485
15 1541 14078.502 2318.899 0.58650565
15 1542 14077.57 2318.9382 0.5865199
15 1543 14076.686 2318.9417 0.5865175
15 1544 14075.826 2318.9155 0.5864942
15 1545 14075.0205 2318.875 0.5864513
15 1546 14074.273 2318.807 0.58639455
15 1547 14073.582 2318.727 0.58633155
15 1548 14072.925 2318.6812 0.5862692
15 1549 14072.32 2318.6526 0.5862122
15 1550 14071.765 2318.6624 0.58616245
15 1551 14071.259 2318.6838 0.58611953
15 1552 14070.779 2318.6914 0.58608186
15 1553 14070.353 2318.6885 0.58604777
15 1554 14069.98 2318.723 0.586016
15 1555 14069.665 2318.7593 0.58598584
15 1556 14069.404 2318.7805 0.58595693
15 1557 14069.195 2318.772 0.58592904
15 1558 14069.026 2318.7646 0.58590204
15 1559 14068.882 2318.7202 0.585876
15 1560 14068.766 2318.6584 0.5858512
15 1561 14068.666 2318.5806 0.58582807
15 1562 14068.577 2318.5024 0.5858069
15 1563 14068.482 2318.4128 0.58578765
15 1564 14068.414 2318.3367 0.58576995
15 1565 14068.362 2318.2917 0.58575296
15 1566 14068.279 2318.278 0.5857357
15 1567 14068.157 2318.2778 0.58571714
15 1568 14068.068 2318.2842 0.58569646
15 1569 14067.996 2318.2651 0.5856734
15 1570 14067.91 2318.257 0.58564794
15 1571 14067.85 2318.21 0.58562046
15 1572 14067.791 2318.1624 0.58559144
15 1573 14067.785 2318.1533 0.58556145
15 1574 14067.808 2318.1692 0.5855308
15 1575 14067.799 2318.1992 0.5854998
15 1576 14067.794 2318.212 0.5854684
15 1577 14067.824 2318.217 0.5854367
15 1578 14067.831 2318.22 0.5854047
15 1579 14067.867 2318.206 0.58537257
15 1580 14067.925 2318.1577 0.5853407
15 1581 14068.036 2318.071 0.5853096
15 1582 14068.094 2318.0212 0.58528036
15 1583 14068.161 2317.9678 0.58525395
15 1584 14068.266 2317.8894 0.5852313
15 1585 14068.37 2317.815 0.5852126
15 1586 14068.443 2317.7249 0.5851972
15 1587 14068.466 2317.6316 0.5851842
15 1588 14068.515 2317.548 0.5851726
15 1589 14068.545 2317.4966 0.5851617
15 1590 14068.604 2317.459 0.58515126
15 1591 14068.685 2317.3887 0.58514106
15 1592 14068.817 2317.3176 0.5851311
15 1593 14068.961 2317.2615 0.58512115
15 1594 14069.081 2317.2136 0.585111
15 1595 14069.146 2317.1682 0.5851004
15 1596 14069.177 2317.1406 0.58508927
15 1597 14069.205 2317.1235 0.58507764
15 1598 14069.213 2317.1 0.58506596
15 1599 14069.2295 2317.0942 0.58505476
15 1600 14069.225 2317.1 0.5850442
15 1601 14069.191 2317.086 0.58503395
15 1602 14069.111 2317.088 0.5850233
15 1603 14068.985 2317.1213 0.58501184
15 1604 14068.885 2317.142 0.58500034
15 1605 14068.786 2317.1458 0.5849915
15 1606 14068.641 2317.141 0.58499
15 1607 14068.472 2317.1638 0.5850018
15 1608 14068.256 2317.161 0.5850312
15 1609 14068.005 2317.1382 0.58507854
15 1610 14067.698 2317.1404 0.5851393
15 1611 14067.363 2317.176 0.5852058
15 1612 14067.065 2317.2268 0.58527005
15 1613 14066.818 2317.2803 0.58532596
15 1614 14066.598 2317.3381 0.58536977
15 1615 14066.425 2317.3672 0.58540016
15 1616 14066.311 2317.395 0.5854176
15 1617 14066.247 2317.4202 0.5854239
15 1618 14066.214 2317.4138 0.58542144
15 1619 14066.213 2317.4258 0.5854129
15 1620 14066.221 2317.4358 0.58540046
15 1621 14066.2295 2317.428 0.5853858
15 1622 14066.214 2317.4321 0.5853701
15 1623 14066.245 2317.4333 0.58535415
15 1624 14066.296 2317.4082 0.5853381
15 1625 14066.377 2317.4043 0.5853217
15 1626 14066.398 2317.4397 0.5853042
15 1627 14066.425 2317.4963 0.58528507
15 1628 14066.465 2317.5403 0.58526415
15 1629 14066.541 2317.5483 0.585242
15 1630 14066.655 2317.5388 0.5852191
15 1631 14066.762 2317.4934 0.585196
15 1632 14066.919 2317.4287 0.5851729
15 1633 14067.059 2317.392 0.5851499
15 1634 14067.184 2317.3699 0.58512866
15 1635 14067.343 2317.3782 0.5851145
15 1636 14067.4795 2317.4019 0.58511806
15 1637 14067.562 2317.3909 0.5851537
15 1638 14067.579 2317.3594 0.5852336
15 1639 14067.53 2317.289 0.58536047
15 1640 14067.421 2317.245 0.5855238
15 1641 14067.283 2317.1804 0.58570373
15 1642 14067.092 2317.1365 0.585878
15 1643 14066.925 2317.1262 0.5860289
15 1644 14066.8125 2317.1455 0.5861463
15 1645 14066.755 2317.1602 0.5862274
15 1646 14066.724 2317.138 0.5862744
15 1647 14066.746 2317.1162 0.58629227
15 1648 14066.802 2317.13 0.5862874
15 1649 14066.874 2317.179 0.58626646
15 1650 14066.968 2317.2651 0.58623564
15 1651 14067.04 2317.37 0.5861997
15 1652 14067.066 2317.5132 0.58616185
15 1653 14067.069 2317.6917 0.58612376
15 1654 14067.022 2317.9014 0.5860859
15 1655 14067.025 2318.1123 0.58604795
15 1656 14067.004 2318.334 0.58600926
15 1657 14066.933 2318.5928 0.58596945
15 1658 14066.869 2318.8706 0.5859286
15 1659 14066.825 2319.122 0.58588725
15 1660 14066.825 2319.3413 0.5858459
15 1661 14066.803 2319.5427 0.585805
15 1662 14066.801 2319.71 0.58576477
15 1663 14066.782 2319.853 0.58572507
15 1664 14066.732 2320.0256 0.5856853
15 1665 14066.732 2320.2126 0.5856447
15 1666 14066.68 2320.438 0.5856027
15 1667 14066.571 2320.6804 0.58555907
15 1668 14066.522 2320.8994 0.5855139
15 1669 14066.442 2321.0986 0.58546746
15 1670 14066.311 2321.3276 0.58542
15 1671 14066.129 2321.5857 0.58537173
15 1672 14065.898 2321.8823 0.5853232
15 1673 14065.616 2322.2183 0.5852751
15 1674 14065.279 2322.584 0.58522797
15 1675 14064.886 2322.9639 0.58518195
15 1676 14064.465 2323.3564 0.58513784
15 1677 14063.991 2323.716 0.5850982
15 1678 14063.467 2324.0598 0.5850676
15 1679 14062.885 2324.3733 0.5850509
15 1680 14062.251 2324.6506 0.5850506
15 1681 14061.561 2324.9048 0.5850648
15 1682 14060.842 2325.1912 0.58508813
15 1683 14060.074 2325.494 0.58511376
15 1684 14059.315 2325.8306 0.58513623
15 1685 14058.586 2326.1978 0.5851528
15 1686 14057.842 2326.5989 0.5851638
15 1687 14057.152 2327.0525 0.5851712
15 1688 14056.483 2327.5388 0.5851774
15 1689 14055.865 2328.0625 0.5851833
15 1690 14055.223 2328.6301 0.5851881
15 1691 14054.53 2329.249 0.5851894
15 1692 14053.8125 2329.9229 0.58518445
15 1693 14053.047 2330.6526 0.5851715
15 1694 14052.232 2331.436 0.58515036
15 1695 14051.366 2332.2708 0.58512276
15 1696 14050.448 2333.156 0.585092
15 1697 14049.48 2334.092 0.58506185
15 1698 14048.458 2335.0808 0.5850353
15 1699 14047.387 2336.1252 0.5850141
15 1700 14046.295 2337.228 0.58499867
15 1701 14045.243 2338.3923 0.5849883
15 1702 14044.231 2339.6206 0.5849816
15 1703 14043.17 2340.9153 0.5849771
15 1704 14042.138 2342.2764 0.5849733
15 1705 14041.145 2343.7004 0.58496904
15 1706 14040.198 2345.1812 0.584963
15 1707 14039.201 2346.704 0.58495396
15 1708 14038.198 2348.261 0.5849412
15 1709 14037.216 2349.8362 0.5849252
15 1710 14036.203 2351.4475 0.58490723
15 1711 14035.191 2353.007 0.5848893
15 1712 14034.201 2354.5295 0.5848734
15 1713 14033.232 2356.0154 0.58486104
15 1714 14032.288 2357.4688 0.5848531
15 1715 14031.289 2358.8855 0.58484906
15 1716 14030.234 2360.2832 0.5848482
15 1717 14029.151 2361.6484 0.58484906
15 1718 14028.014 2362.9622 0.5848491
15 1719 14026.823 2364.2336 0.5848471
15 1720 14025.63 2365.4492 0.5848426
15 1721 14024.485 2366.6033 0.5848358
15 1722 14023.339 2367.695 0.584827
15 1723 14022.229 2368.7244 0.58481646
15 1724 14021.098 2369.6892 0.58480483
15 1725 14019.957 2370.5847 0.584793
15 1726 14018.84 2371.4053 0.5847815
15 1727 14017.667 2372.1462 0.5847709
15 1728 14016.47 2372.8064 0.5847611
15 1729 14015.265 2373.3894 0.5847521
15 1730 14014.001 2373.9014 0.584745
15 1731 14012.691 2374.351 0.5847415
15 1732 14011.36 2374.7488 0.5847435
15 1733 14009.985 2375.103 0.58475196
15 1734 14008.591 2375.4373 0.58476615
15 1735 14007.249 2375.7336 0.5847844
15 1736 14005.968 2375.995 0.58480483
15 1737 14004.756 2376.2302 0.5848259
15 1738 14003.601 2376.4382 0.58484644
15 1739 14002.493 2376.6235 0.58486533
15 1740 14001.433 2376.7788 0.5848814
15 1741 14000.395 2376.9543 0.58489406
15 1742 13999.355 2377.1604 0.5849033
15 1743 13998.266 2377.3638 0.58491
15 1744 13997.199 2377.5986 0.58491534
15 1745 13996.186 2377.8132 0.5849205
15 1746 13995.23 2377.9993 0.5849263
15 1747 13994.346 2378.1716 0.584933
15 1748 13993.546 2378.362 0.58494055
15 1749 13992.843 2378.5842 0.5849488
15 1750 13992.243 2378.821 0.58495706
15 1751 13991.746 2379.0427 0.58496463
15 1752 13991.346 2379.2468 0.5849707
15 1753 13991.029 2379.4204 0.58497506
15 1754 13990.784 2379.564 0.584978
15 1755 13990.595 2379.6694 0.58497965
15 1756 13990.454 2379.8015 0.5849802
15 1757 13990.363 2379.951 0.58497965
15 1758 13990.32 2380.084 0.58497846
15 1759 13990.302 2380.2178 0.5849775
15 1760 13990.33 2380.356 0.5849779
15 1761 13990.409 2380.5332 0.5849806
15 1762 13990.527 2380.7283 0.5849858
15 1763 13990.587 2380.9614 0.5849932
15 1764 13990.624 2381.1685 0.5850019
15 1765 13990.624 2381.326 0.58501047
15 1766 13990.665 2381.4487 0.58501756
15 1767 13990.732 2381.5547 0.5850221
15 1768 13990.806 2381.6257 0.58502394
15 1769 13990.886 2381.6594 0.5850238
15 1770 13991.005 2381.6558 0.5850229
