0 0 4903.145 2689.0571 1.0
0 1 4903.9155 2688.4805 0.99984735
0 2 4904.665 2687.8684 0.99956465
0 3 4905.37 2687.2058 0.9990564
0 4 4906.114 2686.508 0.9982419
0 5 4906.831 2685.7686 0.9970788
0 6 4907.4927 2684.99 0.9955729
0 7 4908.1475 2684.1929 0.993768
0 8 4908.8457 2683.359 0.9917235
0 9 4909.567 2682.5032 0.9894984
0 10 4910.333 2681.682 0.98714477
0 11 4911.1455 2680.8699 0.9847075
0 12 4911.9185 2680.0503 0.9822225
0 13 4912.714 2679.2585 0.9797162
0 14 4913.508 2678.4673 0.9772107
0 15 4914.25 2677.6624 0.9747313
0 16 4914.939 2676.8242 0.972307
0 17 4915.5996 2675.989 0.9699602
0 18 4916.204 2675.1907 0.9676932
0 19 4916.7593 2674.4133 0.96548516
0 20 4917.327 2673.6326 0.9633022
0 21 4917.9536 2672.8179 0.9611137
0 22 4918.6064 2671.9534 0.95890135
0 23 4919.3076 2671.0579 0.956657
0 24 4920.0405 2670.1277 0.9543755
0 25 4920.789 2669.1597 0.95205295
0 26 4921.483 2668.1724 0.9496913
0 27 4922.127 2667.1467 0.94730216
0 28 4922.751 2666.086 0.94490373
0 29 4923.3945 2664.9946 0.9425131
0 30 4924.071 2663.909 0.94014126
0 31 4924.7705 2662.8364 0.937794
0 32 4925.4346 2661.749 0.9354744
0 33 4926.148 2660.623 0.93318295
0 34 4926.9116 2659.4956 0.93091667
0 35 4927.7227 2658.33 0.9286703
0 36 4928.557 2657.1252 0.9264402
0 37 4929.4253 2655.9011 0.92422694
0 38 4930.3516 2654.6423 0.9220349
0 39 4931.3306 2653.3904 0.9198702
0 40 4932.238 2652.1748 0.91773933
0 41 4933.0874 2650.9998 0.915648
0 42 4933.878 2649.8657 0.9135977
0 43 4934.612 2648.7688 0.9115807
0 44 4935.2925 2647.689 0.9095766
0 45 4935.9478 2646.6443 0.9075544
0 46 4936.555 2645.5984 0.905482
0 47 4937.1685 2644.502 0.903338
0 48 4937.7915 2643.3694 0.9011174
0 49 4938.389 2642.1926 0.89882654
0 50 4938.968 2640.969 0.89647406
0 51 4939.5664 2639.7 0.89406645
0 52 4940.2085 2638.3909 0.8916111
0 53 4940.842 2637.0635 0.889119
0 54 4941.534 2635.6995 0.8866024
0 55 4942.214 2634.318 0.88406897
0 56 4942.843 2632.9688 0.8815203
0 57 4943.4146 2631.6338 0.87895626
0 58 4943.959 2630.3328 0.8763787
0 59 4944.455 2629.0303 0.8737895
0 60 4944.9487 2627.764 0.8711864
0 61 4945.4697 2626.5127 0.8685654
0 62 4945.9956 2625.2654 0.86593044
0 63 4946.4893 2623.9788 0.8633026
0 64 4946.9453 2622.6868 0.86071855
0 65 4947.411 2621.4258 0.8582161
0 66 4947.922 2620.202 0.8558163
0 67 4948.409 2618.9978 0.8535144
0 68 4948.8765 2617.832 0.85128546
0 69 4949.2847 2616.6992 0.8490967
0 70 4949.7266 2615.5469 0.84691656
0 71 4950.214 2614.3582 0.84471846
0 72 4950.6997 2613.133 0.84248453
0 73 4951.1377 2611.8896 0.84021044
0 74 4951.551 2610.6096 0.8379061
0 75 4951.915 2609.2964 0.83558905
0 76 4952.25 2607.9692 0.83327365
0 77 4952.619 2606.6736 0.8309664
0 78 4953.0156 2605.4094 0.8286683
0 79 4953.3887 2604.163 0.8263783
0 80 4953.8203 2602.9346 0.8240915
0 81 4954.311 2601.735 0.821796
0 82 4954.805 2600.5034 0.8194752
0 83 4955.25 2599.2344 0.81711674
0 84 4955.67 2597.929 0.81471944
0 85 4956.042 2596.609 0.8122914
0 86 4956.375 2595.2708 0.8098431
0 87 4956.764 2593.9792 0.8073855
0 88 4957.1035 2592.7244 0.8049364
0 89 4957.3896 2591.524 0.8025266
0 90 4957.653 2590.3923 0.80019474
0 91 4957.967 2589.3374 0.79797
0 92 4958.279 2588.353 0.7958554
0 93 4958.5396 2587.4224 0.79382515
0 94 4958.771 2586.5137 0.7918382
0 95 4958.968 2585.619 0.78985655
0 96 4959.2095 2584.6748 0.787855
0 97 4959.473 2583.6687 0.78582114
0 98 4959.7085 2582.5942 0.7837492
0 99 4959.982 2581.4583 0.78163826
0 100 4960.304 2580.274 0.7794927
0 101 4960.676 2579.0686 0.7773226
0 102 4961.0713 2577.8245 0.77514225
0 103 4961.44 2576.5842 0.7729682
0 104 4961.782 2575.3606 0.77081895
0 105 4962.076 2574.1733 0.7687131
0 106 4962.319 2573.0134 0.76666385
0 107 4962.536 2571.888 0.7646739
0 108 4962.808 2570.8008 0.7627365
0 109 4963.1064 2569.732 0.7608418
0 110 4963.427 2568.7 0.7589819
0 111 4963.6973 2567.6694 0.75715125
0 112 4963.9443 2566.6519 0.7553452
0 113 4964.2266 2565.6226 0.7535622
0 114 4964.539 2564.5566 0.7518095
0 115 4964.848 2563.4844 0.75010484
0 116 4965.125 2562.4683 0.7484683
0 117 4965.3516 2561.4937 0.74690723
0 118 4965.5996 2560.5642 0.7454077
0 119 4965.7993 2559.6558 0.7439386
0 120 4965.9756 2558.7827 0.7424655
0 121 4966.1846 2557.9387 0.7409621
0 122 4966.373 2557.0566 0.7394133
0 123 4966.58 2556.1582 0.73781145
0 124 4966.8247 2555.2212 0.7361542
0 125 4967.0195 2554.2458 0.7344473
0 126 4967.1875 2553.2334 0.7327056
0 127 4967.299 2552.1885 0.7309493
0 128 4967.388 2551.1257 0.7291965
0 129 4967.525 2550.075 0.7274595
0 130 4967.7046 2549.0376 0.725746
0 131 4967.905 2548.001 0.7240622
0 132 4968.0723 2546.9424 0.722412
0 133 4968.2363 2545.8782 0.7207939
0 134 4968.4536 2544.8323 0.71920156
0 135 4968.7197 2543.767 0.7176278
0 136 4969.007 2542.6858 0.71606934
0 137 4969.2397 2541.565 0.7145274
0 138 4969.4395 2540.4792 0.7130062
0 139 4969.68 2539.4248 0.7115126
0 140 4969.863 2538.4048 0.7100573
0 141 4969.9976 2537.4243 0.70865303
0 142 4970.1045 2536.4875 0.70730805
0 143 4970.1577 2535.5925 0.7060194
0 144 4970.2017 2534.7173 0.7047714
0 145 4970.298 2533.8777 0.7035419
0 146 4970.4307 2533.068 0.70231104
0 147 4970.5674 2532.2373 0.70106655
0 148 4970.6777 2531.3904 0.6998018
0 149 4970.785 2530.525 0.69851196
0 150 4970.943 2529.6948 0.69719267
0 151 4971.0693 2528.8674 0.6958433
0 152 4971.147 2528.0115 0.69446886
0 153 4971.2007 2527.1404 0.6930769
0 154 4971.252 2526.2822 0.6916723
0 155 4971.3594 2525.4375 0.69025517
0 156 4971.499 2524.6257 0.68882394
0 157 4971.698 2523.7837 0.6873785
0 158 4971.8447 2522.923 0.6859196
0 159 4971.941 2522.023 0.68444574
0 160 4971.9883 2521.101 0.6829529
0 161 4972.0117 2520.1467 0.68143773
0 162 4971.9873 2519.2234 0.67990184
0 163 4971.9155 2518.344 0.6783525
0 164 4971.795 2517.5308 0.6768015
0 165 4971.68 2516.7969 0.6752628
0 166 4971.596 2516.1445 0.67374986
0 167 4971.5664 2515.5657 0.67227226
0 168 4971.5127 2515.046 0.6708319
0 169 4971.5 2514.5698 0.669421
0 170 4971.5464 2514.1123 0.6680238
0 171 4971.625 2513.6895 0.6666231
0 172 4971.737 2513.2834 0.665208
0 173 4971.799 2512.8594 0.6637766
0 174 4971.834 2512.4004 0.66233265
0 175 4971.883 2511.9194 0.6608797
0 176 4971.991 2511.4539 0.6594178
0 177 4972.1245 2511.007 0.65794635
0 178 4972.258 2510.5466 0.65646553
0 179 4972.381 2510.0571 0.6549754
0 180 4972.45 2509.566 0.65347403
0 181 4972.5557 2509.0884 0.65195805
0 182 4972.665 2508.6467 0.65042675
0 183 4972.734 2508.2324 0.6488848
0 184 4972.7646 2507.8008 0.64733976
0 185 4972.8516 2507.362 0.6457981
0 186 4972.9883 2506.9604 0.64426374
0 187 4973.1157 2506.5889 0.6427417
0 188 4973.2407 2506.214 0.64124215
0 189 4973.366 2505.8223 0.6397802
0 190 4973.5186 2505.4338 0.6383704
0 191 4973.7285 2505.0803 0.63701904
0 192 4973.901 2504.7437 0.63572055
0 193 4974.021 2504.4414 0.6344597
0 194 4974.093 2504.1594 0.6332166
0 195 4974.1445 2503.8481 0.63197064
0 196 4974.2524 2503.5225 0.6307022
0 197 4974.39 2503.1682 0.62939537
0 198 4974.555 2502.8022 0.62804145
0 199 4974.691 2502.3987 0.6266406
0 200 4974.767 2501.9585 0.62519914
0 201 4974.8384 2501.5042 0.6237247
0 202 4974.9297 2501.0747 0.6222243
0 203 4974.969 2500.6616 0.62070525
0 204 4974.985 2500.279 0.61917526
0 205 4975.008 2499.9277 0.61763865
0 206 4975.09 2499.5933 0.61609256
0 207 4975.1724 2499.2896 0.6145284
0 208 4975.1978 2499.0212 0.6129381
0 209 4975.195 2498.7898 0.6113191
0 210 4975.138 2498.5088 0.60967284
0 211 4975.068 2498.193 0.6079997
0 212 4975.0186 2497.8386 0.6062984
0 213 4975.0205 2497.4438 0.60457206
0 214 4975.0723 2497.013 0.60283434
0 215 4975.0854 2496.565 0.6011069
0 216 4975.083 2496.0835 0.59940577
0 217 4975.107 2495.624 0.5977232
0 218 4975.1816 2495.1785 0.596008
0 219 4975.226 2494.744 0.5941464
0 220 4975.248 2494.2534 0.59195113
0 221 4975.303 2493.6746 0.5891772
0 222 4975.42 2492.9666 0.58557457
0 223 4975.6357 2492.0986 0.5809615
0 224 4975.984 2491.058 0.57528156
0 225 4976.489 2489.851 0.5686159
0 226 4977.159 2488.498 0.5611511
0 227 4977.9854 2487.0269 0.5531215
0 228 4978.944 2485.4673 0.5447525
0 229 4980.0034 2483.8462 0.53622127
0 230 4981.126 2482.185 0.52764446
0 231 4982.2935 2480.487 0.5190893
0 232 4983.485 2478.7476 0.51059777
0 233 4984.6484 2476.9648 0.5022076
0 234 4985.798 2475.1265 0.49395955
0 235 4986.889 2473.216 0.48589456
0 236 4987.944 2471.2178 0.47804743
0 237 4988.9536 2469.1223 0.4704462
0 238 4990.009 2466.9338 0.46311903
0 239 4991.0063 2464.6777 0.45610195
0 240 4991.9473 2462.397 0.44943622
0 241 4992.833 2460.097 0.4431495
0 242 4993.692 2457.8386 0.43723258
0 243 4994.5015 2455.6206 0.43163207
0 244 4995.31 2453.4187 0.42626813
0 245 4996.1694 2451.2534 0.4210659
0 246 4997.0806 2449.0513 0.41598022
0 247 4998.0386 2446.8313 0.41100144
0 248 4998.9746 2444.5776 0.40614375
0 249 4999.86 2442.3484 0.401426
0 250 5000.693 2440.169 0.3968556
0 251 5001.472 2438.0715 0.3924214
0 252 5002.1953 2436.0842 0.38809633
0 253 5002.862 2434.2275 0.3838475
0 254 5003.4995 2432.5134 0.3796489
0 255 5004.08 2430.945 0.37548977
0 256 5004.604 2429.5186 0.37137556
0 257 5005.0737 2428.2256 0.36732227
0 258 5005.493 2427.054 0.36334932
0 259 5005.8643 2425.9895 0.35947436
0 260 5006.254 2425.0193 0.3557108
0 261 5006.6904 2424.1343 0.35206643
0 262 5007.1514 2423.3325 0.34854415
0 263 5007.6094 2422.6184 0.34514585
0 264 5008.093 2421.9985 0.34187788
0 265 5008.632 2421.478 0.33875215
0 266 5009.217 2421.0552 0.33577877
0 267 5009.775 2420.721 0.33295488
0 268 5010.2856 2420.4585 0.33025944
0 269 5010.769 2420.2495 0.3276596
0 270 5011.2017 2420.077 0.32512328
0 271 5011.5967 2419.9182 0.32263017
0 272 5012.027 2419.7947 0.32017577
0 273 5012.413 2419.6396 0.3177682
0 274 5012.773 2419.4636 0.3154211
0 275 5013.154 2419.2493 0.313147
0 276 5013.5684 2419.0015 0.31095347
0 277 5014.0425 2418.7385 0.30884337
0 278 5014.5513 2418.5002 0.3068182
0 279 5015.1147 2418.2666 0.30488217
0 280 5015.642 2418.046 0.30304483
0 281 5016.1636 2417.809 0.30132028
0 282 5016.6914 2417.586 0.2997239
0 283 5017.1924 2417.3975 0.29826742
0 284 5017.6685 2417.2463 0.2969558
0 285 5018.0938 2417.1143 0.29578722
0 286 5018.5645 2417.0164 0.2947565
0 287 5019.01 2416.9182 0.29385895
0 288 5019.44 2416.7842 0.293092
0 289 5019.857 2416.637 0.2924538
0 290 5020.2666 2416.4622 0.29194018
0 291 5020.623 2416.2869 0.29154235
0 292 5020.931 2416.148 0.2912466
0 293 5021.183 2416.0403 0.29103574
0 294 5021.3774 2415.961 0.2908914
0 295 5021.5483 2415.8967 0.29079634
0 296 5021.7285 2415.8132 0.29073587
0 297 5021.9585 2415.6987 0.29069856
0 298 5022.1636 2415.5835 0.2906762
0 299 5022.34 2415.4849 0.29066327
0 300 5022.512 2415.391 0.29065615
0 301 5022.656 2415.3044 0.29065263
0 302 5022.835 2415.2466 0.29065132
0 303 5023.0356 2415.1719 0.29065135
0 304 5023.2026 2415.0613 0.29065222
0 305 5023.3174 2414.9333 0.29065353
0 306 5023.4307 2414.8027 0.2906551
0 307 5023.565 2414.6768 0.29065683
0 308 5023.717 2414.5337 0.29065877
0 309 5023.86 2414.3647 0.29066092
0 310 5024.0244 2414.1995 0.29066324
0 311 5024.2183 2414.0442 0.29066566
0 312 5024.3896 2413.9026 0.29066804
0 313 5024.5293 2413.7656 0.2906704
0 314 5024.7114 2413.6045 0.29067272
0 315 5024.902 2413.4622 0.29067507
0 316 5025.1055 2413.342 0.29067755
0 317 5025.2964 2413.2148 0.29068005
0 318 5025.439 2413.085 0.29068258
0 319 5025.553 2412.971 0.2906851
0 320 5025.619 2412.8857 0.2906876
0 321 5025.708 2412.7734 0.2906902
0 322 5025.855 2412.6362 0.2906931
0 323 5026.047 2412.4873 0.29069623
0 324 5026.25 2412.3245 0.29069957
0 325 5026.443 2412.1416 0.29070294
0 326 5026.6084 2411.9414 0.29070613
0 327 5026.762 2411.7131 0.29070902
0 328 5026.963 2411.4705 0.29071155
0 329 5027.2026 2411.1992 0.29071367
0 330 5027.46 2410.935 0.29071534
0 331 5027.717 2410.6816 0.29071656
0 332 5027.994 2410.4116 0.2907174
0 333 5028.2534 2410.111 0.29071802
0 334 5028.5317 2409.783 0.29071867
0 335 5028.8057 2409.4785 0.2907195
0 336 5029.032 2409.18 0.29072064
0 337 5029.211 2408.861 0.29072198
0 338 5029.422 2408.572 0.2907235
0 339 5029.675 2408.316 0.2907251
0 340 5029.9487 2408.075 0.29072672
0 341 5030.2417 2407.8306 0.2907283
0 342 5030.549 2407.5854 0.29072973
0 343 5030.839 2407.3774 0.29073086
0 344 5031.0796 2407.1912 0.29073167
0 345 5031.2964 2407.0266 0.29073223
0 346 5031.454 2406.8604 0.29073265
0 347 5031.61 2406.7075 0.29073307
0 348 5031.8164 2406.5596 0.29073352
0 349 5032.047 2406.3855 0.29073396
0 350 5032.3276 2406.1814 0.29073435
0 351 5032.658 2405.9934 0.2907346
0 352 5032.971 2405.8247 0.2907346
0 353 5033.2656 2405.621 0.29073432
0 354 5033.5923 2405.4004 0.29073378
0 355 5033.891 2405.144 0.29073313
0 356 5034.2104 2404.8997 0.2907325
0 357 5034.583 2404.6162 0.29073194
0 358 5034.9746 2404.3018 0.2907314
0 359 5035.327 2403.988 0.29073068
0 360 5035.6533 2403.6492 0.2907296
0 361 5035.9814 2403.2852 0.29072815
0 362 5036.348 2402.9153 0.29072624
0 363 5036.689 2402.5498 0.29072386
0 364 5037.0073 2402.2178 0.29072106
0 365 5037.2935 2401.9006 0.2907178
0 366 5037.613 2401.568 0.29071411
0 367 5037.9536 2401.2202 0.29071003
0 368 5038.261 2400.9106 0.29070562
0 369 5038.5195 2400.6382 0.29070094
0 370 5038.8022 2400.3806 0.29069608
0 371 5039.13 2400.1223 0.29069105
0 372 5039.5024 2399.8298 0.2906859
0 373 5039.8726 2399.531 0.2906806
0 374 5040.197 2399.2507 0.29067516
0 375 5040.4995 2398.9973 0.29066968
0 376 5040.7856 2398.7703 0.2906642
0 377 5041.058 2398.5647 0.29065877
0 378 5041.293 2398.3594 0.29065356
0 379 5041.546 2398.1143 0.29064873
0 380 5041.8394 2397.8672 0.2906445
0 381 5042.163 2397.6335 0.29064092
0 382 5042.492 2397.417 0.290638
0 383 5042.77 2397.1956 0.29063562
0 384 5043.075 2396.9888 0.29063368
0 385 5043.405 2396.813 0.29063207
0 386 5043.79 2396.6506 0.29063067
0 387 5044.124 2396.492 0.29062948
0 388 5044.4346 2396.355 0.29062858
0 389 5044.761 2396.2424 0.29062805
0 390 5045.0967 2396.1355 0.29062796
0 391 5045.454 2396.0195 0.29062828
0 392 5045.778 2395.9248 0.29062894
0 393 5046.043 2395.8584 0.29062983
0 394 5046.277 2395.828 0.29063085
0 395 5046.452 2395.8127 0.29063192
0 396 5046.655 2395.7615 0.290633
0 397 5046.901 2395.6973 0.29063407
0 398 5047.172 2395.6172 0.29063514
0 399 5047.495 2395.529 0.29063627
0 400 5047.7954 2395.4578 0.29063758
0 401 5048.0684 2395.4004 0.2906391
0 402 5048.2827 2395.3167 0.2906408
0 403 5048.48 2395.2114 0.2906426
0 404 5048.664 2395.0815 0.29064438
0 405 5048.849 2394.9873 0.29064614
0 406 5049.093 2394.9326 0.29064798
0 407 5049.3926 2394.9116 0.29064998
0 408 5049.7173 2394.9067 0.29065222
0 409 5050.0093 2394.9165 0.29065475
0 410 5050.294 2394.909 0.29065746
0 411 5050.5874 2394.8667 0.29066014
0 412 5050.922 2394.793 0.2906626
0 413 5051.249 2394.685 0.29066467
0 414 5051.56 2394.542 0.29066643
0 415 5051.8213 2394.4307 0.29066795
0 416 5052.058 2394.3447 0.29066935
0 417 5052.243 2394.2861 0.29067075
0 418 5052.371 2394.203 0.2906722
0 419 5052.444 2394.1333 0.2906738
0 420 5052.468 2394.085 0.29067555
0 421 5052.4507 2394.075 0.29067743
0 422 5052.382 2394.1003 0.29067934
0 423 5052.235 2394.1582 0.290681
0 424 5052.038 2394.2656 0.29068217
0 425 5051.7896 2394.41 0.2906826
0 426 5051.485 2394.608 0.29068226
0 427 5051.1245 2394.8745 0.29068118
0 428 5050.71 2395.2224 0.2906796
0 429 5050.2686 2395.6604 0.2906777
0 430 5049.775 2396.1936 0.29067552
0 431 5049.232 2396.8235 0.29067314
0 432 5048.6445 2397.5474 0.29067048
0 433 5048.022 2398.3606 0.2906677
0 434 5047.3467 2399.2568 0.290665
0 435 5046.6167 2400.229 0.29066262
0 436 5045.837 2401.2705 0.2906607
0 437 5045.03 2402.3733 0.2906593
0 438 5044.1978 2403.5217 0.29065827
0 439 5043.345 2404.7053 0.29065734
0 440 5042.4473 2405.9216 0.2906564
0 441 5041.5024 2407.1523 0.29065526
0 442 5040.5522 2408.359 0.29065397
0 443 5039.622 2409.5283 0.29065266
0 444 5038.72 2410.702 0.2906515
0 445 5037.7705 2411.9287 0.29065052
0 446 5036.7646 2413.1917 0.29064956
0 447 5035.701 2414.498 0.29064837
0 448 5034.5854 2415.8474 0.29064676
0 449 5033.421 2417.2356 0.29064465
0 450 5032.2314 2418.6602 0.29064208
0 451 5030.9937 2420.1199 0.29063916
0 452 5029.754 2421.6152 0.290636
0 453 5028.516 2423.1287 0.2906326
0 454 5027.228 2424.6787 0.29062885
0 455 5025.915 2426.2668 0.29062465
0 456 5024.5527 2427.8782 0.29061994
0 457 5023.138 2429.4763 0.2906148
0 458 5021.6743 2431.0977 0.29060942
0 459 5020.1626 2432.6963 0.290604
0 460 5018.606 2434.2983 0.2905988
0 461 5017.001 2435.8972 0.2905939
0 462 5015.408 2437.521 0.29058912
0 463 5013.866 2439.1409 0.29058418
0 464 5012.3506 2440.7437 0.29057872
0 465 5010.826 2442.3264 0.2905725
0 466 5009.3228 2443.8552 0.29056552
0 467 5007.8687 2445.3486 0.290558
0 468 5006.4116 2446.8225 0.29055023
0 469 5004.893 2448.2612 0.29054242
0 470 5003.277 2449.682 0.29053476
0 471 5001.536 2451.1584 0.29052743
0 472 4999.6597 2452.6775 0.29052055
0 473 4997.6543 2454.25 0.2905143
0 474 4995.542 2455.8787 0.2905089
0 475 4993.349 2457.5608 0.29050452
0 476 4991.1006 2459.284 0.29050112
0 477 4988.831 2461.041 0.29049852
0 478 4986.514 2462.8342 0.2904964
0 479 4984.157 2464.661 0.29049447
0 480 4981.7485 2466.5034 0.2904925
0 481 4979.2856 2468.3752 0.29049036
0 482 4976.767 2470.2537 0.2904881
0 483 4974.194 2472.161 0.2904858
0 484 4971.594 2474.1191 0.2904836
0 485 4968.9434 2476.1106 0.29048163
0 486 4966.2446 2478.1436 0.29048008
0 487 4963.499 2480.218 0.29047906
0 488 4960.707 2482.3125 0.2904786
0 489 4957.8823 2484.4443 0.29047853
0 490 4955.11 2486.576 0.29047865
0 491 4952.414 2488.6758 0.29047862
0 492 4949.808 2490.758 0.29047814
0 493 4947.2837 2492.8071 0.29047707
0 494 4944.795 2494.8958 0.29047543
0 495 4942.3623 2497.0537 0.29047343
0 496 4939.911 2499.3147 0.29047137
0 497 4937.4375 2501.6965 0.2904697
0 498 4934.9097 2504.1995 0.29046872
0 499 4932.3267 2506.8105 0.29046866
0 500 4929.751 2509.5093 0.29046956
0 501 4927.2065 2512.273 0.2904713
0 502 4924.6953 2515.0823 0.29047367
0 503 4922.242 2517.911 0.29047653
0 504 4919.7812 2520.7764 0.29047966
0 505 4917.321 2523.643 0.29048282
0 506 4914.845 2526.5476 0.2904859
0 507 4912.4214 2529.431 0.2904887
0 508 4910.0806 2532.2756 0.29049113
0 509 4907.795 2535.1033 0.29049316
0 510 4905.562 2537.903 0.2904948
0 511 4903.3813 2540.7214 0.29049605
0 512 4901.2544 2543.5793 0.29049692
0 513 4899.1855 2546.473 0.29049745
0 514 4897.184 2549.3625 0.29049766
0 515 4895.2607 2552.1997 0.2904976
0 516 4893.426 2554.9607 0.29049745
0 517 4891.681 2557.6418 0.2904974
0 518 4890.018 2560.2634 0.29049757
0 519 4888.4146 2562.8638 0.2904979
0 520 4886.859 2565.4592 0.29049814
0 521 4885.328 2568.1084 0.29049796
0 522 4883.8237 2570.828 0.29049718
0 523 4882.27 2573.618 0.2904957
0 524 4880.684 2576.4685 0.29049352
0 525 4879.1562 2579.3618 0.29049066
0 526 4877.669 2582.2883 0.2904872
0 527 4876.193 2585.2324 0.29048315
0 528 4874.69 2588.2085 0.29047853
0 529 4873.238 2591.1982 0.2904733
0 530 4871.783 2594.1592 0.29046744
0 531 4870.298 2597.1494 0.29046085
0 532 4868.8433 2600.106 0.2904536
0 533 4867.3447 2603.0593 0.29044574
0 534 4865.7974 2605.9768 0.29043728
0 535 4864.1978 2608.8538 0.29042837
0 536 4862.5483 2611.6814 0.29041913
0 537 4860.8745 2614.4526 0.29040977
0 538 4859.152 2617.1587 0.29040053
0 539 4857.378 2619.7869 0.29039168
0 540 4855.669 2622.3223 0.29038343
0 541 4853.985 2624.7556 0.29037595
0 542 4852.3477 2627.095 0.29036936
0 543 4850.7637 2629.369 0.29036367
0 544 4849.1626 2631.6199 0.29035863
0 545 4847.5063 2633.8816 0.29035398
0 546 4845.7695 2636.1992 0.29034936
0 547 4843.934 2638.5886 0.2903445
0 548 4841.9907 2641.0513 0.2903393
0 549 4839.937 2643.5806 0.29033387
0 550 4837.7764 2646.1682 0.2903286
0 551 4835.5137 2648.8066 0.29032394
0 552 4833.1553 2651.491 0.29032028
0 553 4830.7075 2654.2183 0.2903177
0 554 4828.1797 2656.9873 0.29031622
0 555 4825.591 2659.7979 0.29031554
0 556 4822.952 2662.6504 0.29031527
0 557 4820.2607 2665.5454 0.29031506
0 558 4817.521 2668.4832 0.2903147
0 559 4814.734 2671.4636 0.29031432
0 560 4811.897 2674.4841 0.29031417
0 561 4809.0083 2677.5396 0.29031458
0 562 4806.094 2680.6287 0.29031578
0 563 4803.129 2683.7349 0.29031768
0 564 4800.14 2686.876 0.29032004
0 565 4797.207 2689.972 0.29032254
0 566 4794.335 2693.0156 0.290325
0 567 4791.5254 2696.001 0.2903274
0 568 4788.7446 2698.9592 0.29033
0 569 4785.987 2701.9126 0.29033306
0 570 4783.168 2704.923 0.29033697
0 571 4780.2715 2708.019 0.29034185
0 572 4777.2847 2711.211 0.2903477
0 573 4774.203 2714.4924 0.2903542
0 574 4771.0312 2717.8472 0.29036072
0 575 4767.7783 2721.2563 0.2903666
0 576 4764.456 2724.709 0.2903714
0 577 4761.075 2728.2002 0.29037517
0 578 4757.641 2731.7095 0.29037836
0 579 4754.182 2735.2542 0.2903814
0 580 4750.6733 2738.8323 0.29038447
0 581 4747.1167 2742.4226 0.2903874
0 582 4743.5103 2746.0476 0.29038966
0 583 4739.878 2749.7097 0.29039064
0 584 4736.251 2753.4055 0.2903897
0 585 4732.602 2757.1323 0.29038635
0 586 4728.9155 2760.8762 0.29038054
0 587 4725.2354 2764.6555 0.29037258
0 588 4721.611 2768.4443 0.29036313
0 589 4718.064 2772.236 0.29035297
0 590 4714.5874 2775.9731 0.29034275
0 591 4711.2114 2779.6267 0.29033273
0 592 4707.947 2783.1895 0.29032284
0 593 4704.771 2786.6846 0.2903129
0 594 4701.6562 2790.1553 0.2903028
0 595 4698.569 2793.6855 0.2902928
0 596 4695.433 2797.299 0.29028338
0 597 4692.249 2801.0215 0.29027534
0 598 4689.038 2804.8552 0.29026946
0 599 4685.773 2808.788 0.2902663
0 600 4682.453 2812.8015 0.29026574
0 601 4679.107 2816.8752 0.290267
0 602 4675.82 2820.9924 0.29026902
0 603 4672.5645 2825.128 0.29027092
0 604 4669.3164 2829.2979 0.29027238
0 605 4666.077 2833.5076 0.29027393
0 606 4662.8975 2837.7415 0.29027674
0 607 4659.7446 2842.009 0.2902821
0 608 4656.642 2846.2446 0.29029095
0 609 4653.5894 2850.4731 0.29030332
0 610 4650.561 2854.7222 0.29031846
0 611 4647.584 2858.9863 0.29033533
0 612 4644.6597 2863.2864 0.29035318
0 613 4641.7827 2867.5806 0.2903715
0 614 4638.9478 2871.808 0.29038996
0 615 4636.1763 2875.9268 0.29040796
0 616 4633.493 2879.9094 0.29042456
0 617 4630.9043 2883.7632 0.29043874
0 618 4628.39 2887.528 0.2904499
0 619 4625.927 2891.2617 0.2904581
0 620 4623.4854 2895.0503 0.2904641
0 621 4621.019 2898.8984 0.29046887
0 622 4618.5 2902.8174 0.29047343
0 623 4615.954 2906.7983 0.29047874
0 624 4613.357 2910.82 0.29048577
0 625 4610.7104 2914.856 0.29049537
0 626 4608.0625 2918.915 0.290508
0 627 4605.451 2922.9404 0.29052335
0 628 4602.8955 2926.9321 0.29054037
0 629 4600.368 2930.8894 0.2905575
0 630 4597.8945 2934.829 0.2905733
0 631 4595.4307 2938.7334 0.29058665
0 632 4593.016 2942.602 0.290597
0 633 4590.625 2946.4355 0.29060403
0 634 4588.2817 2950.2341 0.29060772
0 635 4585.9863 2954.0488 0.29060823
0 636 4583.6606 2957.847 0.29060602
0 637 4581.378 2961.6099 0.2906019
0 638 4579.1177 2965.326 0.290597
0 639 4576.8833 2968.971 0.2905924
0 640 4574.6523 2972.511 0.2905892
0 641 4572.504 2975.9182 0.29058823
0 642 4570.41 2979.1877 0.2905898
0 643 4568.3716 2982.346 0.29059368
0 644 4566.3584 2985.4375 0.2905988
0 645 4564.3696 2988.5222 0.29060364
0 646 4562.3354 2991.6475 0.29060665
0 647 4560.251 2994.8308 0.2906067
0 648 4558.1133 2998.078 0.29060337
0 649 4555.949 3001.3806 0.2905968
0 650 4553.7324 3004.7263 0.29058775
0 651 4551.4653 3008.0906 0.2905771
0 652 4549.161 3011.4895 0.290566
0 653 4546.91 3014.882 0.2905555
0 654 4544.6147 3018.289 0.29054672
0 655 4542.293 3021.7307 0.2905406
0 656 4539.9526 3025.192 0.29053774
0 657 4537.635 3028.6904 0.2905382
0 658 4535.367 3032.211 0.29054135
0 659 4533.125 3035.7476 0.29054603
0 660 4530.934 3039.3213 0.29055113
0 661 4528.792 3042.9133 0.290556
0 662 4526.648 3046.5405 0.29056087
0 663 4524.4756 3050.1592 0.29056647
0 664 4522.36 3053.7207 0.29057363
0 665 4520.3057 3057.209 0.29058266
0 666 4518.324 3060.5867 0.2905933
0 667 4516.424 3063.8423 0.29060492
0 668 4514.6 3067.0032 0.29061687
0 669 4512.8325 3070.1116 0.29062867
0 670 4511.1084 3073.219 0.29064003
0 671 4509.4077 3076.3757 0.2906506
0 672 4507.712 3079.607 0.29066017
0 673 4505.957 3082.9167 0.29066852
0 674 4504.179 3086.2961 0.29067567
0 675 4502.3467 3089.7327 0.2906819
0 676 4500.518 3093.2146 0.29068777
0 677 4498.7305 3096.7163 0.29069367
0 678 4497.0 3100.2517 0.29069978
0 679 4495.3193 3103.7935 0.29070607
0 680 4493.6787 3107.3213 0.29071265
0 681 4492.0586 3110.8472 0.29072005
0 682 4490.428 3114.3547 0.2907292
0 683 4488.8154 3117.8997 0.290741
0 684 4487.2534 3121.4636 0.2907557
0 685 4485.7173 3124.9941 0.2907725
0 686 4484.236 3128.4932 0.29079
0 687 4482.804 3131.9612 0.29080656
0 688 4481.409 3135.4114 0.2908208
0 689 4480.085 3138.8418 0.2908319
0 690 4478.811 3142.2205 0.29083943
0 691 4477.5625 3145.5195 0.2908434
0 692 4476.363 3148.7332 0.29084414
0 693 4475.2114 3151.889 0.2908422
0 694 4474.1094 3155.0417 0.2908382
0 695 4473.0557 3158.249 0.29083282
0 696 4472.003 3161.5527 0.29082656
0 697 4470.8975 3164.9731 0.29081985
0 698 4469.828 3168.5095 0.290813
0 699 4468.7896 3172.1462 0.2908061
0 700 4467.785 3175.8599 0.29079914
0 701 4466.756 3179.6287 0.29079196
0 702 4465.712 3183.435 0.29078454
0 703 4464.6177 3187.2559 0.2907771
0 704 4463.528 3191.1113 0.29077002
0 705 4462.4927 3194.952 0.29076383
0 706 4461.488 3198.8105 0.29075882
0 707 4460.5005 3202.6953 0.29075488
0 708 4459.528 3206.5674 0.29075167
0 709 4458.5596 3210.4043 0.29074848
0 710 4457.57 3214.2031 0.2907447
0 711 4456.5693 3217.9558 0.29073983
0 712 4455.6104 3221.649 0.29073372
0 713 4454.6187 3225.263 0.29072648
0 714 4453.6665 3228.7722 0.2907183
0 715 4452.702 3232.1497 0.29070938
0 716 4451.7295 3235.3794 0.29070002
0 717 4450.7803 3238.4707 0.29069063
0 718 4449.8745 3241.4622 0.2906816
0 719 4449.0195 3244.4 0.29067332
0 720 4448.2183 3247.3196 0.29066595
0 721 4447.409 3250.2896 0.29065958
0 722 4446.5747 3253.2986 0.29065406
0 723 4445.6855 3256.328 0.2906493
0 724 4444.7456 3259.3923 0.2906452
0 725 4443.7944 3262.4531 0.29064164
0 726 4442.8145 3265.4624 0.29063827
0 727 4441.7876 3268.4392 0.29063478
0 728 4440.7104 3271.3977 0.29063094
0 729 4439.5776 3274.3174 0.29062665
0 730 4438.4175 3277.1987 0.29062214
0 731 4437.21 3280.0457 0.29061788
0 732 4435.949 3282.8813 0.29061455
0 733 4434.6675 3285.6826 0.29061273
0 734 4433.3857 3288.4417 0.29061276
0 735 4432.147 3291.148 0.29061443
0 736 4430.907 3293.796 0.29061726
0 737 4429.702 3296.3833 0.29062068
0 738 4428.4814 3298.9062 0.2906242
0 739 4427.2017 3301.353 0.29062748
0 740 4425.87 3303.706 0.29063025
0 741 4424.5176 3305.951 0.29063243
0 742 4423.143 3308.0881 0.29063395
0 743 4421.8247 3310.1365 0.29063487
0 744 4420.534 3312.1277 0.29063532
0 745 4419.188 3314.0996 0.29063532
0 746 4417.7646 3316.1035 0.29063493
0 747 4416.2915 3318.1443 0.29063407
0 748 4414.7666 3320.2244 0.29063267
0 749 4413.1875 3322.348 0.29063067
0 750 4411.5806 3324.5166 0.29062817
0 751 4409.9185 3326.7297 0.2906253
0 752 4408.203 3328.986 0.29062217
0 753 4406.4365 3331.2827 0.2906187
0 754 4404.6196 3333.6177 0.2906145
0 755 4402.743 3335.9897 0.29060924
0 756 4400.8857 3338.398 0.29060286
0 757 4399.087 3340.8423 0.29059586
0 758 4397.317 3343.325 0.29058912
0 759 4395.5327 3345.8506 0.29058352
0 760 4393.708 3348.4272 0.2905794
0 761 4391.8726 3351.0652 0.29057634
0 762 4389.985 3353.7712 0.29057327
0 763 4388.069 3356.5413 0.2905691
0 764 4386.1157 3359.3572 0.29056302
0 765 4384.231 3362.1892 0.29055488
0 766 4382.396 3365.0156 0.29054514
0 767 4380.6206 3367.8054 0.29053465
0 768 4378.876 3370.578 0.29052424
0 769 4377.1895 3373.376 0.29051447
0 770 4375.554 3376.2437 0.2905055
0 771 4373.8696 3379.2104 0.29049727
0 772 4372.137 3382.2866 0.2904896
0 773 4370.3535 3385.4668 0.29048216
0 774 4368.5454 3388.737 0.29047433
0 775 4366.6875 3392.0808 0.29046535
0 776 4364.796 3395.4832 0.2904545
0 777 4362.9473 3398.9326 0.29044145
0 778 4361.053 3402.4224 0.29042652
0 779 4359.1045 3405.948 0.2904106
0 780 4357.156 3409.5083 0.29039493
0 781 4355.259 3413.1028 0.29038066
0 782 4353.419 3416.733 0.2903684
0 783 4351.6074 3420.4006 0.29035813
0 784 4349.8457 3424.1091 0.29034913
0 785 4348.1094 3427.8604 0.2903405
0 786 4346.407 3431.652 0.2903313
0 787 4344.6855 3435.463 0.29032078
0 788 4342.9263 3439.3064 0.2903084
0 789 4341.218 3443.1267 0.2902939
0 790 4339.563 3446.8743 0.29027745
0 791 4337.964 3450.5188 0.29025945
0 792 4336.421 3454.0635 0.2902404
0 793 4334.9053 3457.5466 0.2902207
0 794 4333.443 3461.012 0.2902007
0 795 4332.033 3464.547 0.29018077
0 796 4330.6323 3468.1614 0.29016143
0 797 4329.172 3471.872 0.2901435
0 798 4327.669 3475.6768 0.29012796
0 799 4326.145 3479.561 0.2901156
0 800 4324.641 3483.5005 0.29010656
0 801 4323.1606 3487.4792 0.29010046
0 802 4321.679 3491.4775 0.29009628
0 803 4320.138 3495.5085 0.29009286
0 804 4318.6333 3499.5215 0.29008928
0 805 4317.0757 3503.5015 0.29008538
0 806 4315.491 3507.4438 0.29008156
0 807 4313.9287 3511.363 0.2900785
0 808 4312.4023 3515.2686 0.2900764
0 809 4310.9224 3519.144 0.29007503
0 810 4309.442 3523.0051 0.2900735
0 811 4307.9663 3526.8628 0.2900711
0 812 4306.513 3530.669 0.2900675
0 813 4305.0625 3534.4375 0.2900633
0 814 4303.627 3538.142 0.29006022
0 815 4302.243 3541.7456 0.29006067
0 816 4300.8853 3545.2168 0.2900669
0 817 4299.58 3548.5498 0.29008
0 818 4298.328 3551.7722 0.29009935
0 819 4297.1245 3554.951 0.2901229
0 820 4295.8813 3558.1147 0.29014802
0 821 4294.5894 3561.3394 0.29017276
0 822 4293.2485 3564.6504 0.29019645
0 823 4291.8594 3568.0552 0.29022
0 824 4290.446 3571.5479 0.29024506
0 825 4288.984 3575.1157 0.29027298
0 826 4287.4756 3578.7449 0.29030377
0 827 4286.0 3582.4238 0.29033616
0 828 4284.5454 3586.1455 0.29036838
0 829 4283.037 3589.906 0.29039928
0 830 4281.506 3593.7053 0.2904288
0 831 4279.916 3597.547 0.29045752
0 832 4278.3647 3601.4373 0.29048577
0 833 4276.8677 3605.3838 0.29051286
0 834 4275.402 3609.3953 0.29053718
0 835 4273.9956 3613.4785 0.290557
0 836 4272.6206 3617.636 0.29057148
0 837 4271.2183 3621.8604 0.290581
0 838 4269.833 3626.1145 0.29058668
0 839 4268.489 3630.375 0.29058996
0 840 4267.189 3634.5635 0.2905921
0 841 4265.938 3638.6443 0.29059416
0 842 4264.7334 3642.6165 0.2905971
0 843 4263.5527 3646.5144 0.29060167
0 844 4262.418 3650.4038 0.29060802
0 845 4261.33 3654.3472 0.29061577
0 846 4260.2275 3658.3774 0.29062408
0 847 4259.0654 3662.5107 0.2906319
0 848 4257.876 3666.7473 0.2906383
0 849 4256.634 3671.077 0.29064283
0 850 4255.361 3675.4866 0.2906456
0 851 4254.079 3679.9624 0.29064712
0 852 4252.8516 3684.4912 0.29064807
0 853 4251.6514 3689.057 0.2906491
0 854 4250.5063 3693.6519 0.2906506
0 855 4249.4033 3698.2778 0.29065275
0 856 4248.2754 3702.9185 0.29065514
0 857 4247.097 3707.5596 0.2906571
0 858 4245.892 3712.1685 0.29065838
0 859 4244.6333 3716.8003 0.29065955
0 860 4243.326 3721.3945 0.2906618
0 861 4241.9663 3726.0095 0.2906662
0 862 4240.551 3730.6042 0.29067278
0 863 4239.1826 3735.2124 0.2906806
0 864 4237.8667 3739.7542 0.29068828
0 865 4236.607 3744.21 0.290695
0 866 4235.4106 3748.5454 0.290701
0 867 4234.2783 3752.7659 0.29070738
0 868 4233.2026 3756.9175 0.29071575
0 869 4232.1533 3761.0679 0.2907273
0 870 4231.1553 3765.2822 0.29074216
0 871 4230.205 3769.606 0.29075947
0 872 4229.2075 3774.0605 0.29077774
0 873 4228.16 3778.6482 0.29079542
0 874 4227.0864 3783.3599 0.29081142
0 875 4225.9585 3788.1838 0.2908252
0 876 4224.7754 3793.1094 0.29083657
0 877 4223.538 3798.1282 0.2908456
0 878 4222.2812 3803.2324 0.29085243
0 879 4220.9673 3808.4126 0.29085743
0 880 4219.6294 3813.6533 0.29086116
0 881 4218.3384 3818.933 0.2908641
0 882 4217.051 3824.2441 0.29086646
0 883 4215.715 3829.5728 0.29086798
0 884 4214.3555 3834.8674 0.2908681
0 885 4212.9473 3840.125 0.29086646
0 886 4211.493 3845.347 0.2908632
0 887 4209.985 3850.5151 0.29085907
0 888 4208.532 3855.6372 0.29085517
0 889 4207.136 3860.6792 0.29085237
0 890 4205.7637 3865.6003 0.29085106
0 891 4204.4473 3870.3752 0.29085103
0 892 4203.159 3875.0198 0.29085183
0 893 4201.844 3879.5928 0.290853
0 894 4200.4614 3884.175 0.29085413
0 895 4198.969 3888.8406 0.29085466
0 896 4197.338 3893.6394 0.29085368
0 897 4195.555 3898.598 0.29084995
0 898 4193.629 3903.7283 0.2908426
0 899 4191.5757 3909.039 0.29083133
0 900 4189.413 3914.5393 0.29081675
0 901 4187.1567 3920.236 0.2908001
0 902 4184.8174 3926.129 0.29078272
0 903 4182.4033 3932.2026 0.29076597
0 904 4179.9194 3938.4214 0.290751
0 905 4177.365 3944.725 0.29073903
0 906 4174.734 3951.031 0.29073107
0 907 4172.0137 3957.2449 0.29072797
0 908 4169.189 3963.2751 0.29073006
0 909 4166.244 3969.05 0.290737
0 910 4163.1655 3974.5256 0.29074755
0 911 4159.9424 3979.6877 0.29075983
0 912 4156.5728 3984.544 0.29077208
0 913 4153.0713 3989.1106 0.29078323
0 914 4149.477 3993.3987 0.29079345
0 915 4145.827 3997.41 0.2908036
0 916 4142.1543 4001.1445 0.29081458
0 917 4138.48 4004.6165 0.29082638
0 918 4134.8647 4007.862 0.2908382
0 919 4131.2046 4010.937 0.2908489
0 920 4127.47 4013.9004 0.29085788
0 921 4123.6304 4016.8005 0.2908655
0 922 4119.6714 4019.6794 0.29087284
0 923 4115.5923 4022.544 0.29088095
0 924 4111.405 4025.4226 0.29089025
0 925 4107.1294 4028.3289 0.29090032
0 926 4102.8174 4031.274 0.2909102
0 927 4098.4473 4034.1812 0.29091874
0 928 4094.1133 4037.0535 0.29092482
0 929 4089.8594 4039.9102 0.29092762
0 930 4085.7285 4042.7446 0.2909264
0 931 4081.7537 4045.6 0.29092085
0 932 4077.9585 4048.4646 0.29091105
0 933 4074.3596 4051.3545 0.29089737
0 934 4070.968 4054.2837 0.29088047
0 935 4067.7883 4057.2769 0.2908613
0 936 4064.8188 4060.356 0.290841
0 937 4062.0513 4063.5354 0.29082075
0 938 4059.4758 4066.811 0.29080132
0 939 4057.088 4070.155 0.290783
0 940 4054.8904 4073.5435 0.29076564
0 941 4052.8882 4076.952 0.29074913
0 942 4051.0786 4080.3735 0.29073352
0 943 4049.4468 4083.848 0.29071915
0 944 4047.9688 4087.4236 0.2907064
0 945 4046.6184 4091.1365 0.29069552
0 946 4045.3745 4094.9958 0.2906867
0 947 4044.2234 4098.9824 0.29068008
0 948 4043.1628 4103.0454 0.2906761
0 949 4042.2007 4107.109 0.29067543
0 950 4041.3499 4111.0854 0.290679
0 951 4040.62 4114.8887 0.29068744
0 952 4040.009 4118.4443 0.29070053
0 953 4039.502 4121.702 0.29071695
0 954 4039.0803 4124.6396 0.29073438
0 955 4038.7307 4127.263 0.2907503
0 956 4038.4485 4129.6 0.29076275
0 957 4038.2332 4131.687 0.2907711
0 958 4038.0823 4133.5596 0.29077592
0 959 4037.9622 4135.2456 0.29077846
0 960 4037.9006 4136.765 0.29077992
0 961 4037.8936 4138.132 0.2907811
0 962 4037.8872 4139.358 0.29078227
0 963 4037.829 4140.457 0.2907834
0 964 4037.7214 4141.4434 0.29078433
0 965 4037.5867 4142.3296 0.29078484
0 966 4037.4734 4143.128 0.2907848
0 967 4037.4094 4143.8516 0.29078418
0 968 4037.3704 4144.516 0.29078305
0 969 4037.3384 4145.1406 0.2907815
0 970 4037.3167 4145.734 0.29077956
0 971 4037.2732 4146.3105 0.29077724
0 972 4037.1824 4146.927 0.29077464
0 973 4037.1172 4147.596 0.290772
0 974 4037.0254 4148.302 0.29076955
0 975 4036.9102 4149.054 0.2907675
0 976 4036.759 4149.8584 0.29076594
0 977 4036.6052 4150.7153 0.29076505
0 978 4036.449 4151.6226 0.29076508
0 979 4036.2603 4152.576 0.29076618
0 980 4036.0378 4153.5737 0.29076818
0 981 4035.8127 4154.6123 0.29077047
0 982 4035.5383 4155.6924 0.29077232
0 983 4035.2136 4156.8184 0.29077327
0 984 4034.8672 4157.9966 0.29077336
0 985 4034.474 4159.2363 0.29077318
0 986 4034.022 4160.547 0.29077375
0 987 4033.4968 4161.9355 0.29077598
0 988 4032.8845 4163.4023 0.29078054
0 989 4032.1829 4164.929 0.29078752
0 990 4031.4114 4166.4995 0.29079646
0 991 4030.5854 4168.0894 0.29080656
0 992 4029.7017 4169.645 0.29081696
0 993 4028.7607 4171.166 0.29082698
0 994 4027.761 4172.669 0.29083645
0 995 4026.6902 4174.171 0.29084578
0 996 4025.5337 4175.7124 0.29085582
0 997 4024.2808 4177.3057 0.29086715
0 998 4022.9285 4178.966 0.2908796
0 999 4021.4792 4180.705 0.29089224
0 1000 4019.9353 4182.529 0.29090384
0 1001 4018.2964 4184.4336 0.29091358
0 1002 4016.5574 4186.4097 0.2909213
0 1003 4014.7124 4188.437 0.29092732
0 1004 4012.7585 4190.502 0.29093203
0 1005 4010.6995 4192.603 0.29093543
0 1006 4008.5432 4194.7217 0.29093713
0 1007 4006.2964 4196.8223 0.29093638
0 1008 4003.9612 4198.938 0.2909326
0 1009 4001.535 4201.0864 0.2909254
0 1010 3999.0154 4203.2344 0.29091495
0 1011 3996.407 4205.349 0.2909017
0 1012 3993.731 4207.445 0.29088628
0 1013 3991.0027 4209.5024 0.29086956
0 1014 3988.2476 4211.5503 0.2908524
