1 2 9944.4619141 3623.8774414 0.6382181 
1 3 9947.7050781 3624.3710938 0.6383021 
1 4 9950.5292969 3624.9306641 0.6381651 
1 5 9950.6152344 3623.7683105 0.6382114 
1 6 9950.1025391 3623.7707520 0.6382461 
1 7 9952.6572266 3623.2224121 0.6380612 
1 8 9954.7744141 3619.7622070 0.6380048 
1 9 9956.8417969 3615.3623047 0.6380510 
1 10 9958.1376953 3615.4716797 0.6381633 
1 11 9957.6240234 3614.4155273 0.6380616 
1 12 9954.6787109 3611.3010254 0.6381660 
1 13 9954.0410156 3610.6369629 0.6381915 
1 14 9952.6523438 3608.9477539 0.6382361 
1 15 9953.6250000 3608.3549805 0.6381874 
1 16 9952.2392578 3606.9064941 0.6382486 
1 17 9952.2392578 3606.9064941 0.6382486 
1 18 9950.1162109 3606.1389160 0.6382911 
1 19 9948.2431641 3604.6142578 0.6382878 
1 20 9946.5478516 3603.7551270 0.6383383 
1 21 9946.6845703 3603.4809570 0.6383348 
1 22 9945.9326172 3603.6870117 0.6383623 
1 23 9945.8662109 3604.5258789 0.6383513 
1 24 9944.5371094 3604.4919434 0.6383765 
1 25 9942.7197266 3605.5795898 0.6384415 
1 26 9941.9619141 3605.0014648 0.6383698 
1 27 9942.4853516 3602.6074219 0.6383699 
1 28 9943.8554688 3602.7119141 0.6384217 
1 29 9942.6542969 3603.0595703 0.6383703 
1 30 9939.8837891 3602.5207520 0.6384627 
1 31 9939.5000000 3603.6208496 0.6384410 
1 32 9939.0771484 3602.5874023 0.6383463 
1 33 9938.4101562 3600.4658203 0.6383557 
1 34 9937.0507812 3599.5976562 0.6384208 
1 35 9937.8330078 3599.4113770 0.6384029 
1 36 9935.7041016 3599.3776855 0.6384813 
1 37 9933.2773438 3600.0620117 0.6384919 
1 38 9932.8085938 3599.1933594 0.6384380 
1 39 9932.4746094 3597.8349609 0.6385140 
1 40 9932.8408203 3598.1425781 0.6385266 
1 41 9931.6796875 3598.6767578 0.6385789 
1 42 9931.6796875 3598.6767578 0.6385789 
1 43 9930.1718750 3600.9628906 0.6386245 
1 44 9930.3037109 3602.8139648 0.6385499 
1 45 9930.6494141 3602.6047363 0.6385520 
1 46 9929.9960938 3601.8452148 0.6385972 
1 47 9929.2421875 3602.9687500 0.6386431 
1 48 9929.7441406 3604.1123047 0.6386378 
1 49 9931.0322266 3604.0068359 0.6384668 
1 50 9929.7197266 3602.3352051 0.6385342 
1 51 9928.6640625 3601.7236328 0.6385168 
1 52 9928.1826172 3600.8925781 0.6385391 
1 53 9927.0156250 3599.0922852 0.6385199 
1 54 9926.8242188 3596.2724609 0.6384762 
1 55 9926.5341797 3594.5900879 0.6386031 
1 56 9927.9208984 3594.7944336 0.6384842 
1 57 9932.6259766 3592.1262207 0.6382568 
1 58 9938.4951172 3585.8132324 0.6381705 
1 59 9941.1904297 3580.5944824 0.6381255 
1 60 9945.6845703 3576.0668945 0.6382150 
1 61 9947.2519531 3573.9628906 0.6382069 
1 62 9947.8623047 3571.3354492 0.6382163 
1 63 9946.6611328 3568.6843262 0.6382033 
1 64 9944.7802734 3565.5490723 0.6383317 
1 65 9943.3017578 3566.9843750 0.6385102 
1 66 9938.5703125 3570.8002930 0.6385776 
1 67 9938.5703125 3570.8002930 0.6385776 
1 68 9936.3623047 3572.6833496 0.6385065 
1 69 9932.5771484 3574.5366211 0.6386952 
1 70 9931.0273438 3578.3774414 0.6385571 
1 71 9931.3144531 3578.3891602 0.6385905 
1 72 9931.3652344 3580.3283691 0.6385996 
1 73 9932.9052734 3580.4775391 0.6385524 
1 74 9933.0742188 3580.4106445 0.6386064 
1 75 9934.4296875 3579.5629883 0.6384392 
1 76 9934.8125000 3575.8769531 0.6386009 
1 77 9932.4667969 3577.9790039 0.6388084 
1 78 9928.6757812 3582.2465820 0.6388193 
1 79 9923.6826172 3585.4877930 0.6388527 
1 80 9921.6103516 3585.2094727 0.6387396 
1 81 9918.2451172 3583.4897461 0.6388331 
1 82 9911.5683594 3581.6921387 0.6387765 
1 83 9897.9462891 3575.7861328 0.6390700 
1 84 9879.7792969 3581.1452637 0.6398068 
1 85 9896.1933594 3590.2365723 0.6388872 
1 86 9936.4755859 3580.3527832 0.6380716 
1 87 9945.5410156 3561.7639160 0.6378549 
1 88 9925.2382812 3533.5988770 0.6383676 
1 89 9910.3222656 3534.8815918 0.6399170 
1 90 9908.6210938 3566.6762695 0.6401474 
1 91 9909.3857422 3592.1960449 0.6392138 
1 92 9909.3857422 3592.1960449 0.6392138 
1 93 9908.2812500 3592.1999512 0.6385880 
1 94 9888.7822266 3581.6433105 0.6389573 
1 95 9874.9570312 3569.1052246 0.6391397 
1 96 9868.9648438 3563.3491211 0.6399292 
1 97 9869.2324219 3577.3110352 0.6401254 
1 98 9865.7080078 3589.8547363 0.6397181 
1 99 9867.1425781 3585.6052246 0.6390013 
1 100 9862.5039062 3562.4272461 0.6391100 
1 101 9838.3476562 3544.5544434 0.6403684 
1 102 9833.1728516 3551.5532227 0.6408281 
1 103 9846.1035156 3557.4050293 0.6402049 
1 104 9856.2939453 3560.8520508 0.6399242 
1 105 9853.4873047 3561.9250488 0.6399451 
1 106 9845.9755859 3564.8100586 0.6400899 
1 107 9847.9511719 3566.8493652 0.6400346 
1 108 9850.6318359 3570.1572266 0.6399808 
1 109 9851.4453125 3573.3818359 0.6397455 
1 110 9849.4941406 3570.4812012 0.6397162 
1 111 9845.4501953 3569.7849121 0.6400625 
1 112 9841.9550781 3576.7053223 0.6402016 
1 113 9843.4101562 3580.7004395 0.6399401 
1 114 9843.6708984 3578.8090820 0.6398481 
1 115 9843.9541016 3578.0759277 0.6399977 
1 116 9846.3095703 3581.1608887 0.6399159 
1 117 9846.3095703 3581.1608887 0.6399159 
1 118 9847.8955078 3579.0573730 0.6396869 
1 119 9851.0556641 3573.5546875 0.6398025 
1 120 9850.3818359 3569.9516602 0.6399484 
1 121 9846.4970703 3574.2866211 0.6405974 
1 122 9850.6738281 3588.5229492 0.6401634 
1 123 9853.3095703 3586.7011719 0.6397141 
1 124 9845.7500000 3580.8417969 0.6401801 
1 125 9841.3173828 3581.2731934 0.6403709 
1 126 9838.8271484 3585.3520508 0.6405186 
1 127 9841.9814453 3589.0563965 0.6402563 
1 128 9844.7089844 3589.2426758 0.6401407 
1 129 9848.0947266 3586.4848633 0.6399980 
1 130 9847.0976562 3586.4423828 0.6403098 
1 131 9846.1611328 3590.8193359 0.6401788 
1 132 9846.9082031 3586.2695312 0.6400530 
1 133 9849.7119141 3585.3828125 0.6402662 
1 134 9850.4355469 3588.2214355 0.6402079 
1 135 9851.6191406 3585.4838867 0.6400225 
1 136 9851.2119141 3578.3466797 0.6401375 
1 137 9851.3945312 3574.6801758 0.6402428 
1 138 9851.9091797 3572.0432129 0.6403176 
1 139 9850.6337891 3568.7609863 0.6403211 
1 140 9853.5888672 3567.7028809 0.6404402 
1 141 9858.3095703 3563.5886230 0.6401526 
1 142 9858.3095703 3563.5886230 0.6401526 
1 143 9860.6718750 3549.6625977 0.6404810 
1 144 9864.1845703 3545.6469727 0.6409544 
1 145 9858.7167969 3543.2861328 0.6412718 
1 146 9857.3330078 3546.8891602 0.6415797 
1 147 9852.8242188 3547.0683594 0.6418607 
1 148 9848.0859375 3549.3940430 0.6421566 
1 149 9844.3759766 3548.9479980 0.6423393 
1 150 9845.2402344 3550.2006836 0.6426524 
1 151 9852.5371094 3555.4326172 0.6427525 
1 152 9855.1357422 3563.3144531 0.6426397 
1 153 9854.2509766 3561.1423340 0.6423818 
1 154 9843.1357422 3561.6733398 0.6428922 
1 155 9832.7773438 3567.5410156 0.6429129 
1 156 9841.0458984 3570.2121582 0.6424506 
1 157 9855.0683594 3562.4987793 0.6419886 
1 158 9859.3750000 3554.6074219 0.6422011 
1 159 9855.1396484 3557.6892090 0.6425840 
1 160 9856.5019531 3565.4885254 0.6422876 
1 161 9852.2548828 3564.2397461 0.6421959 
1 162 9852.6767578 3564.6701660 0.6418823 
1 163 9856.0927734 3567.0366211 0.6417337 
1 164 9860.5429688 3570.7785645 0.6407698 
1 165 9881.0068359 3578.9765625 0.6347787 
1 166 10103.7636719 3702.3400879 0.5607190 
1 167 10103.7636719 3702.3400879 0.5607190 
1 168 10165.6796875 3749.8833008 0.5394391 
1 169 10194.5400391 3758.5593262 0.5311707 
1 170 10397.5537109 3885.7126465 0.4645862 
1 171 10431.7587891 3918.8911133 0.4500048 
1 172 10456.4882812 3931.6206055 0.4396763 
1 173 10596.9873047 4007.4133301 0.3918569 
1 174 10595.0820312 4000.4731445 0.3901273 
1 175 10625.6884766 4012.1350098 0.3794092 
1 176 10662.6181641 4021.8867188 0.3669185 
1 177 10655.9853516 3993.3615723 0.3709108 
1 178 10653.3095703 3993.2138672 0.3714376 
1 179 10643.4355469 4003.4494629 0.3714809 
1 180 10636.4511719 4023.3093262 0.3720177 
1 181 10645.7441406 4046.6376953 0.3718718 
1 182 10653.2265625 4066.4824219 0.3716998 
1 183 10671.7031250 4072.6103516 0.3714606 
1 184 10680.5683594 4076.9658203 0.3713707 
1 185 10675.4882812 4085.3286133 0.3712432 
1 186 10678.9746094 4085.7983398 0.3712202 
1 187 10679.4521484 4082.5832520 0.3711083 
1 188 10678.4218750 4080.7556152 0.3708779 
1 189 10709.6796875 4084.7910156 0.3620875 
1 190 10809.0683594 4156.6191406 0.3252636 
1 191 10810.2792969 4157.5058594 0.3246627 
1 192 10810.2832031 4157.5107422 0.3246629 
1 193 10813.7480469 4140.9223633 0.3245978 
1 194 10808.5234375 4133.7080078 0.3245879 
1 195 10813.0029297 4119.1875000 0.3243627 
1 196 10818.1445312 4095.6044922 0.3248564 
1 197 10815.8505859 4092.5659180 0.3252575 
1 198 10825.2158203 4098.4423828 0.3256139 
1 199 10946.3095703 4193.2373047 0.2897367 
1 200 10942.3632812 4321.2851562 0.2527408 
1 201 11021.3437500 4273.6103516 0.2644901 
1 202 11008.1816406 4277.1425781 0.2647375 
1 203 10998.6318359 4296.2861328 0.2645670 
1 204 11022.8281250 4309.0678711 0.2575003 
1 205 11072.4941406 4326.8388672 0.2402153 
1 206 11075.5195312 4319.4589844 0.2400040 
1 207 11093.9697266 4311.8935547 0.2346570 
1 208 11097.4550781 4317.8349609 0.2311433 
1 209 11107.3554688 4309.8295898 0.2308133 
1 210 11113.3603516 4295.3964844 0.2309639 
1 211 11103.5117188 4295.9785156 0.2311780 
1 212 11095.4248047 4305.1982422 0.2312944 
1 213 11086.1044922 4308.8320312 0.2310309 
1 214 11076.6884766 4307.3330078 0.2308731 
1 215 11071.7480469 4291.9492188 0.2309462 
1 216 11071.0556641 4298.9785156 0.2312972 
1 217 11071.0556641 4298.9785156 0.2312972 
1 218 11071.9316406 4301.1875000 0.2308487 
1 219 11069.2187500 4291.4965820 0.2308808 
1 220 11079.4677734 4271.3994141 0.2300000 
1 221 11065.8212891 4246.9497070 0.2315645 
1 222 11042.1289062 4251.7128906 0.2321794 
1 223 11027.2968750 4264.8149414 0.2319684 
1 224 11008.4785156 4275.4365234 0.2321404 
1 225 10991.1279297 4274.8457031 0.2312649 
1 226 10990.6425781 4265.9833984 0.2313989 
1 227 10983.5917969 4272.9599609 0.2317941 
1 228 10995.6113281 4290.2397461 0.2317931 
1 229 10991.1757812 4301.7617188 0.2313710 
1 230 10981.2070312 4304.6513672 0.2311181 
1 231 10962.3164062 4295.3276367 0.2311252 
1 232 10951.3193359 4293.3388672 0.2312348 
1 233 10940.1757812 4292.7636719 0.2314565 
1 234 10930.4296875 4300.0336914 0.2313620 
1 235 10921.1083984 4304.2739258 0.2312652 
1 236 10919.0410156 4301.1850586 0.2311084 
1 237 10922.3544922 4298.9843750 0.2312620 
1 238 10931.4042969 4303.3208008 0.2315094 
1 239 10955.1250000 4312.4365234 0.2317727 
1 240 10995.3310547 4330.1142578 0.2317002 
1 241 11027.3730469 4304.5615234 0.2306693 
1 242 11027.3730469 4304.5615234 0.2306693 
1 243 11062.8671875 4281.6660156 0.2308990 
1 244 11089.7148438 4278.5986328 0.2310639 
1 245 11100.1562500 4285.6391602 0.2314067 
1 246 11105.0146484 4306.9550781 0.2315301 
1 247 11105.0136719 4324.3754883 0.2314012 
1 248 11100.9804688 4340.4106445 0.2315347 
1 249 11090.8837891 4352.5053711 0.2312690 
1 250 11080.9677734 4353.2124023 0.2311963 
1 251 11069.0380859 4359.7534180 0.2312408 
1 252 11064.4472656 4366.2197266 0.2311462 
1 253 11067.0742188 4365.0825195 0.2310481 
1 254 11071.8759766 4364.0971680 0.2311000 
1 255 11074.9951172 4361.3466797 0.2309358 
1 256 11084.9257812 4350.1357422 0.2310619 
1 257 11094.2382812 4353.1479492 0.2312742 
1 258 11096.0507812 4350.6386719 0.2309860 
1 259 11103.4062500 4343.9594727 0.2311555 
1 260 11112.3359375 4349.6147461 0.2313240 
1 261 11119.3837891 4350.9628906 0.2310780 
1 262 11121.4951172 4346.5957031 0.2312004 
1 263 11122.5898438 4353.2929688 0.2312497 
1 264 11117.2734375 4356.7148438 0.2310926 
1 265 11110.9814453 4356.1015625 0.2309945 
1 266 11107.2177734 4352.9565430 0.2310488 
1 267 11107.2177734 4352.9565430 0.2310488 
1 268 11111.5732422 4348.8261719 0.2308691 
1 269 11113.0625000 4340.1811523 0.2310281 
1 270 11118.1308594 4340.6352539 0.2311161 
1 271 11123.9599609 4338.4531250 0.2309538 
1 272 11127.9492188 4327.8691406 0.2308339 
1 273 11128.6767578 4316.2011719 0.2309948 
1 274 11129.3544922 4318.8364258 0.2312479 
1 275 11128.9003906 4324.5112305 0.2310999 
1 276 11130.8125000 4316.8935547 0.2308449 
1 277 11124.9697266 4308.1215820 0.2310684 
1 278 11124.4921875 4304.6625977 0.2310554 
1 279 11123.8945312 4300.1416016 0.2311950 
1 280 11128.7226562 4299.4042969 0.2312362 
1 281 11132.9902344 4299.2573242 0.2312868 
1 282 11135.6982422 4298.7929688 0.2312411 
1 283 11139.4160156 4296.7558594 0.2312439 
1 284 11144.4345703 4293.2133789 0.2311780 
1 285 11148.4677734 4284.6748047 0.2310352 
1 286 11152.7451172 4276.9584961 0.2311335 
1 287 11158.6738281 4275.9238281 0.2311920 
1 288 11156.9726562 4277.3994141 0.2311770 
1 289 11156.1933594 4274.0761719 0.2309376 
1 290 11155.8212891 4266.5693359 0.2309817 
1 291 11152.9990234 4262.3476562 0.2310303 
1 292 11152.9990234 4262.3476562 0.2310303 
1 293 11154.0234375 4261.7617188 0.2311859 
1 294 11150.4257812 4267.5458984 0.2311421 
1 295 11145.1777344 4265.8901367 0.2309953 
1 296 11142.5273438 4259.8090820 0.2310113 
1 297 11137.3437500 4258.9433594 0.2313465 
1 298 11136.2197266 4260.0434570 0.2311708 
1 299 11134.2148438 4253.6630859 0.2313353 
1 300 11133.1787109 4250.6293945 0.2314931 
1 301 11128.9072266 4249.9360352 0.2316788 
1 302 11128.9267578 4250.8476562 0.2314216 
1 303 11126.5810547 4249.7324219 0.2314141 
1 304 11129.8720703 4248.1679688 0.2313752 
1 305 11135.9707031 4243.5068359 0.2313400 
1 306 11138.2724609 4237.8330078 0.2314339 
1 307 11137.8027344 4237.9326172 0.2316087 
1 308 11143.3291016 4234.5278320 0.2313576 
1 309 11147.7744141 4225.6826172 0.2315245 
1 310 11151.1660156 4225.7270508 0.2317242 
1 311 11158.5195312 4225.0361328 0.2316932 
1 312 11165.1757812 4226.2666016 0.2319233 
1 313 11173.0126953 4227.8535156 0.2318085 
1 314 11178.4785156 4222.0004883 0.2319845 
1 315 11181.4121094 4217.5942383 0.2322861 
1 316 11187.7421875 4212.9101562 0.2324812 
1 317 11187.7421875 4212.9101562 0.2324812 
1 318 11194.4345703 4212.6977539 0.2326901 
1 319 11201.6259766 4211.4111328 0.2327490 
1 320 11207.3535156 4205.8413086 0.2325726 
1 321 11212.7333984 4189.8554688 0.2324962 
1 322 11217.4511719 4175.6630859 0.2331269 
1 323 11219.8964844 4174.0668945 0.2334734 
1 324 11223.3496094 4169.6977539 0.2337576 
1 325 11228.1289062 4164.2392578 0.2341653 
1 326 11231.5468750 4161.3935547 0.2344986 
1 327 11232.6621094 4159.9067383 0.2349431 
1 328 11231.1435547 4161.0664062 0.2353676 
1 329 11232.5273438 4162.1943359 0.2358084 
1 330 11235.1660156 4161.5122070 0.2359790 
1 331 11235.3046875 4156.0815430 0.2362777 
1 332 11231.3359375 4154.4584961 0.2367164 
1 333 11226.4746094 4150.1074219 0.2370393 
1 334 11224.3027344 4143.8027344 0.2377038 
1 335 11218.8476562 4150.2661133 0.2379044 
1 336 11207.8173828 4163.2285156 0.2379502 
1 337 11200.9130859 4172.5332031 0.2376761 
1 338 11199.9824219 4170.6650391 0.2375612 
1 339 11197.0898438 4171.1826172 0.2377380 
1 340 11188.3085938 4177.6147461 0.2377179 
1 341 11188.5683594 4181.8925781 0.2375502 
1 342 11188.5683594 4181.8925781 0.2375502 
1 343 11194.1308594 4181.1225586 0.2371121 
1 344 11198.6406250 4183.0888672 0.2366505 
1 345 11202.6816406 4187.6425781 0.2359980 
1 346 11204.9667969 4184.5390625 0.2353948 
1 347 11212.1210938 4185.8466797 0.2350600 
1 348 11216.0546875 4188.4487305 0.2345026 
1 349 11215.1406250 4187.6000977 0.2340081 
1 350 11213.5595703 4188.6601562 0.2337373 
1 351 11219.6992188 4193.0034180 0.2332571 
1 352 11220.7900391 4190.6635742 0.2329043 
1 353 11216.8964844 4190.7568359 0.2328761 
1 354 11221.0722656 4196.3203125 0.2325752 
1 355 11222.9472656 4194.6865234 0.2322836 
1 356 11221.9101562 4193.0180664 0.2324647 
1 357 11221.3466797 4194.9384766 0.2323580 
1 358 11218.7714844 4193.7846680 0.2323150 
1 359 11220.1152344 4193.1088867 0.2323846 
1 360 11219.4580078 4195.7934570 0.2325113 
1 361 11217.5732422 4202.6284180 0.2325020 
1 362 11217.4453125 4203.9252930 0.2321925 
1 363 11217.5898438 4201.7778320 0.2323367 
1 364 11217.3417969 4205.1665039 0.2324080 
1 365 11218.0673828 4209.6064453 0.2324273 
1 366 11217.2832031 4210.8779297 0.2322901 
1 367 11217.2832031 4210.8779297 0.2322901 
1 368 11216.5820312 4211.1347656 0.2322149 
1 369 11217.9833984 4209.6445312 0.2321837 
1 370 11219.6982422 4208.7407227 0.2320893 
1 371 11218.4101562 4205.7983398 0.2321288 
1 372 11216.7187500 4202.0605469 0.2322580 
1 373 11222.1982422 4200.5507812 0.2324544 
1 374 11224.0683594 4203.5258789 0.2326890 
1 375 11225.1962891 4208.8261719 0.2325945 
1 376 11225.1806641 4210.2539062 0.2325501 
1 377 11225.3046875 4208.0927734 0.2327280 
1 378 11229.0839844 4211.0087891 0.2328225 
1 379 11232.8066406 4213.3950195 0.2327560 
1 380 11233.1396484 4212.0390625 0.2329621 
1 381 11233.9658203 4209.5771484 0.2331257 
1 382 11237.1396484 4205.4902344 0.2331773 
1 383 11238.6464844 4202.3105469 0.2333216 
1 384 11243.5146484 4201.9541016 0.2334492 
1 385 11247.3632812 4205.7158203 0.2335427 
1 386 11247.2900391 4214.0917969 0.2336006 
1 387 11246.2832031 4221.6445312 0.2334507 
1 388 11245.3906250 4227.1040039 0.2334850 
1 389 11244.3359375 4231.8144531 0.2334391 
1 390 11243.0654297 4237.2583008 0.2335620 
1 391 11239.8183594 4244.7353516 0.2335147 
1 392 11239.8183594 4244.7353516 0.2335147 
1 393 11237.0791016 4249.1479492 0.2334589 
1 394 11237.9472656 4254.7197266 0.2333850 
1 395 11241.7304688 4252.4912109 0.2330701 
1 396 11241.0390625 4247.1113281 0.2333350 
1 397 11240.9130859 4250.5205078 0.2334285 
1 398 11239.5800781 4254.5371094 0.2333381 
1 399 11236.8535156 4254.6743164 0.2332690 
1 400 11236.2001953 4253.5986328 0.2332759 
1 401 11235.9130859 4252.8349609 0.2332553 
1 402 11236.0820312 4249.4365234 0.2331658 
1 403 11236.3300781 4248.7578125 0.2333805 
1 404 11237.6064453 4250.5903320 0.2332060 
1 405 11238.1445312 4243.6806641 0.2331088 
1 406 11237.1816406 4239.6572266 0.2331970 
1 407 11237.3007812 4236.3422852 0.2331775 
1 408 11238.4296875 4230.3989258 0.2330333 
1 409 11239.0449219 4222.9116211 0.2331486 
1 410 11237.6767578 4220.6220703 0.2332301 
1 411 11234.1103516 4220.5561523 0.2333293 
1 412 11230.9277344 4223.5014648 0.2333154 
1 413 11227.9941406 4225.0087891 0.2332239 
1 414 11224.6953125 4220.2480469 0.2330577 
1 415 11221.0722656 4217.4672852 0.2332918 
1 416 11216.6093750 4219.6650391 0.2333455 
1 417 11216.6093750 4219.6650391 0.2333455 
1 418 11213.6523438 4220.7915039 0.2332165 
1 419 11210.9296875 4220.2490234 0.2332840 
1 420 11207.9375000 4221.4550781 0.2332733 
1 421 11207.1679688 4219.3056641 0.2331141 
1 422 11205.7851562 4215.3466797 0.2332919 
1 423 11205.6660156 4218.9365234 0.2333338 
1 424 11206.8173828 4218.4775391 0.2331849 
1 425 11205.2753906 4217.0200195 0.2332891 
1 426 11206.0253906 4219.2846680 0.2333061 
1 427 11207.2421875 4218.8881836 0.2332345 
1 428 11206.7851562 4218.8105469 0.2333542 
1 429 11206.9140625 4221.5898438 0.2335186 
1 430 11207.3808594 4224.1801758 0.2333432 
1 431 11205.2148438 4223.1904297 0.2333508 
1 432 11204.2753906 4223.5288086 0.2332613 
1 433 11205.8847656 4222.5644531 0.2334349 
1 434 11205.4707031 4226.0893555 0.2333541 
1 435 11202.0751953 4228.6791992 0.2332924 
1 436 11198.7216797 4233.0898438 0.2333505 
1 437 11199.3945312 4237.0102539 0.2332619 
1 438 11199.8027344 4240.4111328 0.2332895 
1 439 11198.7714844 4242.2246094 0.2331898 
1 440 11199.7500000 4246.3520508 0.2332966 
1 441 11200.7958984 4250.6171875 0.2331433 
1 442 11200.7958984 4250.6171875 0.2331433 
1 443 11198.6699219 4251.3076172 0.2331662 
1 444 11196.4501953 4253.6455078 0.2331842 
1 445 11199.1064453 4254.3398438 0.2331324 
1 446 11200.8798828 4256.1611328 0.2332107 
1 447 11201.3808594 4261.0468750 0.2332121 
1 448 11200.6357422 4263.0605469 0.2331057 
1 449 11199.9824219 4267.4306641 0.2331719 
1 450 11200.0000000 4270.8681641 0.2330222 
1 451 11198.4296875 4271.1005859 0.2330680 
1 452 11194.8613281 4273.6787109 0.2332362 
1 453 11191.4882812 4275.5834961 0.2333379 
1 454 11185.2041016 4278.8579102 0.2333146 
1 455 11181.4335938 4280.0971680 0.2332122 
1 456 11178.1552734 4279.0678711 0.2331867 
1 457 11176.2851562 4279.1645508 0.2332023 
1 458 11170.8447266 4282.1220703 0.2333207 
1 459 11164.0996094 4288.1083984 0.2333062 
1 460 11159.4541016 4292.1572266 0.2332269 
1 461 11152.3242188 4296.0634766 0.2332746 
1 462 11147.4316406 4299.7465820 0.2331158 
1 463 11139.3007812 4298.8803711 0.2331650 
1 464 11131.2695312 4302.8750000 0.2332781 
1 465 11123.9414062 4308.7363281 0.2332026 
1 466 11116.9414062 4308.7260742 0.2330351 
1 467 11116.9414062 4308.7260742 0.2330351 
1 468 11109.5136719 4305.2895508 0.2330498 
1 469 11102.9833984 4301.8505859 0.2330894 
1 470 11098.3574219 4302.8530273 0.2331975 
1 471 11094.7500000 4306.0092773 0.2332079 
1 472 11087.8271484 4309.6728516 0.2332370 
1 473 11083.5566406 4312.9252930 0.2331536 
1 474 11080.4091797 4314.6440430 0.2331355 
1 475 11076.4824219 4318.8730469 0.2332162 
1 476 11073.4238281 4321.6123047 0.2330779 
1 477 11071.3828125 4323.8222656 0.2330763 
1 478 11068.5048828 4325.5620117 0.2331018 
1 479 11065.9033203 4327.1293945 0.2330463 
1 480 11063.9052734 4327.7358398 0.2330008 
1 481 11065.9082031 4325.2265625 0.2329070 
1 482 11068.3642578 4323.3271484 0.2329958 
1 483 11070.3242188 4323.2871094 0.2330063 
1 484 11071.4335938 4325.3168945 0.2330736 
1 485 11078.8183594 4331.1528320 0.2330187 
1 486 11086.8466797 4332.0390625 0.2329201 
1 487 11092.2802734 4335.7172852 0.2330805 
1 488 11096.0400391 4338.8320312 0.2329447 
1 489 11099.0283203 4340.7871094 0.2330362 
1 490 11102.7148438 4345.0874023 0.2329766 
1 491 11106.1044922 4347.0605469 0.2329701 
1 492 11106.1044922 4347.0327148 0.2329720 
1 493 11111.8789062 4345.7548828 0.2328171 
1 494 11113.2802734 4339.5654297 0.2328586 
1 495 11115.2910156 4337.8598633 0.2329408 
1 496 11117.8671875 4340.2929688 0.2330326 
1 497 11119.8339844 4342.2246094 0.2330211 
1 498 11123.2958984 4337.2670898 0.2329676 
1 499 11125.8515625 4336.7509766 0.2330558 
1 500 11128.1240234 4336.2021484 0.2330355 
1 501 11129.2333984 4333.0957031 0.2330239 
1 502 11132.6464844 4329.4799805 0.2329368 
1 503 11135.6435547 4326.9931641 0.2330287 
1 504 11137.7695312 4326.6416016 0.2328883 
1 505 11141.8408203 4324.0571289 0.2328771 
1 506 11148.5136719 4320.8559570 0.2327340 
1 507 11154.8144531 4317.3427734 0.2327547 
1 508 11159.6875000 4316.8842773 0.2328833 
1 509 11162.2900391 4318.0722656 0.2329345 
1 510 11166.6210938 4320.3774414 0.2328282 
1 511 11168.3583984 4318.7226562 0.2327617 
1 512 11169.8232422 4316.0214844 0.2327022 
1 513 11172.0410156 4315.9936523 0.2327654 
1 514 11176.2246094 4317.3408203 0.2326685 
1 515 11177.6601562 4316.8544922 0.2327561 
1 516 11178.6474609 4314.6938477 0.2326255 
1 517 11178.6474609 4314.6938477 0.2326255 
1 518 11180.0957031 4310.4829102 0.2326223 
1 519 11181.3662109 4309.3232422 0.2326996 
1 520 11183.6025391 4310.7294922 0.2326302 
1 521 11183.6230469 4309.3789062 0.2326308 
1 522 11185.2695312 4310.3593750 0.2325832 
1 523 11186.4208984 4310.7597656 0.2325795 
1 524 11189.4521484 4310.2343750 0.2324602 
1 525 11191.8027344 4305.4497070 0.2324113 
1 526 11197.2207031 4303.8139648 0.2324065 
1 527 11204.9746094 4299.7919922 0.2323255 
1 528 11211.3671875 4294.3701172 0.2323407 
1 529 11214.4941406 4285.9892578 0.2323478 
1 530 11214.0703125 4278.8486328 0.2326186 
1 531 11214.9335938 4278.2114258 0.2326974 
1 532 11214.7060547 4276.9697266 0.2327300 
1 533 11212.7558594 4276.6015625 0.2327299 
1 534 11212.5576172 4275.8388672 0.2327207 
1 535 11212.2470703 4276.6743164 0.2327331 
1 536 11212.5527344 4277.9208984 0.2326057 
1 537 11213.2480469 4277.7758789 0.2324777 
1 538 11215.6455078 4277.2456055 0.2325105 
1 539 11216.6894531 4277.2836914 0.2324706 
1 540 11217.7910156 4274.0434570 0.2324052 
1 541 11215.9941406 4268.7382812 0.2324799 
1 542 11216.0000000 4268.6572266 0.2324975 
1 543 11220.4335938 4264.3789062 0.2323362 
1 544 11224.6728516 4258.5625000 0.2324666 
1 545 11221.5722656 4253.1611328 0.2337761 
1 546 11224.0410156 4248.4790039 0.2337714 
1 547 11222.8662109 4244.5493164 0.2338379 
1 548 11224.5429688 4241.7543945 0.2337128 
1 549 11227.2519531 4234.5375977 0.2335840 
1 550 11231.3203125 4229.3842773 0.2338129 
1 551 11233.7216797 4227.5385742 0.2337661 
1 552 11234.2343750 4223.9125977 0.2338112 
1 553 11235.0283203 4224.2485352 0.2337566 
1 554 11238.9433594 4217.8276367 0.2335136 
1 555 11244.2929688 4209.6899414 0.2335942 
1 556 11249.4277344 4206.7299805 0.2338217 
1 557 11253.6806641 4208.8750000 0.2338444 
1 558 11251.3496094 4211.4140625 0.2339615 
1 559 11254.3222656 4216.1552734 0.2338492 
1 560 11258.7451172 4217.5932617 0.2339239 
1 561 11260.4511719 4219.9521484 0.2338228 
1 562 11263.4228516 4216.6835938 0.2338188 
1 563 11260.1904297 4219.3134766 0.2341890 
1 564 11257.3750000 4226.7729492 0.2340491 
1 565 11258.0029297 4226.3574219 0.2339241 
1 566 11260.7480469 4227.2348633 0.2339991 
1 567 11260.7480469 4227.2348633 0.2339991 
1 568 11260.4726562 4225.9589844 0.2338893 
1 569 11260.2431641 4225.7612305 0.2340860 
1 570 11262.5498047 4233.3886719 0.2340879 
1 571 11263.9013672 4235.6127930 0.2337524 
1 572 11264.6601562 4231.0078125 0.2336289 
1 573 11267.2402344 4230.1997070 0.2336796 
1 574 11271.6025391 4232.0126953 0.2337117 
1 575 11271.8955078 4230.5058594 0.2336702 
1 576 11275.6884766 4232.9521484 0.2336467 
1 577 11280.3212891 4236.3383789 0.2336281 
1 578 11284.7509766 4238.5332031 0.2334538 
1 579 11284.6308594 4237.3422852 0.2334649 
1 580 11286.0390625 4240.5854492 0.2334373 
1 581 11289.0156250 4240.1557617 0.2332221 
1 582 11289.7548828 4239.2587891 0.2333886 
1 583 11290.5517578 4241.5659180 0.2333400 
1 584 11286.9882812 4241.9086914 0.2334451 
1 585 11286.3369141 4244.6582031 0.2332824 
1 585 11286.3369141 4244.6582031 0.2332824 
