1 1 24783.6953125 3627.2653809 0.5549722 
1 2 24786.7500000 3627.8256836 0.5550453 
1 3 24788.8242188 3628.0981445 0.5549262 
1 4 24789.0273438 3627.1596680 0.5549664 
1 5 24788.6796875 3627.2158203 0.5549966 
1 6 24790.3867188 3626.4497070 0.5548357 
1 7 24792.0703125 3623.3522949 0.5547867 
1 8 24793.9960938 3619.5986328 0.5548269 
1 9 24795.4375000 3619.8696289 0.5549245 
1 10 24794.7070312 3618.7919922 0.5548361 
1 11 24792.4375000 3616.2473145 0.5549269 
1 12 24791.9531250 3615.7099609 0.5549491 
1 13 24790.8710938 3614.3110352 0.5549879 
1 14 24791.5820312 3613.7194824 0.5549455 
1 15 24790.5468750 3612.5551758 0.5549988 
1 16 24790.5468750 3612.5551758 0.5549988 
1 17 24788.8183594 3611.9543457 0.5550357 
1 18 24787.1796875 3610.6230469 0.5550328 
1 19 24785.8476562 3609.9550781 0.5550767 
1 20 24785.9570312 3609.7114258 0.5550737 
1 21 24785.3789062 3609.9335938 0.5550976 
1 22 24785.2910156 3610.6455078 0.5550880 
1 23 24784.2031250 3610.6555176 0.5551100 
1 24 24782.8046875 3611.7031250 0.5551665 
1 25 24781.9453125 3611.0883789 0.5551041 
1 26 24782.4023438 3609.0065918 0.5551043 
1 27 24783.7382812 3609.1784668 0.5551493 
1 28 24782.5488281 3609.4003906 0.5551046 
1 29 24780.3984375 3609.0766602 0.5551848 
1 30 24780.0019531 3609.9995117 0.5551661 
1 31 24779.3710938 3608.9523926 0.5550836 
1 32 24778.8164062 3607.1220703 0.5550919 
1 33 24777.8144531 3606.4694824 0.5551485 
1 34 24778.4453125 3606.2795410 0.5551329 
1 35 24776.8125000 3606.3730469 0.5552011 
1 36 24774.7285156 3606.9846191 0.5552103 
1 37 24774.1718750 3606.1450195 0.5551634 
1 38 24774.0937500 3605.0827637 0.5552295 
1 39 24774.4492188 3605.3698730 0.5552405 
1 40 24773.5839844 3605.9160156 0.5552859 
1 41 24773.5839844 3605.9160156 0.5552859 
1 42 24772.4003906 3607.9758301 0.5553256 
1 43 24772.3046875 3609.4682617 0.5552607 
1 44 24772.6093750 3609.2897949 0.5552626 
1 45 24772.1679688 3608.6999512 0.5553019 
1 46 24771.6406250 3609.7490234 0.5553418 
1 47 24772.0625000 3610.7351074 0.5553372 
1 48 24772.7070312 3610.3759766 0.5551885 
1 49 24771.7558594 3609.0280762 0.5552471 
1 50 24770.7890625 3608.4689941 0.5552319 
1 51 24770.4316406 3607.7812500 0.5552514 
1 52 24769.3632812 3606.1860352 0.5552347 
1 53 24769.0742188 3603.6657715 0.5551966 
1 54 24769.1777344 3602.4013672 0.5553070 
1 55 24770.0507812 3602.3930664 0.5552037 
1 56 24773.5078125 3599.7170410 0.5550058 
1 57 24778.3710938 3594.0927734 0.5549308 
1 58 24780.5898438 3589.4838867 0.5548917 
1 59 24784.7480469 3585.6870117 0.5549695 
1 60 24786.0898438 3583.8452148 0.5549625 
1 61 24786.6445312 3581.5749512 0.5549706 
1 62 24785.5644531 3579.2492676 0.5549593 
1 63 24784.2871094 3576.7241211 0.5550711 
1 64 24783.4980469 3578.2517090 0.5552263 
1 65 24779.5722656 3581.6752930 0.5552849 
1 66 24779.5722656 3581.6752930 0.5552849 
1 67 24777.4570312 3583.2019043 0.5552230 
1 68 24774.6894531 3585.1086426 0.5553871 
1 69 24772.9589844 3588.2319336 0.5552670 
1 70 24773.3007812 3588.2944336 0.5552960 
1 71 24773.3691406 3589.9948730 0.5553039 
1 72 24774.5781250 3590.0507812 0.5552629 
1 73 24774.8750000 3590.0771484 0.5553098 
1 74 24775.5878906 3589.0783691 0.5551645 
1 75 24776.3710938 3586.1264648 0.5553051 
1 76 24774.9101562 3588.2788086 0.5554855 
1 77 24771.6425781 3592.0070801 0.5554950 
1 78 24767.3945312 3594.8776855 0.5555241 
1 79 24765.2773438 3594.4584961 0.5554258 
1 80 24762.6132812 3593.1098633 0.5555070 
1 81 24756.6484375 3591.4580078 0.5554578 
1 82 24745.6210938 3586.7819824 0.5557130 
1 83 24731.8750000 3592.5952148 0.5563537 
1 84 24743.5859375 3599.0612793 0.5555541 
1 85 24776.3437500 3589.1904297 0.5548449 
1 86 24783.6210938 3572.6867676 0.5546564 
1 87 24767.3945312 3548.9980469 0.5551022 
1 88 24758.7421875 3552.5388184 0.5564495 
1 89 24757.9062500 3580.5471191 0.5566499 
1 90 24755.9687500 3601.2768555 0.5558380 
1 91 24755.9687500 3601.2768555 0.5558380 
1 92 24753.2636719 3600.3007812 0.5552939 
1 93 24737.3398438 3591.6992188 0.5556150 
1 94 24725.8242188 3581.0815430 0.5557736 
1 95 24722.8144531 3577.3120117 0.5564601 
1 96 24723.5937500 3589.7602539 0.5566307 
1 97 24719.3945312 3600.0297852 0.5562765 
1 98 24718.6425781 3595.2128906 0.5556533 
1 99 24714.9121094 3575.2285156 0.5557478 
1 100 24697.4121094 3561.6567383 0.5568420 
1 101 24694.1953125 3568.4621582 0.5572418 
1 102 24703.7011719 3572.5751953 0.5566999 
1 103 24711.7792969 3575.1330566 0.5564558 
1 104 24709.3964844 3576.0988770 0.5564740 
1 105 24703.2656250 3578.8342285 0.5565999 
1 106 24704.8320312 3580.5209961 0.5565518 
1 107 24707.0117188 3583.3129883 0.5565050 
1 108 24707.0625000 3585.7490234 0.5563003 
1 109 24705.2851562 3583.1811523 0.5562750 
1 110 24702.7343750 3583.1174316 0.5565760 
1 111 24700.0820312 3589.3527832 0.5566970 
1 112 24700.6210938 3592.4174805 0.5564696 
1 113 24700.5898438 3590.6293945 0.5563896 
1 114 24701.2539062 3590.2255859 0.5565197 
1 115 24703.0761719 3592.7797852 0.5564486 
1 116 24703.0761719 3592.7797852 0.5564486 
1 117 24703.8183594 3590.5922852 0.5562495 
1 118 24706.8867188 3585.9885254 0.5563499 
1 119 24706.7089844 3583.0837402 0.5564768 
1 120 24705.1386719 3587.8686523 0.5570412 
1 121 24707.5605469 3599.5688477 0.5566638 
1 122 24708.6015625 3597.2814941 0.5562731 
1 123 24703.3242188 3592.9155273 0.5566784 
1 124 24700.0019531 3593.5893555 0.5568442 
1 125 24698.2500000 3597.3676758 0.5569727 
1 126 24700.2617188 3600.1777344 0.5567446 
1 127 24702.3125000 3600.1586914 0.5566441 
1 128 24704.8593750 3597.5375977 0.5565200 
1 129 24704.8613281 3597.9885254 0.5567911 
1 130 24703.6816406 3601.5895996 0.5566772 
1 131 24703.9804688 3597.4365234 0.5565678 
1 132 24707.0117188 3596.9990234 0.5567532 
1 133 24707.4785156 3599.3762207 0.5567025 
1 134 24707.9882812 3596.7055664 0.5565412 
1 135 24707.9570312 3590.6789551 0.5566413 
1 136 24708.4082031 3587.6560059 0.5567328 
1 137 24709.0644531 3585.4799805 0.5567979 
1 138 24707.9667969 3582.6315918 0.5568009 
1 139 24710.8691406 3581.8979492 0.5569045 
1 140 24714.1718750 3577.8701172 0.5566544 
1 141 24714.1718750 3577.8701172 0.5566544 
1 142 24717.1406250 3566.2744141 0.5569400 
1 143 24721.5156250 3563.5239258 0.5573516 
1 144 24717.6464844 3561.9677734 0.5576277 
1 145 24717.3027344 3565.5825195 0.5578954 
1 146 24714.1640625 3566.1782227 0.5581397 
1 147 24710.8691406 3568.6640625 0.5583970 
1 148 24708.1523438 3568.5622559 0.5585560 
1 149 24709.7753906 3570.1416016 0.5588281 
1 150 24716.3984375 3574.8481445 0.5589152 
1 151 24718.3437500 3581.5253906 0.5588171 
1 152 24716.8554688 3579.2329102 0.5585929 
1 153 24708.6132812 3580.4936523 0.5590367 
1 154 24699.6640625 3585.6284180 0.5590546 
1 155 24705.5664062 3587.2277832 0.5586526 
1 156 24716.4726562 3579.7973633 0.5582509 
1 157 24720.8105469 3573.2680664 0.5584357 
1 158 24718.1953125 3576.5473633 0.5587686 
1 159 24718.5546875 3582.8652344 0.5585109 
1 160 24714.6074219 3581.6359863 0.5584312 
1 161 24714.0996094 3581.5190430 0.5581585 
1 162 24716.6562500 3583.3444824 0.5580292 
1 163 24717.8398438 3585.0891113 0.5571911 
1 164 24718.9355469 3582.8405762 0.5519815 
1 165 24706.2343750 3574.1938477 0.4875816 
1 166 24706.2343750 3574.1938477 0.4875816 
1 167 24700.7695312 3582.2285156 0.4690775 
1 168 24702.8203125 3576.8305664 0.4618875 
1 169 24693.7871094 3583.1791992 0.4039880 
1 170 24682.8925781 3589.2067871 0.3913085 
1 171 24675.6093750 3584.1093750 0.3823272 
1 172 24664.5117188 3575.1687012 0.3407452 
1 173 24658.0351562 3566.4267578 0.3392411 
1 174 24654.7812500 3559.7912598 0.3299210 
1 175 24652.0820312 3548.7202148 0.3190596 
1 176 24657.4414062 3530.1647949 0.3225311 
1 177 24656.5820312 3530.8608398 0.3229892 
1 178 24648.1171875 3539.8293457 0.3230269 
1 179 24643.5390625 3557.9389648 0.3234936 
1 180 24651.2128906 3577.9958496 0.3233668 
1 181 24657.2382812 3594.9833984 0.3232172 
1 182 24672.6386719 3599.9377441 0.3230091 
1 183 24680.0976562 3603.5842285 0.3229310 
1 184 24675.3242188 3610.6569824 0.3228202 
1 185 24678.2910156 3611.0292969 0.3228001 
1 186 24678.3945312 3608.0588379 0.3227029 
1 187 24676.8554688 3606.1088867 0.3225025 
1 188 24679.5390625 3595.8591309 0.3148587 
1 189 24663.3359375 3600.6811523 0.2828379 
1 190 24662.7148438 3600.5117188 0.2823154 
1 191 24662.7167969 3600.5163574 0.2823155 
1 192 24665.5488281 3585.9897461 0.2822589 
1 193 24660.9785156 3579.7006836 0.2822503 
1 194 24664.2480469 3566.7214355 0.2820545 
1 195 24670.0957031 3546.9873047 0.2824838 
1 196 24669.2187500 3544.9729004 0.2828326 
1 197 24678.3554688 3550.6406250 0.2831425 
1 198 24683.6640625 3576.9155273 0.2519450 
1 199 24577.1269531 3630.3544922 0.2197746 
1 200 24678.5507812 3607.2888184 0.2299914 
1 201 24667.7929688 3610.7470703 0.2302065 
1 202 24659.0136719 3627.1274414 0.2300583 
1 203 24660.3593750 3627.1804199 0.2239133 
1 204 24655.3730469 3615.5788574 0.2088828 
1 205 24657.4179688 3608.8308105 0.2086991 
1 206 24658.5566406 3593.8828125 0.2040496 
1 207 24651.7968750 3593.5498047 0.2009941 
1 208 24659.4882812 3586.0717773 0.2007072 
1 209 24665.1289062 3573.7573242 0.2008382 
1 210 24657.1640625 3574.5983887 0.2010244 
1 211 24650.4570312 3582.7978516 0.2011256 
1 212 24641.6191406 3585.5449219 0.2008964 
1 213 24632.9902344 3583.9943848 0.2007592 
1 214 24628.8964844 3570.7314453 0.2008227 
1 215 24629.2734375 3577.3930664 0.2011279 
1 216 24629.2734375 3577.3930664 0.2011279 
1 217 24628.7812500 3578.6123047 0.2007380 
1 218 24626.5136719 3570.2358398 0.2007659 
1 219 24632.9707031 3551.3815918 0.2000000 
1 220 24625.4648438 3532.5698242 0.2013604 
1 221 24606.5742188 3537.6743164 0.2018951 
1 222 24593.0898438 3548.7368164 0.2017116 
1 223 24577.2070312 3558.2421875 0.2018612 
1 224 24559.6777344 3556.3583984 0.2010999 
1 225 24559.6289062 3548.8618164 0.2012164 
1 226 24554.5996094 3555.5468750 0.2015601 
1 227 24565.0488281 3570.5710449 0.2015592 
1 228 24560.0156250 3579.9294434 0.2011922 
1 229 24550.6425781 3582.0461426 0.2009722 
1 230 24534.2363281 3573.9497070 0.2009784 
1 231 24524.9785156 3572.3920898 0.2010738 
1 232 24515.9062500 3572.2387695 0.2012665 
1 233 24507.1679688 3578.4125977 0.2011843 
1 234 24498.7929688 3581.9482422 0.2011002 
1 235 24496.5585938 3579.0166016 0.2009638 
1 236 24499.8671875 3577.3435059 0.2010974 
1 237 24508.4257812 3581.5017090 0.2013125 
1 238 24529.7871094 3589.8403320 0.2015415 
1 239 24564.5468750 3605.0986328 0.2014784 
1 240 24589.5351562 3581.2658691 0.2005820 
1 241 24589.5351562 3581.2658691 0.2005820 
1 242 24621.0390625 3561.7163086 0.2007817 
1 243 24644.8457031 3559.3068848 0.2009251 
1 244 24654.8828125 3565.9655762 0.2012232 
1 245 24659.4511719 3584.6945801 0.2013305 
1 246 24659.0898438 3599.6408691 0.2012184 
1 247 24655.9550781 3613.7937012 0.2013345 
1 248 24646.4335938 3623.8945312 0.2011034 
1 249 24637.6074219 3624.3959961 0.2010403 
1 250 24627.3593750 3630.1533203 0.2010789 
1 251 24623.1035156 3635.6284180 0.2009967 
1 252 24625.1152344 3634.4858398 0.2009114 
1 253 24629.4335938 3633.7099609 0.2009565 
1 254 24631.6875000 3631.0610352 0.2008137 
1 255 24640.6738281 3621.5092773 0.2009234 
1 256 24649.3632812 3624.4614258 0.2011080 
1 257 24650.1367188 3621.8281250 0.2008574 
1 258 24657.0039062 3616.2854004 0.2010047 
1 259 24665.2382812 3621.4663086 0.2011513 
1 260 24670.6835938 3622.2539062 0.2009374 
1 261 24672.8613281 3618.6477051 0.2010438 
1 262 24673.9531250 3624.5483398 0.2010867 
1 263 24668.8886719 3627.2780762 0.2009501 
1 264 24663.1445312 3626.5915527 0.2008647 
1 265 24660.0234375 3623.9416504 0.2009120 
1 266 24660.0234375 3623.9416504 0.2009120 
1 267 24663.3105469 3620.0686035 0.2007557 
1 268 24665.0488281 3612.8000488 0.2008940 
1 269 24669.7031250 3613.3327637 0.2009705 
1 270 24674.3183594 3611.1813965 0.2008294 
1 271 24677.4531250 3601.7900391 0.2007251 
1 272 24678.5351562 3591.8957520 0.2008650 
1 273 24679.8281250 3594.5830078 0.2010851 
1 274 24679.0214844 3599.2866211 0.2009564 
1 275 24679.9765625 3592.2631836 0.2007347 
1 276 24675.5156250 3584.9853516 0.2009290 
1 277 24675.0625000 3581.9575195 0.2009178 
1 278 24674.9335938 3578.2446289 0.2010392 
1 279 24679.2480469 3577.6674805 0.2010749 
1 280 24683.1015625 3577.6191406 0.2011190 
1 281 24685.3281250 3577.1435547 0.2010792 
1 282 24688.5664062 3575.3764648 0.2010816 
1 283 24692.7460938 3572.1928711 0.2010243 
1 284 24695.8554688 3564.5449219 0.2009002 
1 285 24699.8476562 3557.9887695 0.2009856 
1 286 24705.1679688 3557.1811523 0.2010365 
1 287 24703.6484375 3558.4404297 0.2010234 
1 288 24702.3027344 3555.1760254 0.2008152 
1 289 24702.1015625 3548.7172852 0.2008537 
1 290 24699.7832031 3545.1223145 0.2008959 
1 291 24699.7832031 3545.1223145 0.2008959 
1 292 24701.1093750 3544.8562012 0.2010312 
1 293 24697.8593750 3549.8173828 0.2009931 
1 294 24692.8867188 3548.1481934 0.2008655 
1 295 24690.6250000 3542.8852539 0.2008794 
1 296 24687.0527344 3542.6572266 0.2011708 
1 297 24685.5859375 3543.3386230 0.2010181 
1 298 24684.3007812 3538.0483398 0.2011611 
1 299 24683.8398438 3535.6572266 0.2012983 
1 300 24680.6445312 3535.3452148 0.2014598 
1 301 24679.9433594 3535.7353516 0.2012361 
1 302 24677.8828125 3534.7539062 0.2012297 
1 303 24680.6367188 3533.3327637 0.2011958 
1 304 24685.8417969 3529.2246094 0.2011652 
1 305 24688.1074219 3524.4375000 0.2012468 
1 306 24688.1855469 3524.7983398 0.2013988 
1 307 24692.2929688 3521.4443359 0.2011805 
1 308 24696.6230469 3514.0136719 0.2013256 
1 309 24700.1269531 3514.3652344 0.2014993 
1 310 24706.4355469 3513.7160645 0.2014723 
1 311 24712.8671875 3515.1459961 0.2016724 
1 312 24719.3593750 3516.3464355 0.2015726 
1 313 24724.6054688 3511.5322266 0.2017256 
1 314 24727.9960938 3508.1728516 0.2019879 
1 315 24734.0449219 3504.4052734 0.2021576 
1 316 24734.0449219 3504.4052734 0.2021576 
1 317 24740.4472656 3504.5473633 0.2023392 
1 318 24746.8652344 3503.5209961 0.2023904 
1 319 24751.3554688 3498.4013672 0.2022371 
1 320 24755.8203125 3484.3811035 0.2021706 
1 321 24761.6816406 3473.0268555 0.2027190 
1 322 24764.7753906 3472.1816406 0.2030203 
1 323 24768.5703125 3468.8269043 0.2032674 
1 324 24773.8632812 3464.7189941 0.2036220 
1 325 24777.7617188 3462.7658691 0.2039118 
1 326 24779.9707031 3462.1691895 0.2042983 
1 327 24779.8320312 3463.8415527 0.2046674 
1 328 24782.2636719 3465.5124512 0.2050508 
1 329 24785.0351562 3465.1860352 0.2051991 
1 330 24785.9863281 3460.9313965 0.2054588 
1 331 24783.7597656 3460.2070312 0.2058404 
1 332 24780.4316406 3456.9287109 0.2061211 
1 333 24780.3945312 3452.4858398 0.2066989 
1 334 24776.2109375 3458.4204102 0.2068733 
1 335 24766.7480469 3469.7641602 0.2069132 
1 336 24759.9804688 3477.4255371 0.2066749 
1 337 24758.8515625 3475.6213379 0.2065749 
1 338 24756.8320312 3476.3486328 0.2067287 
1 339 24749.1386719 3481.9096680 0.2067112 
1 340 24748.8964844 3485.3671875 0.2065654 
1 341 24748.8964844 3485.3671875 0.2065654 
1 342 24752.5117188 3484.0114746 0.2061844 
1 343 24755.1464844 3484.9987793 0.2057830 
1 344 24756.8437500 3487.9375000 0.2052157 
1 345 24757.1503906 3484.2944336 0.2046911 
1 346 24762.4375000 3484.9077148 0.2043999 
1 347 24764.3046875 3486.2978516 0.2039153 
1 348 24762.1308594 3484.7861328 0.2034853 
1 349 24760.0019531 3485.2841797 0.2032498 
1 350 24764.0039062 3488.3085938 0.2028322 
1 351 24763.9687500 3485.7221680 0.2025254 
1 352 24760.5058594 3485.7592773 0.2025009 
1 353 24763.2968750 3490.1259766 0.2022393 
1 354 24764.1132812 3488.2490234 0.2019857 
1 355 24763.7148438 3487.0815430 0.2021432 
1 356 24762.9277344 3488.5842285 0.2020505 
1 357 24760.5683594 3487.5136719 0.2020131 
1 358 24761.9316406 3487.0351562 0.2020735 
1 359 24761.7148438 3489.5678711 0.2021837 
1 360 24760.0488281 3495.4970703 0.2021757 
1 361 24759.0742188 3496.1401367 0.2019065 
1 362 24759.6015625 3494.4990234 0.2020319 
1 363 24759.5859375 3497.5566406 0.2020939 
1 364 24760.2695312 3501.4477539 0.2021107 
1 365 24759.2031250 3502.3386230 0.2019914 
1 366 24759.2031250 3502.3386230 0.2019914 
1 367 24758.3867188 3502.4443359 0.2019260 
1 368 24759.5195312 3501.0996094 0.2018988 
1 369 24760.7460938 3500.1657715 0.2018168 
1 370 24759.7363281 3497.6694336 0.2018512 
1 371 24758.6250000 3494.6210938 0.2019635 
1 372 24763.9375000 3493.6157227 0.2021343 
1 373 24766.2187500 3496.5698242 0.2023382 
1 374 24766.9355469 3501.0312500 0.2022561 
1 375 24766.7988281 3502.2031250 0.2022175 
1 376 24767.4023438 3500.6025391 0.2023722 
1 377 24770.9531250 3503.2858887 0.2024544 
1 378 24774.0019531 3505.2568359 0.2023965 
1 379 24774.8652344 3504.4006348 0.2025758 
1 380 24776.0390625 3502.5156250 0.2027180 
1 381 24778.9433594 3499.0427246 0.2027628 
1 382 24780.6542969 3496.5036621 0.2028884 
1 383 24785.2441406 3496.3935547 0.2029993 
1 384 24788.8515625 3499.8107910 0.2030806 
1 385 24788.9492188 3507.1848145 0.2031310 
1 386 24787.6562500 3513.5175781 0.2030006 
1 387 24786.9746094 3518.3181152 0.2030304 
1 388 24785.9296875 3522.3427734 0.2029905 
1 389 24785.1660156 3527.2690430 0.2030974 
1 390 24782.2109375 3533.6967773 0.2030563 
1 391 24782.2109375 3533.6967773 0.2030563 
1 392 24779.6757812 3537.4465332 0.2030077 
1 393 24780.2246094 3542.1757812 0.2029435 
1 394 24782.6367188 3539.7451172 0.2026696 
1 395 24782.7714844 3535.4819336 0.2029000 
1 396 24782.9218750 3538.5922852 0.2029813 
1 397 24781.5117188 3541.9438477 0.2029027 
1 398 24778.9472656 3541.9550781 0.2028426 
1 399 24778.3984375 3541.0302734 0.2028486 
1 400 24778.0898438 3540.3339844 0.2028306 
1 401 24777.9882812 3537.2387695 0.2027529 
1 402 24778.8046875 3536.9846191 0.2029395 
1 403 24779.4257812 3538.3054199 0.2027879 
1 404 24779.6250000 3532.1445312 0.2027033 
1 405 24779.0312500 3528.7839355 0.2027800 
1 406 24779.0820312 3525.8710938 0.2027630 
1 407 24779.6601562 3520.4765625 0.2026376 
1 408 24780.5175781 3514.1467285 0.2027379 
1 409 24779.5527344 3512.2832031 0.2028088 
1 410 24776.7285156 3512.3813477 0.2028950 
1 411 24773.9218750 3514.9206543 0.2028829 
1 412 24771.1152344 3516.0878906 0.2028034 
1 413 24767.7832031 3511.6879883 0.2026589 
1 414 24765.2851562 3509.6364746 0.2028624 
1 415 24761.5546875 3511.6318359 0.2029091 
1 416 24761.5546875 3511.6318359 0.2029091 
1 417 24758.6250000 3512.4091797 0.2027969 
1 418 24756.4472656 3512.0429688 0.2028556 
1 419 24753.8125000 3513.0749512 0.2028464 
1 420 24752.6992188 3510.9567871 0.2027079 
1 421 24751.9941406 3507.7919922 0.2028625 
1 422 24752.0097656 3510.9792480 0.2028989 
1 423 24752.5957031 3510.3469238 0.2027695 
1 424 24751.5449219 3509.2426758 0.2028601 
1 425 24752.2441406 3511.2387695 0.2028749 
1 426 24753.1015625 3510.7814941 0.2028126 
1 427 24753.0371094 3510.9013672 0.2029167 
1 428 24753.6093750 3513.5756836 0.2030596 
1 429 24753.5253906 3515.5537109 0.2029071 
1 430 24751.6621094 3514.7045898 0.2029137 
1 431 24750.5957031 3514.8586426 0.2028359 
1 432 24752.4804688 3514.2919922 0.2029869 
1 433 24751.8964844 3517.2309570 0.2029166 
1 434 24748.7714844 3519.3862305 0.2028629 
1 435 24746.0175781 3523.3120117 0.2029134 
1 436 24746.3574219 3526.5825195 0.2028364 
1 437 24746.7871094 3529.5827637 0.2028604 
1 438 24745.6132812 3531.0039062 0.2027737 
1 439 24746.7597656 3534.7597656 0.2028666 
1 440 24747.2421875 3538.2287598 0.2027333 
1 441 24747.2421875 3538.2287598 0.2027333 
1 442 24745.4570312 3538.8649902 0.2027532 
1 443 24743.5781250 3540.9257812 0.2027688 
1 444 24745.7441406 3541.4487305 0.2027238 
1 445 24747.5039062 3543.1552734 0.2027919 
1 446 24747.9453125 3547.4057617 0.2027931 
1 447 24747.0000000 3548.9895020 0.2027006 
1 448 24746.6171875 3552.8935547 0.2027582 
1 449 24746.2128906 3555.6484375 0.2026280 
1 450 24744.9765625 3555.9226074 0.2026678 
1 451 24742.3417969 3558.4274902 0.2028141 
1 452 24739.6914062 3560.2429199 0.2029025 
1 453 24734.1621094 3563.0537109 0.2028822 
1 454 24730.5976562 3563.9709473 0.2027932 
1 455 24727.6777344 3563.0356445 0.2027710 
1 456 24726.0957031 3563.1442871 0.2027846 
1 457 24721.6972656 3565.9008789 0.2028875 
1 458 24715.7910156 3571.0837402 0.2028750 
1 459 24711.5312500 3574.4802246 0.2028060 
1 460 24705.4648438 3577.9516602 0.2028475 
1 461 24700.7656250 3580.9060059 0.2027093 
1 462 24693.8320312 3580.2297363 0.2027521 
1 463 24687.1660156 3583.8806152 0.2028505 
1 464 24680.5839844 3588.8593750 0.2027849 
1 465 24674.0273438 3588.5878906 0.2026392 
1 466 24674.0273438 3588.5878906 0.2026392 
1 467 24667.6132812 3585.6228027 0.2026520 
1 468 24662.0429688 3582.6943359 0.2026865 
1 469 24658.3203125 3583.7353516 0.2027804 
1 470 24655.2148438 3586.4960938 0.2027895 
1 471 24649.2773438 3589.7270508 0.2028148 
1 472 24645.3320312 3592.4248047 0.2027422 
1 473 24642.5429688 3593.8911133 0.2027265 
1 474 24639.3554688 3597.6943359 0.2027967 
1 475 24636.3105469 3599.8605957 0.2026764 
1 476 24634.5312500 3601.7792969 0.2026751 
1 477 24632.0996094 3603.3320312 0.2026972 
1 478 24629.6835938 3604.6081543 0.2026489 
1 479 24627.8164062 3605.0644531 0.2026094 
1 480 24629.2968750 3602.7353516 0.2025278 
1 481 24631.6796875 3601.2231445 0.2026050 
1 482 24633.4140625 3601.2048340 0.2026142 
1 483 24634.5664062 3603.0749512 0.2026726 
1 484 24640.8359375 3608.0639648 0.2026249 
1 485 24647.5410156 3608.6801758 0.2025392 
1 486 24652.7128906 3612.1293945 0.2026787 
1 487 24655.6035156 3614.6254883 0.2025606 
1 488 24658.4570312 3616.4694824 0.2026402 
1 489 24661.4960938 3620.1149902 0.2025884 
1 490 24664.4257812 3621.8208008 0.2025827 
1 491 24664.4316406 3621.7995605 0.2025843 
1 492 24669.0214844 3620.4458008 0.2024496 
1 493 24670.3535156 3615.1284180 0.2024857 
1 494 24672.3320312 3613.7741699 0.2025572 
1 495 24674.8281250 3616.0336914 0.2026371 
1 496 24676.5058594 3617.6953125 0.2026271 
1 497 24679.3671875 3613.3007812 0.2025805 
1 498 24681.8359375 3612.9897461 0.2026573 
1 499 24683.7539062 3612.4809570 0.2026395 
1 500 24684.6875000 3609.7617188 0.2026295 
1 501 24687.4121094 3606.4809570 0.2025537 
1 502 24690.2734375 3604.4626465 0.2026336 
1 503 24691.7343750 3603.9367676 0.2025115 
1 504 24695.2421875 3601.6721191 0.2025018 
1 505 24700.6445312 3598.6645508 0.2023774 
1 506 24706.1816406 3595.6418457 0.2023954 
1 507 24710.7792969 3595.4448242 0.2025072 
1 508 24713.1835938 3596.5578613 0.2025518 
1 509 24716.6523438 3598.3959961 0.2024593 
1 510 24717.9785156 3596.8525391 0.2024015 
1 511 24719.0859375 3594.4106445 0.2023497 
1 512 24721.1914062 3594.4853516 0.2024047 
1 513 24724.5585938 3595.5053711 0.2023204 
1 514 24726.0507812 3595.2197266 0.2023966 
1 515 24726.5449219 3593.1367188 0.2022831 
1 516 24726.5449219 3593.1367188 0.2022831 
1 517 24727.7949219 3589.4697266 0.2022803 
1 518 24729.1171875 3588.5820312 0.2023475 
1 519 24730.8671875 3589.6967773 0.2022871 
1 520 24730.8867188 3588.5227051 0.2022876 
1 521 24732.1855469 3589.3012695 0.2022462 
1 522 24733.1757812 3589.6433105 0.2022431 
1 523 24735.4804688 3588.9995117 0.2021393 
1 524 24737.3867188 3584.7626953 0.2020968 
1 525 24742.0878906 3583.3327637 0.2020926 
1 526 24748.6035156 3579.7084961 0.2020222 
1 527 24754.2070312 3575.0175781 0.2020354 
1 528 24756.9453125 3567.7414551 0.2020415 
1 529 24757.3320312 3561.9560547 0.2022770 
1 530 24758.3027344 3561.5253906 0.2023455 
1 531 24758.1953125 3560.4968262 0.2023739 
1 532 24756.5000000 3560.1762695 0.2023738 
1 533 24756.2988281 3559.4982910 0.2023658 
1 534 24756.0644531 3560.2443848 0.2023766 
1 535 24755.9765625 3561.1289062 0.2022658 
1 536 24756.2265625 3560.8029785 0.2021545 
1 537 24758.4003906 3560.3930664 0.2021831 
1 538 24759.1972656 3560.3637695 0.2021483 
1 539 24759.9726562 3557.4438477 0.2020914 
1 540 24758.6171875 3552.9477539 0.2021565 
1 541 24758.6738281 3552.9047852 0.2021718 
1 542 24762.0800781 3548.9318848 0.2020315 
1 543 24766.1308594 3544.0783691 0.2021448 
1 544 24767.0859375 3541.4311523 0.2032836 
1 545 24769.2187500 3537.3522949 0.2032794 
1 546 24768.3828125 3534.0393066 0.2033373 
1 547 24769.4921875 3531.4133301 0.2032285 
1 548 24771.4882812 3524.9365234 0.2031165 
1 549 24775.6660156 3520.8134766 0.2033156 
1 550 24777.6250000 3519.1352539 0.2032749 
1 551 24778.1953125 3516.0524902 0.2033141 
1 552 24778.7324219 3516.2592773 0.2032666 
1 553 24781.4609375 3510.2954102 0.2030553 
1 554 24786.3378906 3503.3452148 0.2031254 
1 555 24791.4355469 3501.1274414 0.2033232 
1 556 24795.1972656 3503.0278320 0.2033430 
1 557 24793.4960938 3505.4194336 0.2034447 
1 558 24795.7656250 3509.3662109 0.2033471 
1 559 24799.8222656 3510.7336426 0.2034121 
1 560 24801.0234375 3512.6267090 0.2033241 
1 561 24803.5957031 3509.7778320 0.2033207 
1 562 24801.8164062 3512.6442871 0.2036426 
1 563 24798.9765625 3518.9121094 0.2035210 
1 564 24799.1757812 3518.3549805 0.2034122 
1 565 24801.7734375 3519.2358398 0.2034775 
1 566 24801.7734375 3519.2358398 0.2034775 
1 567 24801.2265625 3517.9543457 0.2033820 
1 568 24801.5742188 3518.0905762 0.2035530 
1 569 24803.5859375 3524.7263184 0.2035547 
1 570 24803.8261719 3526.1352539 0.2032630 
1 571 24804.1425781 3521.9379883 0.2031555 
1 572 24806.5253906 3521.3144531 0.2031997 
1 573 24810.4101562 3522.9414062 0.2032276 
1 574 24810.5488281 3521.5661621 0.2031915 
1 575 24813.7812500 3523.6562500 0.2031710 
1 576 24817.7578125 3526.5720215 0.2031549 
1 577 24821.1250000 3528.2077637 0.2030033 
1 578 24821.0527344 3527.1894531 0.2030129 
1 579 24822.1992188 3529.9660645 0.2029890 
1 580 24824.1894531 3529.2558594 0.2028018 
1 581 24825.2949219 3528.7368164 0.2029466 
1 582 24825.8554688 3530.6667480 0.2029043 
1 583 24823.0488281 3531.1298828 0.2029957 
1 584 24822.0292969 3533.2661133 0.2028543 
