1 2 6896.4951172 2129.3554688 0.1803999 
1 3 6896.7875977 2129.3554688 0.1803999 
1 4 6899.4438477 2129.3554688 0.1803999 
1 5 6904.1801758 2129.3554688 0.1803999 
1 6 6910.7475586 2129.3554688 0.1803999 
1 7 6959.1083984 2130.4560547 0.1803999 
1 8 6971.4853516 2130.6579590 0.1803827 
1 9 6983.7470703 2130.7802734 0.1803858 
1 10 6995.8012695 2130.8618164 0.1803907 
1 11 7007.6098633 2130.9892578 0.1803956 
1 12 7019.1264648 2131.1145020 0.1804103 
1 13 7030.4541016 2131.1860352 0.1804102 
1 14 7041.6435547 2131.2744141 0.1804069 
1 15 7052.8818359 2131.4785156 0.1804204 
1 16 7064.1997070 2131.6618652 0.1804349 
1 17 7064.1997070 2131.6618652 0.1804349 
1 18 7075.7202148 2131.8642578 0.1804223 
1 19 7087.6831055 2132.0578613 0.1804394 
1 20 7100.2397461 2132.3598633 0.1804473 
1 21 7113.1582031 2132.7158203 0.1804417 
1 22 7126.3212891 2133.0434570 0.1804431 
1 23 7139.4384766 2133.3728027 0.1804769 
1 24 7152.2861328 2133.7282715 0.1804832 
1 25 7164.6787109 2134.1018066 0.1804828 
1 26 7176.7226562 2134.5561523 0.1804833 
1 27 7188.5283203 2134.9223633 0.1805116 
1 28 7200.1933594 2135.3544922 0.1805069 
1 29 7211.7900391 2135.7194824 0.1805088 
1 30 7223.4072266 2136.0524902 0.1805173 
1 31 7234.9853516 2136.3457031 0.1805099 
1 32 7246.3056641 2136.5178223 0.1805076 
1 33 7257.5029297 2136.6142578 0.1805090 
1 34 7268.5161133 2136.6425781 0.1805310 
1 35 7279.4785156 2136.6430664 0.1805370 
1 36 7290.2158203 2136.7197266 0.1805508 
1 37 7300.8740234 2136.8303223 0.1805495 
1 38 7311.6289062 2136.9470215 0.1805635 
1 39 7322.7563477 2137.1997070 0.1805827 
1 40 7334.1152344 2137.3686523 0.1806009 
1 41 7346.0244141 2137.5776367 0.1805892 
1 42 7346.0244141 2137.5776367 0.1805892 
1 43 7358.5302734 2137.9245605 0.1806158 
1 44 7371.5009766 2138.3234863 0.1806055 
1 45 7384.9433594 2138.6735840 0.1806335 
1 46 7398.9843750 2139.0725098 0.1806326 
1 47 7413.3339844 2139.6157227 0.1806340 
1 48 7428.1645508 2140.2636719 0.1806477 
1 49 7443.1489258 2140.9929199 0.1806254 
1 50 7458.3222656 2141.7128906 0.1806438 
1 51 7473.6044922 2142.6616211 0.1806273 
1 52 7488.8583984 2143.6459961 0.1806375 
1 53 7504.0507812 2144.8662109 0.1806651 
1 54 7519.2324219 2146.1188965 0.1806379 
1 55 7534.2646484 2147.4655762 0.1806422 
1 56 7549.3994141 2148.9599609 0.1806532 
1 57 7564.3408203 2150.4636230 0.1806869 
1 58 7579.0039062 2152.0444336 0.1806722 
1 59 7593.5249023 2153.6401367 0.1806770 
1 60 7607.6997070 2155.3115234 0.1806943 
1 61 7621.5683594 2156.9731445 0.1807052 
1 62 7634.7685547 2158.5175781 0.1806909 
1 63 7647.3706055 2160.0651855 0.1807078 
1 64 7658.8095703 2161.7924805 0.1807353 
1 65 7669.8217773 2163.6623535 0.1807436 
1 66 7680.5302734 2165.5461426 0.1807354 
1 67 7680.5302734 2165.5461426 0.1807354 
1 68 7690.5395508 2167.7211914 0.1807479 
1 69 7700.2631836 2169.9865723 0.1807343 
1 70 7709.7094727 2172.2448730 0.1807527 
1 71 7718.9868164 2174.5520020 0.1807437 
1 72 7728.2568359 2177.0192871 0.1807386 
1 73 7737.4570312 2179.5371094 0.1807348 
1 74 7746.4848633 2182.1943359 0.1807373 
1 75 7755.4677734 2185.0327148 0.1807178 
1 76 7764.3041992 2187.9812012 0.1807264 
1 77 7773.0722656 2191.0324707 0.1807141 
1 78 7781.7714844 2194.1870117 0.1807010 
1 79 7790.4326172 2197.4384766 0.1807099 
1 80 7798.9121094 2200.7980957 0.1807167 
1 81 7807.3676758 2204.2001953 0.1807012 
1 82 7815.7172852 2207.6279297 0.1806995 
1 83 7824.0361328 2211.1408691 0.1806816 
1 84 7832.1186523 2214.5212402 0.1806778 
1 85 7840.2529297 2217.8596191 0.1806584 
1 86 7848.5898438 2221.0192871 0.1806442 
1 87 7857.1865234 2224.1035156 0.1806531 
1 88 7866.2202148 2227.1489258 0.1806507 
1 89 7875.1416016 2230.1232910 0.1806373 
1 90 7883.9252930 2232.9160156 0.1806405 
1 91 7892.4780273 2235.5805664 0.1806498 
1 92 7892.4780273 2235.5805664 0.1806498 
1 93 7900.8369141 2238.2265625 0.1806560 
1 94 7909.1064453 2240.9101562 0.1806634 
1 95 7917.0146484 2243.5600586 0.1806679 
1 96 7924.8271484 2246.1513672 0.1806654 
1 97 7932.5097656 2248.5527344 0.1806678 
1 98 7940.1440430 2250.8457031 0.1806733 
1 99 7947.8291016 2253.2551270 0.1806829 
1 100 7955.6420898 2255.6840820 0.1806764 
1 101 7963.4873047 2258.1765137 0.1806755 
1 102 7971.3417969 2260.9121094 0.1806778 
1 103 7979.3950195 2263.8642578 0.1806810 
1 104 7987.4560547 2267.1044922 0.1806890 
1 105 7995.5283203 2270.5136719 0.1806802 
1 106 8003.6337891 2273.9648438 0.1806747 
1 107 8011.7871094 2277.5976562 0.1806760 
1 108 8020.0043945 2281.2404785 0.1806760 
1 109 8028.3129883 2284.8718262 0.1806804 
1 110 8036.5205078 2288.4174805 0.1806773 
1 111 8044.6542969 2291.7905273 0.1807163 
1 112 8052.6347656 2295.0720215 0.1807167 
1 113 8060.2822266 2298.1943359 0.1807404 
1 114 8067.7109375 2301.2399902 0.1807529 
1 115 8075.0444336 2304.1379395 0.1807524 
1 116 8082.3623047 2306.8081055 0.1807489 
1 117 8082.3623047 2306.8081055 0.1807489 
1 118 8089.6215820 2309.1750488 0.1807381 
1 119 8096.9487305 2311.4482422 0.1807191 
1 120 8104.3999023 2313.5263672 0.1807159 
1 121 8111.8505859 2315.4345703 0.1807101 
1 122 8119.5092773 2317.2233887 0.1806987 
1 123 8127.3281250 2318.9802246 0.1806916 
1 124 8135.4228516 2320.7622070 0.1806959 
1 125 8143.7495117 2322.5341797 0.1806847 
1 126 8152.1977539 2324.4423828 0.1806537 
1 127 8160.4873047 2326.3518066 0.1806244 
1 128 8168.9204102 2328.5048828 0.1805784 
1 129 8177.2758789 2330.6994629 0.1805626 
1 130 8185.6030273 2332.9570312 0.1805445 
1 131 8193.8857422 2335.2241211 0.1805230 
1 132 8202.0996094 2337.5427246 0.1805127 
1 133 8210.2275391 2339.9233398 0.1804967 
1 134 8218.2216797 2342.1982422 0.1804965 
1 135 8226.1875000 2344.3815918 0.1804831 
1 136 8234.0371094 2346.4763184 0.1804702 
1 137 8241.7343750 2348.4714355 0.1804625 
1 138 8249.4433594 2350.4614258 0.1804463 
1 139 8257.0292969 2352.4533691 0.1804047 
1 140 8264.5332031 2354.3063965 0.1803849 
1 141 8271.8789062 2356.0349121 0.1803935 
1 142 8271.8789062 2356.0434570 0.1803956 
1 143 8279.2460938 2357.7924805 0.1804002 
1 144 8286.6494141 2359.5700684 0.1803893 
1 145 8294.0175781 2361.2778320 0.1803763 
1 146 8301.3906250 2362.9282227 0.1803981 
1 147 8308.5859375 2364.4934082 0.1803972 
1 148 8315.6171875 2365.8679199 0.1804058 
1 149 8322.4960938 2367.1635742 0.1803910 
1 150 8329.1523438 2368.3452148 0.1804124 
1 151 8335.7382812 2369.4960938 0.1804038 
1 152 8342.3554688 2370.5861816 0.1803817 
1 153 8349.0205078 2371.7451172 0.1804057 
1 154 8355.9042969 2372.8098145 0.1804066 
1 155 8362.8994141 2373.9345703 0.1804073 
1 156 8369.9453125 2375.0429688 0.1804250 
1 157 8376.9755859 2376.1376953 0.1804381 
1 158 8384.0634766 2377.3085938 0.1804482 
1 159 8391.1289062 2378.5092773 0.1804332 
1 160 8398.1230469 2379.6835938 0.1804473 
1 161 8405.0849609 2380.9233398 0.1803849 
1 162 8412.1083984 2382.2043457 0.1803774 
1 163 8419.2099609 2383.4243164 0.1803922 
1 164 8426.3886719 2384.5998535 0.1803852 
1 165 8433.7568359 2385.7382812 0.1803724 
1 166 8441.2343750 2386.8774414 0.1803754 
1 167 8441.2343750 2386.8774414 0.1803754 
1 168 8448.7412109 2387.8725586 0.1803667 
1 169 8456.3613281 2388.7382812 0.1803640 
1 170 8464.1191406 2389.3994141 0.1803392 
1 171 8472.1474609 2389.9819336 0.1803299 
1 172 8480.3671875 2390.4643555 0.1803538 
1 173 8488.5722656 2390.9619141 0.1803453 
1 174 8496.9140625 2391.3002930 0.1803021 
1 175 8505.4384766 2391.5717773 0.1802923 
1 176 8514.0312500 2391.6982422 0.1802844 
1 177 8522.5605469 2391.7741699 0.1802853 
1 178 8531.1123047 2391.8183594 0.1802993 
1 179 8539.7226562 2391.8242188 0.1802908 
1 180 8548.5000000 2391.7712402 0.1802792 
1 181 8557.4111328 2391.7011719 0.1802798 
1 182 8566.4833984 2391.6118164 0.1802750 
1 183 8575.7500000 2391.5285645 0.1802564 
1 184 8585.0771484 2391.3925781 0.1802380 
1 185 8594.4130859 2391.2634277 0.1802156 
1 186 8603.6855469 2391.1113281 0.1802377 
1 187 8612.8203125 2390.9416504 0.1802414 
1 188 8621.7539062 2390.8100586 0.1802275 
1 189 8630.5283203 2390.6025391 0.1802344 
1 190 8639.4287109 2390.4758301 0.1802314 
1 191 8648.2128906 2390.3518066 0.1802711 
1 192 8648.2187500 2390.3525391 0.1802681 
1 193 8657.0820312 2390.1423340 0.1802819 
1 194 8666.0312500 2389.9528809 0.1802852 
1 195 8675.1650391 2389.6994629 0.1802739 
1 196 8684.4921875 2389.4746094 0.1802814 
1 197 8694.0537109 2389.1582031 0.1802633 
1 198 8703.6738281 2388.8278809 0.1802546 
1 199 8713.4531250 2388.5031738 0.1802392 
1 200 8723.4394531 2388.2309570 0.1802422 
1 201 8733.8906250 2388.0371094 0.1802684 
1 202 8744.6562500 2387.8391113 0.1802728 
1 203 8755.5937500 2387.4680176 0.1802637 
1 204 8766.5449219 2387.1740723 0.1802740 
1 205 8777.6464844 2386.7836914 0.1802786 
1 206 8788.7832031 2386.4851074 0.1802597 
1 207 8799.8828125 2386.1569824 0.1802834 
1 208 8810.9257812 2385.9284668 0.1802849 
1 209 8821.6298828 2385.6953125 0.1802852 
1 210 8832.1562500 2385.4018555 0.1802612 
1 211 8842.5019531 2385.0178223 0.1802396 
1 212 8852.5820312 2384.7585449 0.1802027 
1 213 8862.3125000 2384.5170898 0.1802546 
1 214 8871.7128906 2384.3173828 0.1802472 
1 215 8880.7236328 2384.0297852 0.1802670 
1 216 8889.6640625 2383.7397461 0.1802616 
1 217 8889.6601562 2383.7453613 0.1802621 
1 218 8898.1503906 2383.5075684 0.1803032 
1 219 8906.3066406 2383.2163086 0.1803030 
1 220 8914.3281250 2383.0397949 0.1803223 
1 221 8922.1835938 2382.8364258 0.1803260 
1 222 8929.7441406 2382.5737305 0.1803294 
1 223 8937.2207031 2382.3840332 0.1803233 
1 224 8944.5908203 2382.0378418 0.1803156 
1 225 8951.8564453 2381.7873535 0.1803339 
1 226 8959.1738281 2381.4863281 0.1803216 
1 227 8966.5166016 2381.2912598 0.1803052 
1 228 8973.8916016 2381.0549316 0.1803282 
1 229 8981.3310547 2380.8688965 0.1803342 
1 230 8988.7216797 2380.6245117 0.1803403 
1 231 8996.0947266 2380.3776855 0.1803391 
1 232 9003.5058594 2380.0874023 0.1803492 
1 233 9010.9609375 2379.8413086 0.1803716 
1 234 9018.4589844 2379.5849609 0.1803541 
1 235 9025.9384766 2379.3232422 0.1803698 
1 236 9033.5205078 2379.0146484 0.1803586 
1 237 9041.1259766 2378.6674805 0.1803597 
1 238 9048.8222656 2378.3437500 0.1803486 
1 239 9056.5644531 2377.9685059 0.1803584 
1 240 9064.2851562 2377.5944824 0.1803748 
1 241 9072.0234375 2377.2773438 0.1803758 
1 242 9072.0234375 2377.2773438 0.1803758 
1 243 9079.6074219 2376.9418945 0.1804198 
1 244 9087.0966797 2376.5651855 0.1803604 
1 245 9094.2822266 2376.0935059 0.1803391 
1 246 9101.3027344 2375.5620117 0.1803516 
1 247 9107.8300781 2375.0266113 0.1803491 
1 248 9114.0800781 2374.5925293 0.1803218 
1 249 9119.9111328 2374.1789551 0.1803100 
1 250 9125.6435547 2373.7268066 0.1803208 
1 251 9131.1699219 2373.1945801 0.1802955 
1 252 9136.5019531 2372.5979004 0.1803282 
1 253 9141.9326172 2371.9914551 0.1803353 
1 254 9147.3154297 2371.2006836 0.1802783 
1 255 9152.7519531 2370.5141602 0.1803227 
1 256 9158.1767578 2369.6560059 0.1803305 
1 257 9163.5898438 2368.7998047 0.1803267 
1 258 9168.9687500 2367.8242188 0.1803486 
1 259 9174.2099609 2366.7866211 0.1803319 
1 260 9179.3740234 2365.8041992 0.1803420 
1 261 9184.3339844 2364.7780762 0.1803292 
1 262 9189.0546875 2363.4663086 0.1803506 
1 263 9193.6220703 2362.1357422 0.1803208 
1 264 9198.1738281 2360.7021484 0.1803185 
1 265 9202.6230469 2359.2172852 0.1803035 
1 266 9207.0175781 2357.7829590 0.1802973 
1 267 9207.0175781 2357.7829590 0.1802973 
1 268 9211.3808594 2356.4948730 0.1802954 
1 269 9215.8583984 2355.4057617 0.1803512 
1 270 9220.2744141 2354.2543945 0.1803574 
1 271 9224.8017578 2353.4257812 0.1804096 
1 272 9229.5400391 2352.7331543 0.1803716 
1 273 9234.3457031 2352.0087891 0.1803889 
1 274 9239.2441406 2351.3503418 0.1804098 
1 275 9244.4355469 2350.9541016 0.1804607 
1 276 9249.5585938 2350.6064453 0.1804980 
1 277 9254.9033203 2350.1342773 0.1804593 
1 278 9260.4609375 2349.8061523 0.1804882 
1 279 9266.2207031 2349.5585938 0.1805475 
1 280 9272.0751953 2349.2661133 0.1805458 
1 281 9277.9638672 2348.9001465 0.1805127 
1 282 9283.7714844 2348.5603027 0.1804463 
1 283 9289.5195312 2348.2221680 0.1804576 
1 284 9295.2285156 2348.0034180 0.1804622 
1 285 9300.9238281 2347.7526855 0.1804777 
1 286 9306.5615234 2347.4069824 0.1804509 
1 287 9312.1914062 2347.1396484 0.1804396 
1 288 9317.7617188 2346.8681641 0.1804711 
1 289 9323.3574219 2346.5969238 0.1805619 
1 290 9329.0273438 2346.3479004 0.1807122 
1 291 9334.8281250 2346.0561523 0.1806912 
1 292 9334.8378906 2346.0710449 0.1806709 
1 293 9340.6093750 2345.7353516 0.1806797 
1 294 9346.2011719 2345.4001465 0.1807341 
1 295 9351.7236328 2345.1494141 0.1807604 
1 296 9357.1152344 2344.8330078 0.1807435 
1 297 9362.3300781 2344.4274902 0.1807384 
1 298 9367.5058594 2344.1179199 0.1807448 
1 299 9372.6542969 2343.8271484 0.1807648 
1 300 9377.7714844 2343.5905762 0.1808226 
1 301 9382.8896484 2343.3266602 0.1809259 
1 302 9388.0097656 2342.9990234 0.1809066 
1 303 9392.9677734 2342.6291504 0.1809244 
1 304 9397.8212891 2342.3535156 0.1809580 
1 305 9402.5390625 2342.0249023 0.1808840 
1 306 9407.0937500 2341.8073730 0.1808998 
1 307 9411.4873047 2341.4921875 0.1808982 
1 308 9415.6943359 2341.1870117 0.1808350 
1 309 9419.6699219 2340.8435059 0.1807956 
1 310 9423.4316406 2340.6796875 0.1808061 
1 311 9427.0976562 2340.6228027 0.1807653 
1 312 9430.6660156 2340.5541992 0.1807059 
1 313 9434.1259766 2340.5332031 0.1806383 
1 314 9437.4248047 2340.4538574 0.1806044 
1 315 9440.6523438 2340.4230957 0.1806335 
1 316 9443.8945312 2340.3085938 0.1805992 
1 317 9443.8945312 2340.3085938 0.1805992 
1 318 9447.0449219 2340.2492676 0.1806132 
1 319 9450.1503906 2340.2463379 0.1806011 
1 320 9453.1630859 2340.2590332 0.1806124 
1 321 9456.1367188 2340.2712402 0.1805896 
1 322 9459.0195312 2340.2565918 0.1805474 
1 323 9461.7744141 2340.2236328 0.1805385 
1 324 9464.4677734 2340.1203613 0.1805171 
1 325 9466.9873047 2340.1198730 0.1805101 
1 326 9469.3056641 2340.1801758 0.1805218 
1 327 9471.5322266 2340.2109375 0.1805194 
1 328 9473.6708984 2340.1342773 0.1805171 
1 329 9475.6738281 2340.0888672 0.1804838 
1 330 9477.5605469 2340.1108398 0.1804729 
1 331 9479.3759766 2340.0534668 0.1804117 
1 332 9481.0400391 2339.9550781 0.1803772 
1 333 9482.6152344 2339.8508301 0.1803798 
1 334 9484.1103516 2339.8083496 0.1803663 
1 335 9485.6162109 2339.6755371 0.1803808 
1 336 9487.1181641 2339.5488281 0.1803668 
1 337 9488.5898438 2339.4248047 0.1803607 
1 338 9490.0107422 2339.3020020 0.1803244 
1 339 9491.3125000 2339.1867676 0.1803003 
1 340 9492.5322266 2339.0639648 0.1802639 
1 341 9493.6953125 2338.9301758 0.1802698 
1 342 9493.6953125 2338.9301758 0.1802698 
1 343 9494.7568359 2338.8027344 0.1802586 
1 344 9495.7382812 2338.7175293 0.1802555 
1 345 9496.5771484 2338.6166992 0.1802489 
1 346 9497.3417969 2338.5073242 0.1802266 
1 347 9498.0000000 2338.3835449 0.1801824 
1 348 9498.6054688 2338.3110352 0.1801411 
1 349 9498.9990234 2338.2712402 0.1801137 
1 350 9499.2724609 2338.2270508 0.1800927 
1 351 9499.4414062 2338.2006836 0.1801332 
1 352 9499.5869141 2338.1477051 0.1801776 
1 353 9499.6328125 2338.0634766 0.1802099 
1 354 9499.6484375 2338.0422363 0.1802492 
1 355 9499.6269531 2337.9506836 0.1802952 
1 356 9499.6318359 2337.8173828 0.1803405 
1 357 9499.6591797 2337.7397461 0.1803384 
1 358 9499.7060547 2337.7006836 0.1802913 
1 359 9499.7031250 2337.6120605 0.1802354 
1 360 9499.6621094 2337.5778809 0.1801664 
1 361 9499.6044922 2337.5856934 0.1801502 
1 362 9499.5400391 2337.5800781 0.1801728 
1 363 9499.4941406 2337.5417480 0.1801915 
1 364 9499.4667969 2337.4882812 0.1802006 
1 365 9499.4345703 2337.4321289 0.1801739 
1 366 9499.4169922 2337.4118652 0.1801552 
1 367 9499.4169922 2337.4118652 0.1801552 
1 368 9499.4062500 2337.4020996 0.1801440 
1 369 9499.4179688 2337.3710938 0.1801320 
1 370 9499.4033203 2337.3037109 0.1801254 
1 371 9499.3876953 2337.2500000 0.1801200 
1 372 9499.3564453 2337.1945801 0.1801256 
1 373 9499.3173828 2337.1782227 0.1801170 
1 374 9499.2841797 2337.1791992 0.1801118 
1 375 9499.2568359 2337.1831055 0.1801106 
1 376 9499.2568359 2337.2028809 0.1801140 
1 377 9499.2714844 2337.1020508 0.1801235 
1 378 9499.3046875 2337.1333008 0.1801379 
1 379 9499.3476562 2337.1391602 0.1801441 
1 380 9499.3466797 2337.1108398 0.1801688 
1 381 9499.3457031 2337.1262207 0.1801756 
1 382 9499.3808594 2337.1247559 0.1801777 
1 383 9499.4023438 2337.1523438 0.1801697 
1 384 9499.4082031 2337.1840820 0.1801876 
1 385 9499.4179688 2337.2189941 0.1802101 
1 386 9499.4433594 2337.2182617 0.1802564 
1 387 9499.4707031 2337.2431641 0.1802943 
1 388 9499.5507812 2337.2487793 0.1803070 
1 389 9499.6181641 2337.3227539 0.1802874 
1 390 9499.6777344 2337.3728027 0.1802789 
1 391 9499.7480469 2337.4418945 0.1802767 
1 392 9499.7480469 2337.4418945 0.1802767 
1 393 9499.8476562 2337.4895020 0.1802833 
1 394 9499.9443359 2337.5034180 0.1802708 
1 395 9500.0087891 2337.5522461 0.1802786 
1 396 9500.0615234 2337.5812988 0.1802741 
1 397 9500.1474609 2337.6127930 0.1802780 
1 398 9500.2441406 2337.6125488 0.1802675 
1 399 9500.3134766 2337.6203613 0.1802582 
1 400 9500.3730469 2337.6040039 0.1802612 
1 401 9500.4082031 2337.6003418 0.1802736 
1 402 9500.4394531 2337.5766602 0.1802796 
1 403 9500.4941406 2337.5380859 0.1802846 
1 404 9500.5566406 2337.5048828 0.1802785 
1 405 9500.5947266 2337.4890137 0.1802535 
1 406 9500.6425781 2337.4763184 0.1802209 
1 407 9500.6669922 2337.4533691 0.1802170 
1 408 9500.7021484 2337.4333496 0.1802030 
1 409 9500.7568359 2337.3913574 0.1801929 
1 410 9500.8242188 2337.3525391 0.1801696 
1 411 9500.8544922 2337.3525391 0.1801531 
1 412 9500.8750000 2337.3398438 0.1801399 
1 413 9500.8925781 2337.2934570 0.1801361 
1 414 9500.9082031 2337.2729492 0.1801188 
1 415 9500.9140625 2337.2358398 0.1801116 
1 416 9500.9140625 2337.2121582 0.1801128 
1 417 9500.9140625 2337.2121582 0.1801128 
1 418 9500.8974609 2337.1743164 0.1801272 
1 419 9500.8837891 2337.1479492 0.1801311 
1 420 9500.8681641 2337.1079102 0.1801210 
1 421 9500.8681641 2337.0493164 0.1800999 
1 422 9500.8134766 2336.8769531 0.1800903 
1 423 9500.7607422 2336.7048340 0.1800770 
1 424 9500.7158203 2336.5270996 0.1800851 
1 425 9500.6796875 2336.3742676 0.1800874 
1 426 9500.6640625 2336.2106934 0.1800764 
1 427 9500.6533203 2336.0825195 0.1800614 
1 428 9500.6113281 2335.9226074 0.1800687 
1 429 9500.5644531 2335.7783203 0.1800737 
1 430 9500.5048828 2335.6728516 0.1800814 
1 431 9500.4658203 2335.5830078 0.1800663 
1 432 9500.4472656 2335.5415039 0.1800573 
1 433 9500.4414062 2335.5024414 0.1800478 
1 434 9500.3925781 2335.4038086 0.1800482 
1 435 9500.3378906 2335.3195801 0.1800551 
1 436 9500.3066406 2335.2812500 0.1800507 
1 437 9500.2851562 2335.2436523 0.1800420 
1 438 9500.2656250 2335.2236328 0.1800265 
1 439 9500.2333984 2335.1406250 0.1800301 
1 440 9500.2138672 2335.1384277 0.1800461 
1 441 9500.1855469 2335.1501465 0.1800699 
1 442 9500.1855469 2335.1501465 0.1800699 
1 443 9500.1669922 2335.1376953 0.1800735 
1 444 9500.1572266 2335.1467285 0.1800698 
1 445 9500.1523438 2335.1613770 0.1800683 
1 446 9500.1513672 2335.1840820 0.1800722 
1 447 9500.1474609 2335.2006836 0.1800681 
1 448 9500.1455078 2335.2377930 0.1800564 
1 449 9500.1279297 2335.2587891 0.1800652 
1 450 9500.1093750 2335.2770996 0.1800766 
1 451 9500.0732422 2335.3261719 0.1800989 
1 452 9500.0449219 2335.3891602 0.1801184 
1 453 9500.0273438 2335.4306641 0.1801251 
1 454 9500.0166016 2335.4658203 0.1801306 
1 455 9499.9892578 2335.4763184 0.1801295 
1 456 9499.9570312 2335.5024414 0.1801397 
1 457 9499.9179688 2335.5576172 0.1801661 
1 458 9499.8896484 2335.6081543 0.1801891 
1 459 9499.8671875 2335.6303711 0.1801946 
1 460 9499.8417969 2335.6601562 0.1801988 
1 461 9499.8349609 2335.6740723 0.1802006 
1 462 9499.8300781 2335.7058105 0.1802031 
1 463 9499.8222656 2335.7248535 0.1802053 
1 464 9499.8154297 2335.7416992 0.1802028 
1 465 9499.8056641 2335.7314453 0.1802095 
1 466 9499.7939453 2335.7502441 0.1802157 
1 467 9499.7939453 2335.7502441 0.1802157 
1 468 9499.7812500 2335.7863770 0.1802241 
1 469 9499.7812500 2335.8073730 0.1802224 
1 470 9499.7988281 2335.8066406 0.1802092 
1 471 9499.8203125 2335.8088379 0.1801889 
1 472 9499.8281250 2335.8103027 0.1801904 
1 473 9499.8320312 2335.8029785 0.1801888 
1 474 9499.8320312 2335.8073730 0.1801991 
1 475 9499.8359375 2335.7985840 0.1801929 
1 476 9499.8398438 2335.7824707 0.1801891 
1 477 9499.8476562 2335.7668457 0.1801796 
1 478 9499.8613281 2335.7465820 0.1801797 
1 479 9499.8701172 2335.7514648 0.1801744 
1 480 9499.9003906 2335.7431641 0.1801568 
1 481 9499.9296875 2335.7348633 0.1801342 
1 482 9499.9443359 2335.7224121 0.1801390 
1 483 9499.9521484 2335.7209473 0.1801369 
1 484 9499.9511719 2335.7407227 0.1801528 
1 485 9499.9609375 2335.7436523 0.1801501 
1 486 9499.9843750 2335.7082520 0.1801348 
1 487 9499.9951172 2335.6582031 0.1801268 
1 488 9499.9853516 2335.5996094 0.1801215 
1 489 9499.9765625 2335.5268555 0.1801113 
1 490 9499.9550781 2335.4147949 0.1801252 
1 491 9499.9492188 2335.3381348 0.1801189 
1 492 9499.9492188 2335.3381348 0.1801189 
1 493 9499.9462891 2335.2121582 0.1801048 
1 494 9499.9462891 2335.0747070 0.1800795 
1 495 9499.9462891 2334.8525391 0.1800803 
1 496 9499.9707031 2334.6210938 0.1800704 
1 497 9499.9707031 2334.4919434 0.1800690 
1 498 9499.9814453 2334.3342285 0.1800642 
1 499 9499.9472656 2334.2343750 0.1800891 
1 500 9499.9208984 2334.1247559 0.1800843 
1 501 9499.8945312 2334.0219727 0.1800922 
1 502 9499.8886719 2333.8041992 0.1800594 
1 503 9499.9179688 2333.7197266 0.1800353 
1 504 9499.9453125 2333.6174316 0.1800124 
1 505 9499.9453125 2333.4479980 0.1800304 
1 506 9499.9335938 2333.2946777 0.1800677 
1 507 9499.9267578 2333.1325684 0.1801193 
1 508 9499.9326172 2332.8537598 0.1801856 
1 509 9499.9218750 2332.4692383 0.1803209 
1 510 9499.9355469 2332.0625000 0.1806261 
1 511 9499.9560547 2331.5249023 0.1810606 
1 512 9499.9843750 2330.8823242 0.1813409 
1 513 9499.9785156 2330.3356934 0.1816544 
1 514 9499.9863281 2329.6889648 0.1820091 
1 515 9499.9814453 2329.1347656 0.1824481 
1 516 9499.9472656 2328.6567383 0.1829678 
1 517 9499.9472656 2328.6567383 0.1829678 
1 518 9499.9082031 2328.1586914 0.1834881 
1 519 9499.8730469 2327.5441895 0.1839952 
1 520 9499.8505859 2327.0168457 0.1845913 
1 521 9499.8349609 2326.3686523 0.1852174 
1 522 9499.8359375 2325.7312012 0.1858482 
1 523 9499.8300781 2325.0393066 0.1864710 
1 524 9499.8007812 2324.1945801 0.1871877 
1 525 9499.7890625 2323.2302246 0.1879417 
1 526 9499.7441406 2322.1093750 0.1886563 
1 527 9499.6816406 2320.9226074 0.1893073 
1 528 9499.6103516 2319.6708984 0.1899937 
1 529 9499.5117188 2318.4387207 0.1906835 
1 530 9499.4101562 2317.2163086 0.1913994 
1 531 9499.2695312 2315.8632812 0.1921442 
1 532 9499.1357422 2314.6384277 0.1929915 
1 533 9498.9921875 2313.3867188 0.1937845 
1 534 9498.8632812 2312.2604980 0.1945562 
1 535 9498.7421875 2311.0324707 0.1955411 
1 536 9498.5341797 2309.6499023 0.1964435 
1 537 9498.3017578 2308.4482422 0.1974614 
1 538 9498.0185547 2307.3532715 0.1985020 
1 539 9497.7480469 2306.3112793 0.1994039 
1 540 9497.3583984 2305.3786621 0.2003377 
1 541 9496.9306641 2304.4428711 0.2013116 
1 542 9496.9306641 2304.4428711 0.2013116 
1 543 9496.4531250 2303.5732422 0.2023232 
1 544 9495.8671875 2302.7019043 0.2033166 
1 545 9495.2304688 2301.8752441 0.2044011 
1 546 9494.4658203 2301.1330566 0.2055073 
1 547 9493.6181641 2300.4169922 0.2064980 
1 548 9492.6748047 2299.6999512 0.2073196 
1 549 9491.6787109 2299.1506348 0.2081279 
1 550 9490.5810547 2298.5595703 0.2088939 
1 551 9489.4941406 2297.8920898 0.2097678 
1 552 9488.2578125 2297.2109375 0.2107046 
1 553 9487.0625000 2296.6098633 0.2117832 
1 554 9485.7832031 2295.9794922 0.2131625 
1 555 9484.4648438 2295.5273438 0.2145614 
1 556 9483.0712891 2294.8701172 0.2160455 
1 557 9481.6367188 2294.4570312 0.2175207 
1 558 9480.1425781 2293.9169922 0.2189856 
1 559 9477.6972656 2294.2226562 0.2191591 
1 560 9476.0458984 2293.7578125 0.2204618 
1 561 9474.3378906 2293.3842773 0.2217830 
1 562 9472.6035156 2292.8781738 0.2232555 
1 563 9470.7314453 2292.1877441 0.2244990 
1 564 9468.7714844 2291.4995117 0.2258627 
1 565 9466.6738281 2290.8825684 0.2275745 
1 566 9464.5107422 2290.1044922 0.2291755 
1 567 9464.5107422 2290.1044922 0.2291755 
1 568 9462.3125000 2289.3112793 0.2308929 
1 569 9460.0449219 2288.4804688 0.2325769 
1 570 9457.5878906 2287.5400391 0.2343723 
1 571 9455.1425781 2286.4855957 0.2361203 
1 572 9452.7695312 2285.5405273 0.2379928 
1 573 9450.3027344 2284.4694824 0.2395483 
1 574 9447.8447266 2283.5473633 0.2407580 
1 575 9445.3837891 2282.5747070 0.2421930 
1 576 9442.9873047 2281.6247559 0.2436949 
1 577 9440.4921875 2280.6809082 0.2451711 
1 578 9438.0097656 2279.9067383 0.2469616 
1 579 9435.2724609 2279.2297363 0.2483980 
1 580 9432.6582031 2278.3515625 0.2503463 
1 581 9429.9628906 2277.4497070 0.2523764 
1 582 9427.1425781 2276.6035156 0.2543355 
1 583 9424.1591797 2275.8007812 0.2565828 
1 584 9421.2177734 2274.9501953 0.2596721 
1 585 9418.1748047 2273.9309082 0.2628968 
1 586 9415.0693359 2272.9860840 0.2665812 
1 587 9411.8613281 2271.9533691 0.2706789 
1 588 9408.4863281 2270.7746582 0.2753180 
1 589 9405.0156250 2269.3625488 0.2793677 
1 590 9401.4394531 2268.2006836 0.2831808 
1 591 9397.9521484 2266.9450684 0.2867735 
1 592 9397.9521484 2266.9450684 0.2867735 
1 593 9394.4873047 2265.6840820 0.2903024 
1 594 9390.9531250 2264.4218750 0.2935297 
1 595 9387.4628906 2263.1630859 0.2962290 
1 596 9383.9042969 2261.6777344 0.2991519 
1 597 9380.2167969 2260.2011719 0.3021034 
1 598 9376.2802734 2258.5798340 0.3051550 
1 599 9372.2226562 2257.0852051 0.3084286 
1 600 9368.1796875 2255.3391113 0.3113462 
1 601 9364.0703125 2253.9333496 0.3144780 
1 602 9359.7080078 2252.0244141 0.3176608 
1 603 9355.3398438 2250.4743652 0.3212128 
1 604 9350.8291016 2248.6433105 0.3248418 
1 605 9346.2119141 2246.9565430 0.3284674 
1 606 9341.2773438 2245.1542969 0.3322372 
1 607 9336.4550781 2243.3403320 0.3364169 
1 608 9331.6201172 2241.6201172 0.3406722 
1 609 9326.8730469 2240.7712402 0.3440810 
1 610 9321.7597656 2238.4787598 0.3483073 
1 611 9316.7939453 2237.0937500 0.3518185 
1 612 9311.9492188 2235.7597656 0.3558895 
1 613 9307.3125000 2234.5927734 0.3597135 
1 614 9302.6718750 2233.4233398 0.3632490 
1 615 9298.1464844 2232.2651367 0.3664680 
1 616 9293.7128906 2231.1738281 0.3700823 
1 617 9293.7128906 2231.1738281 0.3700823 
1 618 9289.3271484 2230.1716309 0.3745794 
1 619 9284.8105469 2228.8903809 0.3795747 
1 620 9280.1962891 2227.7487793 0.3851711 
1 621 9275.4921875 2226.3178711 0.3915035 
1 622 9271.0439453 2226.4897461 0.3959787 
1 623 9266.6855469 2225.7036133 0.4019713 
1 624 9262.3339844 2224.4853516 0.4080031 
1 625 9257.8105469 2223.4689941 0.4132906 
1 626 9253.1748047 2222.5810547 0.4188326 
1 627 9248.5898438 2221.6513672 0.4248824 
1 628 9244.1406250 2220.8068848 0.4313100 
1 629 9239.7519531 2219.7094727 0.4374498 
1 630 9235.5771484 2219.1718750 0.4431778 
1 631 9231.3046875 2218.2587891 0.4495453 
1 632 9227.1201172 2217.3420410 0.4554243 
1 633 9222.9287109 2216.4963379 0.4605409 
1 634 9218.6425781 2215.6196289 0.4662119 
1 635 9214.3515625 2214.6408691 0.4712884 
1 636 9210.0302734 2213.6948242 0.4771930 
1 637 9205.5957031 2212.8603516 0.4831098 
1 638 9201.1171875 2211.8437500 0.4888242 
1 639 9196.5185547 2210.5646973 0.4944130 
1 640 9191.5478516 2209.0317383 0.4999766 
1 641 9186.4394531 2208.3574219 0.5049319 
1 642 9186.4404297 2208.3359375 0.5049354 
1 643 9181.1611328 2206.8461914 0.5093781 
1 644 9175.7167969 2205.4091797 0.5135891 
1 645 9170.1093750 2203.8159180 0.5183723 
1 646 9164.4248047 2201.9094238 0.5229245 
1 647 9158.6650391 2200.1643066 0.5271327 
1 648 9152.7578125 2198.4028320 0.5323667 
1 649 9146.8662109 2196.6301270 0.5375599 
1 650 9140.7617188 2194.4746094 0.5430790 
1 651 9134.5878906 2192.3623047 0.5483851 
1 652 9128.4121094 2190.1335449 0.5532691 
1 653 9122.3505859 2191.0114746 0.5565760 
1 654 9116.1396484 2188.5227051 0.5620075 
1 655 9110.0566406 2186.5634766 0.5680670 
1 656 9104.0996094 2184.5346680 0.5736406 
1 657 9098.1933594 2182.7941895 0.5809766 
1 658 9092.3945312 2180.6113281 0.5889415 
1 659 9086.7519531 2178.3354492 0.5957582 
1 660 9081.3330078 2176.5095215 0.6029620 
1 661 9075.8593750 2174.7963867 0.6100543 
1 662 9070.4746094 2173.2268066 0.6179550 
1 663 9065.1962891 2171.4890137 0.6259474 
1 664 9059.9472656 2169.6157227 0.6328641 
1 665 9054.8837891 2168.0358887 0.6398209 
1 666 9049.7607422 2166.2602539 0.6459424 
1 667 9049.7607422 2166.2602539 0.6459424 
1 668 9044.6064453 2164.6608887 0.6520239 
1 669 9039.6308594 2163.0510254 0.6576319 
1 670 9034.7060547 2161.7956543 0.6630732 
1 671 9029.8515625 2160.5886230 0.6679762 
1 672 9025.4765625 2159.7060547 0.6728924 
1 673 9021.2968750 2159.1596680 0.6773935 
1 674 9017.0449219 2158.2451172 0.6808927 
1 675 9012.8261719 2156.9887695 0.6839145 
1 676 9009.0439453 2156.2480469 0.6863021 
1 677 9005.8066406 2155.4992676 0.6882169 
1 678 9002.8095703 2154.7250977 0.6904367 
1 679 8999.8554688 2154.1445312 0.6928167 
1 680 8997.1630859 2153.4104004 0.6948566 
1 681 8994.7919922 2152.5019531 0.6963711 
1 682 8992.4824219 2151.6303711 0.6969422 
1 683 8990.6728516 2150.8884277 0.6971337 
1 684 8989.1210938 2150.2072754 0.6974425 
1 685 8987.9257812 2149.4663086 0.6977299 
1 686 8986.8007812 2148.7451172 0.6979133 
1 687 8985.9072266 2148.1679688 0.6980833 
1 688 8985.6748047 2147.1193848 0.6981649 
1 689 8985.2910156 2146.4035645 0.6981454 
1 690 8985.3066406 2146.0380859 0.6981507 
1 691 8985.3007812 2145.5161133 0.6981326 
1 692 8985.3007812 2145.5161133 0.6981326 
1 693 8985.4921875 2145.1542969 0.6981432 
1 694 8985.7675781 2144.6994629 0.6981331 
1 695 8985.9658203 2144.5041504 0.6981503 
1 696 8986.2060547 2144.2929688 0.6981440 
1 697 8986.5048828 2144.0493164 0.6981286 
1 698 8986.8125000 2143.8378906 0.6981124 
1 699 8987.0869141 2143.6484375 0.6981182 
1 700 8987.4501953 2143.4184570 0.6981346 
1 701 8987.7822266 2143.2216797 0.6981480 
1 702 8988.0703125 2143.1716309 0.6981426 
1 703 8988.4091797 2142.8562012 0.6981463 
1 704 8988.7802734 2142.7199707 0.6981422 
1 705 8989.0898438 2142.4807129 0.6981480 
1 706 8997.6289062 2058.8471680 0.6979478 
1 707 8997.6093750 2057.8500977 0.6979424 
1 708 8997.5722656 2056.7805176 0.6979586 
1 709 8997.5595703 2055.6989746 0.6979633 
1 710 8997.6083984 2054.5812988 0.6979710 
1 711 8997.6386719 2053.4023438 0.6979864 
1 712 8997.6767578 2052.1848145 0.6980007 
1 713 8997.6894531 2050.8710938 0.6980259 
1 714 8997.6376953 2049.6787109 0.6980484 
1 715 8997.6093750 2048.4985352 0.6980469 
1 716 8997.5732422 2047.2064209 0.6980634 
1 717 8997.6015625 2047.2106934 0.6980658 
1 718 8997.5253906 2045.9190674 0.6980385 
1 719 8997.5205078 2044.6794434 0.6981120 
1 720 8997.4687500 2043.4401855 0.6980843 
1 721 8997.3789062 2042.2332764 0.6981432 
1 722 8997.3417969 2040.9197998 0.6981345 
1 723 8997.3154297 2039.6624756 0.6981055 
1 724 8997.2812500 2038.4943848 0.6981307 
1 725 8997.3046875 2037.3840332 0.6981536 
1 726 8997.2744141 2036.2368164 0.6981361 
1 727 8997.2353516 2035.1271973 0.6981303 
1 728 8997.1777344 2033.9257812 0.6981357 
1 729 8997.1591797 2032.7097168 0.6981495 
1 730 8997.0673828 2031.4267578 0.6981671 
1 731 8997.0449219 2030.1313477 0.6981803 
1 732 8996.9863281 2028.8280029 0.6982135 
1 733 8996.9345703 2027.5583496 0.6982217 
1 734 8996.8925781 2026.2866211 0.6982256 
1 735 8996.8212891 2025.1634521 0.6981962 
1 736 8996.7177734 2024.1293945 0.6982340 
1 737 8996.6601562 2023.1215820 0.6982206 
1 738 8996.5957031 2022.0541992 0.6982398 
1 739 8996.5419922 2021.0620117 0.6982024 
1 740 8996.5214844 2019.9851074 0.6982233 
1 741 8996.4560547 2018.9860840 0.6982591 
1 742 8996.4560547 2018.9860840 0.6982591 
1 743 8996.4267578 2018.0712891 0.6982635 
1 744 8996.3984375 2017.0531006 0.6982830 
1 745 8996.3623047 2016.1298828 0.6982836 
1 746 8996.3271484 2015.2724609 0.6982675 
1 747 8996.3007812 2014.4633789 0.6982846 
1 748 8996.2841797 2013.6444092 0.6982743 
1 749 8996.2343750 2012.7504883 0.6982901 
1 750 8996.2031250 2011.8603516 0.6982716 
1 751 8996.1416016 2010.9650879 0.6982927 
1 752 8996.0537109 2010.0532227 0.6982637 
1 753 8996.0439453 2009.1308594 0.6982905 
1 754 8996.0078125 2008.2905273 0.6983143 
1 755 8995.9804688 2007.4079590 0.6983140 
1 756 8995.9404297 2006.4084473 0.6983538 
1 757 8995.9189453 2005.6142578 0.6983691 
1 758 8995.8906250 2004.6148682 0.6983882 
1 759 8995.8935547 2003.7413330 0.6983952 
1 760 8995.8945312 2002.8669434 0.6983543 
1 761 8995.8857422 2002.0330811 0.6983669 
1 762 8995.9414062 2001.2097168 0.6983584 
1 763 8995.9755859 2000.3502197 0.6983816 
1 764 8995.9833984 1999.6713867 0.6984018 
1 765 8996.0312500 1998.9671631 0.6984257 
1 766 8995.9462891 1998.2591553 0.6984439 
1 767 8995.9462891 1998.2591553 0.6984439 
1 768 8995.9619141 1997.6392822 0.6984771 
1 769 8995.8671875 1997.0952148 0.6984805 
1 770 8995.8925781 1996.6882324 0.6984935 
1 771 8995.9931641 1996.1384277 0.6985169 
1 772 8996.0439453 1995.6312256 0.6985552 
1 773 8996.0156250 1994.9755859 0.6986462 
1 774 8995.9511719 1994.3703613 0.6985847 
1 775 8995.8671875 1993.7449951 0.6986057 
1 776 8995.8925781 1993.0715332 0.6986338 
1 777 8995.8232422 1992.2419434 0.6986443 
1 778 8995.8281250 1991.6356201 0.6987096 
1 779 8995.8378906 1990.9484863 0.6987683 
1 780 8995.8222656 1990.1584473 0.6987545 
1 781 8995.6660156 1989.1883545 0.6986785 
1 782 8995.7177734 1988.7640381 0.6987455 
1 783 8995.5839844 1988.2297363 0.6986020 
1 784 8995.1152344 1987.5222168 0.6985431 
1 785 8995.0253906 1986.8121338 0.6984414 
1 786 8994.9257812 1986.1911621 0.6984246 
1 787 8994.9140625 1985.3466797 0.6983716 
1 788 8994.8300781 1984.4886475 0.6983781 
1 789 8994.6865234 1983.5491943 0.6984071 
1 790 8994.6611328 1982.3049316 0.6983562 
1 791 8994.5722656 1980.9567871 0.6983210 
1 792 8994.5722656 1980.9567871 0.6983210 
1 793 8994.3349609 1979.4458008 0.6983081 
1 794 8994.2656250 1977.9351807 0.6981951 
1 795 8994.0800781 1976.3642578 0.6981995 
1 796 8994.0029297 1974.5551758 0.6981451 
1 797 8993.7255859 1972.5983887 0.6981632 
1 798 8993.5468750 1970.3557129 0.6982365 
1 799 8993.2578125 1968.0711670 0.6982983 
1 800 8992.8691406 1965.4645996 0.6982893 
1 801 8992.5957031 1962.8961182 0.6983442 
1 802 8992.2060547 1960.1402588 0.6984115 
1 803 8991.9414062 1957.3640137 0.6984436 
1 804 8991.6708984 1954.6215820 0.6984611 
1 805 8991.5292969 1952.0091553 0.6985465 
1 806 8991.1376953 1949.1728516 0.6985467 
1 807 8990.8291016 1946.5202637 0.6985582 
1 808 8990.5507812 1944.2011719 0.6985607 
1 809 8990.3007812 1941.9024658 0.6985683 
1 810 8990.0966797 1939.6450195 0.6986149 
1 811 8989.7314453 1937.4340820 0.6986572 
1 812 8989.4746094 1935.4831543 0.6986965 
1 813 8989.1455078 1933.5336914 0.6987201 
1 814 8989.0234375 1931.8060303 0.6987917 
1 815 8988.6699219 1930.3204346 0.6987575 
1 816 8988.1884766 1928.8336182 0.6988243 
1 817 8988.1884766 1928.8336182 0.6988243 
1 818 8987.9882812 1927.3936768 0.6988893 
1 819 8987.8007812 1926.2624512 0.6989523 
1 820 8987.6582031 1925.1849365 0.6990086 
1 821 8987.2880859 1923.9349365 0.6990110 
1 822 8986.8808594 1922.7019043 0.6989940 
1 823 8986.2333984 1920.9239502 0.6988444 
1 824 8985.9287109 1919.7944336 0.6988478 
1 825 8985.4375000 1918.5156250 0.6988361 
1 826 8985.0888672 1917.4078369 0.6988591 
1 827 8984.6142578 1916.3934326 0.6988979 
1 828 8984.2490234 1915.1425781 0.6989900 
1 829 8983.5791016 1914.0318604 0.6989784 
1 830 8982.9853516 1912.6992188 0.6990091 
1 831 8982.2060547 1911.4492188 0.6990238 
1 832 8981.3583984 1910.2255859 0.6990181 
1 833 8980.4140625 1908.7297363 0.6989081 
1 834 8979.4345703 1907.2036133 0.6989852 
1 835 8978.1455078 1905.4656982 0.6989160 
1 836 8976.8085938 1903.4174805 0.6988815 
1 837 8975.3671875 1901.2939453 0.6989251 
1 838 8973.9140625 1898.9874268 0.6989542 
1 839 8972.3623047 1896.5123291 0.6990108 
1 840 8970.8261719 1894.2279053 0.6990206 
1 841 8969.0205078 1891.9738770 0.6991383 
1 842 8969.0205078 1891.9738770 0.6991383 
1 843 8967.0644531 1889.2747803 0.6989822 
1 844 8965.0253906 1886.5654297 0.6989591 
1 845 8963.2705078 1883.7974854 0.6989874 
1 846 8961.2373047 1880.8298340 0.6989517 
1 847 8959.2695312 1877.7404785 0.6990340 
1 848 8957.2197266 1874.9287109 0.6990743 
1 849 8955.1054688 1871.6367188 0.6991740 
1 850 8952.9052734 1868.4735107 0.6992500 
1 851 8950.5419922 1865.1258545 0.6993453 
1 852 8947.8994141 1861.4580078 0.6992963 
1 853 8945.2431641 1857.8468018 0.6993411 
1 854 8942.3994141 1854.0363770 0.6993666 
1 855 8939.6660156 1850.1491699 0.6994431 
1 856 8936.8740234 1846.1719971 0.6995087 
1 857 8934.2197266 1842.4986572 0.6995054 
1 858 8931.5146484 1838.7878418 0.6997010 
1 859 8928.8583984 1835.0949707 0.6999714 
1 860 8926.1533203 1831.5371094 0.7000569 
1 861 8923.5361328 1827.9821777 0.7000451 
1 862 8920.6455078 1824.4836426 0.6999545 
1 863 8918.1582031 1821.2795410 0.6999472 
1 864 8915.7041016 1818.0382080 0.6999741 
1 865 8912.9843750 1814.8138428 0.6998401 
1 866 8910.4541016 1811.7620850 0.6998932 
1 867 8910.4541016 1811.7620850 0.6998932 
1 868 8907.7011719 1808.7852783 0.7000219 
1 869 8904.8203125 1806.0275879 0.7001448 
1 870 8901.6240234 1803.3891602 0.7004097 
1 871 8898.4580078 1800.8369141 0.7005796 
1 872 8895.0126953 1798.4519043 0.7007227 
1 873 8891.6171875 1795.9877930 0.7008455 
1 874 8888.2402344 1793.5507812 0.7010800 
1 875 8884.7060547 1791.3294678 0.7011834 
1 876 8881.3828125 1789.7036133 0.7015526 
1 877 8878.5712891 1787.8652344 0.7015374 
1 878 8873.8955078 1786.3142090 0.7012687 
1 879 8870.5458984 1784.4919434 0.7011606 
1 880 8867.8261719 1782.7631836 0.7011737 
1 881 8865.7031250 1781.1335449 0.7013139 
1 882 8862.5449219 1779.4219971 0.7012985 
1 883 8860.1113281 1777.2990723 0.7012867 
1 884 8857.5468750 1775.5823975 0.7013951 
1 885 8855.1640625 1774.0720215 0.7014049 
1 886 8852.0683594 1771.9691162 0.7014968 
1 887 8849.3173828 1769.8806152 0.7015934 
1 888 8846.2236328 1768.1353760 0.7014506 
1 889 8843.0214844 1765.9876709 0.7015554 
1 890 8839.7412109 1763.7939453 0.7016451 
1 891 8836.5888672 1761.6228027 0.7016344 
1 892 8836.5888672 1761.6228027 0.7016344 
1 893 8833.0712891 1759.1375732 0.7015869 
1 894 8829.5712891 1756.4989014 0.7016810 
1 895 8825.9804688 1753.5423584 0.7018348 
1 896 8821.9853516 1750.6687012 0.7018945 
1 897 8817.9941406 1747.5705566 0.7018806 
1 898 8813.7812500 1743.9724121 0.7019922 
1 899 8809.6621094 1740.2374268 0.7021427 
1 900 8805.4687500 1736.4030762 0.7023868 
1 901 8801.4091797 1732.5770264 0.7026299 
1 902 8797.6191406 1728.7050781 0.7028723 
1 903 8793.6435547 1724.7100830 0.7030639 
1 904 8790.0742188 1721.0142822 0.7032530 
1 905 8786.9228516 1717.6975098 0.7029436 
1 906 8783.8974609 1714.7041016 0.7024762 
1 907 8780.8320312 1711.7351074 0.7022495 
1 908 8777.2666016 1708.6585693 0.7022505 
1 909 8773.8144531 1706.3067627 0.7019624 
1 910 8770.7763672 1703.7673340 0.7017609 
1 911 8767.8037109 1700.8513184 0.7017619 
1 912 8765.1689453 1698.4311523 0.7015567 
1 913 8762.5625000 1695.8653564 0.7016270 
1 914 8760.0478516 1693.6102295 0.7016453 
1 915 8757.1240234 1691.6459961 0.7016460 
1 916 8754.2158203 1689.4211426 0.7016813 
1 917 8754.2158203 1689.4211426 0.7016813 
1 918 8751.1474609 1686.7282715 0.7017507 
1 919 8747.8359375 1683.8153076 0.7017918 
1 920 8744.8564453 1681.0996094 0.7018478 
1 921 8741.6533203 1678.5688477 0.7018472 
1 922 8738.6953125 1676.4689941 0.7017640 
1 923 8735.9199219 1673.4750977 0.7019092 
1 924 8733.3671875 1670.7058105 0.7019706 
1 925 8731.3398438 1668.4218750 0.7019576 
1 926 8729.2392578 1665.7822266 0.7019975 
1 927 8727.5312500 1663.0163574 0.7020259 
1 928 8725.7851562 1660.1047363 0.7021375 
1 929 8724.2792969 1656.7993164 0.7022622 
1 930 8722.3691406 1653.3863525 0.7022278 
1 931 8720.9804688 1649.9243164 0.7023398 
1 932 8719.7207031 1646.6464844 0.7023845 
1 933 8718.4218750 1643.3337402 0.7024280 
1 934 8716.9355469 1640.2568359 0.7023711 
1 935 8715.8193359 1637.0775146 0.7024242 
1 936 8715.0498047 1633.9959717 0.7024937 
1 937 8714.2558594 1631.3374023 0.7025097 
1 938 8713.4628906 1628.7609863 0.7025811 
1 939 8713.0263672 1626.3195801 0.7025417 
1 940 8712.2177734 1623.6204834 0.7025582 
1 941 8711.5566406 1621.0227051 0.7025848 
1 942 8711.5488281 1620.9942627 0.7025881 
1 943 8711.1240234 1618.3226318 0.7025895 
1 944 8710.2832031 1615.4418945 0.7027057 
1 945 8709.4804688 1612.9145508 0.7027686 
1 946 8708.9238281 1609.9526367 0.7027256 
1 947 8708.2119141 1607.1909180 0.7030478 
1 948 8707.4853516 1604.6014404 0.7029077 
1 949 8705.9609375 1601.6647949 0.7030488 
1 950 8704.5546875 1599.0302734 0.7030571 
1 951 8702.9414062 1596.7310791 0.7031197 
1 952 8701.1582031 1594.2966309 0.7031609 
1 953 8699.4062500 1592.0649414 0.7031810 
1 954 8697.5029297 1589.7155762 0.7031914 
1 955 8695.3925781 1587.5949707 0.7031738 
1 956 8692.8945312 1585.8496094 0.7029670 
1 957 8689.9228516 1582.5993652 0.7030995 
1 958 8686.6728516 1579.2958984 0.7033431 
1 959 8684.3212891 1576.4288330 0.7033861 
1 960 8681.9882812 1573.9240723 0.7035245 
1 961 8679.6503906 1571.6069336 0.7034189 
1 962 8677.4716797 1569.1977539 0.7035352 
1 963 8675.2587891 1566.8898926 0.7035888 
1 964 8673.2900391 1564.7727051 0.7036704 
1 965 8671.1835938 1562.7667236 0.7035568 
1 966 8669.3564453 1560.3637695 0.7035171 
1 967 8669.3564453 1560.3637695 0.7035171 
1 968 8667.7724609 1558.2030029 0.7034110 
1 969 8665.8876953 1555.3814697 0.7032987 
1 970 8664.5595703 1552.5593262 0.7032334 
1 971 8662.8203125 1548.7889404 0.7032520 
1 972 8661.2539062 1544.5004883 0.7033204 
1 973 8659.5703125 1539.6611328 0.7034343 
1 974 8658.0253906 1534.5225830 0.7034611 
1 975 8656.2617188 1529.1977539 0.7034782 
1 976 8654.2294922 1523.5456543 0.7035387 
1 977 8652.0722656 1517.3386230 0.7036500 
1 978 8649.7216797 1510.7391357 0.7039589 
1 979 8647.4560547 1504.0944824 0.7046368 
1 980 8644.7255859 1498.5305176 0.7044712 
1 981 8642.3593750 1492.5494385 0.7042885 
1 982 8639.7578125 1485.3444824 0.7045357 
1 983 8637.1406250 1477.9323730 0.7042532 
1 984 8634.1777344 1470.0944824 0.7042768 
1 985 8631.1054688 1461.4748535 0.7037154 
1 986 8627.8750000 1452.8295898 0.7031785 
1 987 8624.2695312 1443.5754395 0.7026388 
1 988 8621.1162109 1435.3540039 0.7023147 
1 989 8617.8564453 1427.0615234 0.7020746 
1 990 8614.9765625 1418.8873291 0.7017967 
1 991 8611.9580078 1410.2866211 0.7021174 
1 992 8611.9580078 1410.2866211 0.7021174 
1 993 8609.2451172 1401.9733887 0.7026541 
1 994 8606.4824219 1393.7408447 0.7031300 
1 995 8604.0283203 1386.4136963 0.7022632 
1 996 8602.2236328 1380.4046631 0.7027695 
1 997 8600.7480469 1375.5722656 0.7032037 
1 998 8598.5214844 1370.1645508 0.7037972 
1 999 8596.7480469 1365.9372559 0.7041572 
1 1000 8594.7158203 1363.0014648 0.7041727 
1 1001 8593.6337891 1360.4182129 0.7044073 
1 1002 8592.5664062 1358.3618164 0.7045413 
1 1003 8591.4267578 1357.2174072 0.7046607 
1 1004 8590.2500000 1356.3332520 0.7046458 
1 1005 8588.6269531 1355.3637695 0.7046018 
1 1006 8587.0019531 1354.4772949 0.7045624 
1 1007 8584.6123047 1353.3233643 0.7038666 
1 1008 8582.1835938 1352.0339355 0.7042973 
1 1009 8579.3496094 1351.1608887 0.7045934 
1 1010 8576.3984375 1350.3588867 0.7050057 
1 1011 8573.8037109 1349.5666504 0.7051884 
1 1012 8571.0273438 1348.7111816 0.7056188 
1 1013 8568.4453125 1348.0346680 0.7057081 
1 1014 8565.6806641 1346.9560547 0.7062157 
1 1015 8562.6015625 1346.1533203 0.7066832 
1 1016 8559.7177734 1345.9145508 0.7070080 
1 1017 8559.7177734 1345.9145508 0.7070080 
1 1018 8557.1152344 1346.7770996 0.7065927 
1 1019 8554.6943359 1346.6992188 0.7067750 
1 1020 8551.9775391 1347.0228271 0.7068126 
1 1021 8549.3515625 1346.8789062 0.7071026 
1 1022 8546.5175781 1346.6936035 0.7072879 
1 1023 8543.9082031 1346.6986084 0.7075003 
1 1024 8541.1220703 1347.2656250 0.7074916 
1 1025 8538.2792969 1347.1522217 0.7077183 
1 1026 8535.2519531 1346.6164551 0.7081237 
1 1027 8532.4277344 1346.0168457 0.7084471 
1 1028 8529.6904297 1345.7885742 0.7088049 
1 1029 8527.1181641 1345.9654541 0.7088747 
1 1030 8525.1210938 1346.4724121 0.7088895 
1 1031 8523.2666016 1347.0603027 0.7089114 
1 1032 8521.8466797 1347.8732910 0.7087834 
1 1033 8520.1474609 1348.4035645 0.7088500 
1 1034 8518.5000000 1348.8824463 0.7089668 
1 1035 8516.8427734 1348.6704102 0.7088106 
1 1036 8515.3359375 1348.6627197 0.7088564 
1 1037 8514.0019531 1348.7347412 0.7089496 
1 1038 8512.3525391 1348.5070801 0.7089871 
1 1039 8510.9443359 1348.1723633 0.7091898 
1 1040 8509.7031250 1347.2082520 0.7097773 
1 1041 8508.3085938 1345.7883301 0.7103962 
1 1042 8508.3154297 1345.8444824 0.7103859 
1 1043 8506.7490234 1344.6579590 0.7108087 
1 1044 8505.2285156 1343.5532227 0.7113899 
1 1045 8503.8261719 1343.6627197 0.7115707 
1 1046 8502.0761719 1342.2177734 0.7119294 
1 1047 8500.5781250 1341.5375977 0.7121705 
1 1048 8499.2138672 1340.8654785 0.7124634 
1 1049 8497.9335938 1339.5700684 0.7128916 
1 1050 8496.8632812 1340.4282227 0.7125389 
1 1051 8495.1621094 1339.3072510 0.7128420 
1 1052 8494.0341797 1339.6994629 0.7126908 
1 1053 8492.3007812 1339.3298340 0.7128952 
1 1054 8490.9794922 1341.0089111 0.7124795 
1 1055 8489.4716797 1340.3806152 0.7129905 
1 1056 8487.1992188 1340.1646729 0.7131554 
1 1057 8485.5947266 1339.7409668 0.7129908 
1 1058 8483.9355469 1338.7279053 0.7133404 
1 1059 8482.0957031 1337.3525391 0.7137471 
1 1060 8480.3857422 1336.1665039 0.7141228 
1 1061 8479.0517578 1334.2962646 0.7146752 
1 1062 8477.1240234 1334.6685791 0.7143561 
1 1063 8474.4541016 1337.1127930 0.7137163 
1 1064 8472.6484375 1341.9464111 0.7121512 
1 1065 8471.2910156 1340.5017090 0.7124081 
1 1066 8468.4101562 1342.7758789 0.7116027 
1 1067 8468.4101562 1342.7758789 0.7116027 
1 1068 8463.0000000 1347.2023926 0.7110692 
1 1069 8460.0820312 1347.1628418 0.7110229 
1 1070 8455.9882812 1354.4219971 0.7090870 
1 1071 8452.2216797 1354.2629395 0.7090520 
1 1072 8448.9023438 1354.2274170 0.7089480 
1 1073 8443.7539062 1355.9250488 0.7086815 
1 1074 8439.7441406 1355.9133301 0.7084728 
1 1075 8435.0312500 1356.1668701 0.7083995 
1 1076 8430.3359375 1357.3632812 0.7077639 
1 1077 8422.1855469 1365.9111328 0.7068450 
1 1078 8417.5371094 1366.3417969 0.7067865 
1 1079 8412.4423828 1367.4038086 0.7059426 
1 1080 8407.7988281 1368.0983887 0.7054809 
1 1081 8403.0410156 1368.0556641 0.7050946 
1 1082 8398.1923828 1367.8967285 0.7045189 
1 1083 8385.8349609 1370.9067383 0.7053713 
1 1084 8377.6523438 1371.1645508 0.7054238 
1 1085 8368.6816406 1371.7966309 0.7052324 
1 1086 8359.5820312 1372.6196289 0.7050966 
1 1087 8350.1865234 1373.4250488 0.7065446 
1 1088 8341.4833984 1374.7507324 0.7058621 
1 1089 8331.9042969 1375.5902100 0.7047377 
1 1090 8322.4062500 1376.8037109 0.7041791 
1 1091 8311.9228516 1377.4418945 0.7037457 
1 1092 8311.9228516 1377.4418945 0.7037457 
1 1093 8301.8642578 1378.3636475 0.7033074 
1 1094 8291.6552734 1379.5607910 0.7023090 
1 1095 8281.3359375 1379.9804688 0.7017299 
1 1096 8269.0312500 1380.2387695 0.7018405 
1 1097 8248.2041016 1380.4578857 0.7033324 
1 1098 8235.3291016 1380.8286133 0.7026058 
1 1099 8221.8320312 1382.8957520 0.7021351 
1 1100 8208.0468750 1383.9035645 0.7019694 
1 1101 8194.8837891 1384.5537109 0.7037702 
1 1102 8182.0678711 1385.1855469 0.7028462 
1 1103 8169.3740234 1387.3781738 0.7013059 
1 1104 8156.5161133 1388.5217285 0.7014056 
1 1105 8143.5273438 1390.3405762 0.7002567 
1 1106 8129.8134766 1391.9110107 0.6993153 
1 1107 8117.4658203 1393.8731689 0.6981197 
1 1108 8105.7871094 1395.3554688 0.6973833 
1 1109 8093.5605469 1396.9252930 0.6971156 
1 1110 8081.6328125 1399.3232422 0.6964787 
1 1111 8071.3032227 1402.6120605 0.6954601 
1 1112 8060.7202148 1405.2514648 0.6945467 
1 1113 8050.1503906 1408.0861816 0.6941000 
1 1114 8040.3613281 1410.6762695 0.6933959 
1 1115 8013.6015625 1416.5740967 0.6942416 
1 1116 7999.2919922 1420.6439209 0.6930482 
1 1117 7999.2919922 1420.6439209 0.6930482 
1 1118 7983.9482422 1423.7242432 0.6928446 
1 1119 7966.2255859 1427.2458496 0.6920586 
1 1120 7946.0126953 1430.4050293 0.6942424 
1 1121 7926.4785156 1434.2236328 0.6922662 
1 1122 7907.5380859 1436.8527832 0.6909508 
1 1123 7886.5966797 1439.8598633 0.6897784 
1 1124 7865.1586914 1443.3669434 0.6906335 
1 1125 7844.2177734 1446.3989258 0.6892844 
1 1126 7822.4570312 1450.1239014 0.6874066 
1 1127 7802.4663086 1452.3768311 0.6864666 
1 1128 7782.6757812 1454.9677734 0.6850901 
1 1129 7762.9355469 1457.5665283 0.6841120 
1 1130 7743.6030273 1458.4912109 0.6836052 
1 1131 7708.1787109 1461.4711914 0.6840923 
1 1132 7686.1938477 1464.5135498 0.6824671 
1 1133 7666.9243164 1466.3806152 0.6821392 
1 1134 7646.6503906 1469.3142090 0.6815401 
1 1135 7626.4248047 1472.0541992 0.6828798 
1 1136 7607.1674805 1473.3404541 0.6829214 
1 1137 7587.9775391 1476.2359619 0.6811703 
1 1138 7570.3129883 1478.1384277 0.6802223 
1 1139 7553.5322266 1479.5989990 0.6795495 
1 1140 7535.2416992 1481.8149414 0.6784211 
1 1141 7517.1855469 1483.7957764 0.6772529 
1 1142 7517.1855469 1483.7957764 0.6772529 
1 1143 7498.9287109 1485.5340576 0.6766129 
1 1144 7469.6684570 1487.4484863 0.6756621 
1 1145 7450.4423828 1489.8342285 0.6748178 
1 1146 7431.1533203 1491.7209473 0.6730440 
1 1147 7413.1699219 1493.5743408 0.6730150 
1 1148 7395.3447266 1495.5307617 0.6718656 
1 1149 7377.1005859 1497.3438721 0.6710141 
1 1150 7359.0844727 1499.5637207 0.6701248 
1 1151 7342.1752930 1501.0537109 0.6702313 
1 1152 7323.9755859 1503.2440186 0.6695703 
1 1153 7304.2666016 1506.8255615 0.6679592 
1 1154 7287.4091797 1508.5449219 0.6683495 
1 1155 7271.7163086 1510.5410156 0.6674719 
1 1156 7256.2265625 1514.0081787 0.6658467 
1 1157 7241.9633789 1516.3452148 0.6653557 
1 1158 7228.3935547 1518.2817383 0.6646914 
1 1159 7212.2661133 1519.4708252 0.6645440 
1 1160 7197.6806641 1521.1647949 0.6636297 
1 1161 7176.1435547 1522.2597656 0.6645750 
1 1162 7160.3051758 1523.7961426 0.6644948 
1 1163 7144.4868164 1525.0877686 0.6644652 
1 1164 7129.0791016 1525.5174561 0.6643336 
1 1165 7111.4541016 1527.7385254 0.6634839 
1 1166 7096.3354492 1528.8400879 0.6632084 
1 1167 7096.3354492 1528.8400879 0.6632084 
1 1168 7081.6269531 1530.0477295 0.6628864 
1 1169 7065.5966797 1531.6887207 0.6625234 
1 1170 7051.4604492 1532.7109375 0.6619271 
1 1171 7034.8583984 1534.9516602 0.6608294 
1 1172 7020.5468750 1536.1424561 0.6604593 
1 1173 7005.9033203 1537.7307129 0.6601599 
1 1174 6990.6909180 1539.5979004 0.6592349 
1 1175 6967.4853516 1540.9658203 0.6597698 
1 1176 6952.5336914 1541.0781250 0.6602883 
1 1177 6938.4091797 1541.8317871 0.6599554 
1 1178 6918.7460938 1544.8028564 0.6587732 
1 1179 6900.1171875 1548.7293701 0.6574979 
1 1180 6884.0991211 1550.2049561 0.6574294 
1 1181 6867.2041016 1551.7442627 0.6563891 
1 1182 6850.3632812 1553.8348389 0.6553399 
1 1183 6834.0375977 1556.8333740 0.6546182 
1 1184 6818.6274414 1558.3184814 0.6545150 
1 1185 6801.2998047 1560.8996582 0.6537775 
1 1186 6785.3818359 1563.2968750 0.6532417 
1 1187 6770.5742188 1565.0864258 0.6530242 
1 1188 6753.2509766 1568.4514160 0.6523811 
1 1189 6738.8896484 1571.2194824 0.6513657 
1 1190 6724.4409180 1572.9185791 0.6512541 
1 1191 6711.3940430 1574.6523438 0.6509553 
1 1192 6711.3940430 1574.6523438 0.6509553 
1 1193 6694.6577148 1578.7652588 0.6475467 
1 1194 6679.8491211 1580.8238525 0.6473102 
1 1195 6667.0356445 1582.3295898 0.6472378 
1 1196 6654.9633789 1583.9306641 0.6476393 
1 1197 6643.2587891 1585.5776367 0.6474161 
1 1198 6631.5996094 1587.2385254 0.6471597 
1 1199 6620.0439453 1588.9013672 0.6470094 
1 1200 6608.3339844 1590.4449463 0.6469497 
1 1201 6596.9492188 1592.0001221 0.6468664 
1 1202 6584.9580078 1593.7066650 0.6468157 
1 1203 6573.1904297 1595.3819580 0.6465216 
1 1204 6561.1528320 1597.0354004 0.6465136 
1 1205 6549.8720703 1599.0185547 0.6463035 
1 1206 6537.6425781 1601.2998047 0.6462519 
1 1207 6526.0351562 1603.2524414 0.6459232 
1 1208 6514.8769531 1605.0390625 0.6458330 
1 1209 6501.9765625 1607.1586914 0.6457863 
1 1210 6490.0458984 1609.4060059 0.6457106 
1 1211 6478.7202148 1611.4055176 0.6454023 
1 1212 6467.0566406 1613.7700195 0.6451744 
1 1213 6455.8344727 1615.4453125 0.6448967 
1 1214 6444.1152344 1617.2390137 0.6447754 
1 1215 6431.6416016 1619.2158203 0.6438092 
1 1216 6420.4741211 1620.9353027 0.6436761 
1 1217 6420.5327148 1620.9882812 0.6436275 
1 1218 6409.4130859 1622.3134766 0.6436540 
1 1219 6398.4204102 1623.5345459 0.6437652 
1 1220 6388.2480469 1624.8195801 0.6433897 
1 1221 6376.0722656 1626.2792969 0.6427666 
1 1222 6365.1215820 1627.6064453 0.6426218 
1 1223 6354.0585938 1628.9099121 0.6424517 
1 1224 6343.2934570 1629.9334717 0.6421090 
1 1225 6331.8676758 1631.1669922 0.6401571 
1 1226 6320.9169922 1632.9311523 0.6387732 
1 1227 6307.8466797 1634.3726807 0.6384037 
1 1228 6297.4042969 1635.4359131 0.6382428 
1 1229 6286.4184570 1636.4550781 0.6379705 
1 1230 6275.6523438 1637.3841553 0.6380094 
1 1231 6264.1855469 1638.2707520 0.6382638 
1 1232 6253.2319336 1639.5111084 0.6375347 
1 1233 6242.5859375 1640.4406738 0.6374840 
1 1234 6232.1733398 1640.9339600 0.6376630 
1 1235 6222.1914062 1641.7373047 0.6374180 
1 1236 6212.1103516 1642.7808838 0.6371363 
1 1237 6200.0166016 1644.1931152 0.6374093 
1 1238 6189.6821289 1645.2297363 0.6369899 
1 1239 6178.9497070 1646.3095703 0.6370445 
1 1240 6168.6953125 1647.0262451 0.6370889 
1 1241 6158.2871094 1647.8676758 0.6369001 
1 1242 6158.2871094 1647.8676758 0.6369001 
1 1243 6147.0498047 1648.8978271 0.6372953 
1 1244 6137.0356445 1649.7104492 0.6373267 
1 1245 6126.9628906 1650.5723877 0.6371694 
1 1246 6117.0258789 1651.4772949 0.6362085 
1 1247 6106.2768555 1652.1416016 0.6363100 
1 1248 6096.8642578 1652.9271240 0.6363688 
1 1249 6087.2841797 1653.7563477 0.6363332 
1 1250 6077.9414062 1654.5419922 0.6363219 
1 1251 6068.2060547 1655.4283447 0.6358122 
1 1252 6057.2832031 1656.6185303 0.6351554 
1 1253 6047.6713867 1657.3126221 0.6351563 
1 1254 6038.0498047 1658.6326904 0.6348679 
1 1255 6028.6201172 1659.5944824 0.6348464 
1 1256 6019.2138672 1660.4079590 0.6345663 
1 1257 6010.3979492 1661.3874512 0.6344063 
1 1258 6001.3105469 1662.0485840 0.6342883 
1 1259 5991.9042969 1662.2548828 0.6344944 
1 1260 5982.4487305 1663.0389404 0.6348391 
1 1261 5972.2978516 1663.9311523 0.6333535 
1 1262 5964.5458984 1664.4707031 0.6329677 
1 1263 5955.4384766 1665.3952637 0.6315781 
1 1264 5946.3427734 1666.6687012 0.6320246 
1 1265 5938.9785156 1667.0581055 0.6321718 
1 1266 5932.4130859 1667.5771484 0.6318651 
1 1267 5932.3637695 1667.5527344 0.6319439 
1 1268 5925.7001953 1668.1081543 0.6319116 
1 1269 5918.6914062 1668.9755859 0.6319795 
1 1270 5911.6528320 1669.5128174 0.6321837 
1 1271 5905.0292969 1669.9916992 0.6321962 
1 1272 5898.3159180 1670.6291504 0.6321815 
1 1273 5890.4335938 1671.7604980 0.6315494 
1 1274 5883.2617188 1672.2266846 0.6316394 
1 1275 5875.3994141 1673.0507812 0.6304854 
1 1276 5867.0512695 1673.7701416 0.6305921 
1 1277 5858.3808594 1674.5212402 0.6306648 
1 1278 5849.8447266 1675.2407227 0.6309830 
1 1279 5840.9916992 1675.5810547 0.6313546 
1 1280 5832.6518555 1676.5843506 0.6313129 
1 1281 5823.8876953 1677.1405029 0.6315777 
1 1282 5814.4462891 1677.6074219 0.6313871 
1 1283 5806.8535156 1678.5003662 0.6312257 
1 1284 5799.5205078 1679.0512695 0.6310507 
1 1285 5791.5175781 1679.6706543 0.6312379 
1 1286 5783.8920898 1680.3333740 0.6314570 
1 1287 5776.3471680 1680.9372559 0.6315728 
1 1288 5769.0405273 1681.7181396 0.6317151 
1 1289 5762.1845703 1682.2869873 0.6315914 
1 1290 5754.8876953 1683.0998535 0.6317332 
1 1291 5746.6918945 1684.0277100 0.6314166 
1 1292 5746.6918945 1684.0277100 0.6314166 
1 1293 5739.5673828 1684.6254883 0.6314844 
1 1294 5732.5742188 1685.2846680 0.6315717 
1 1295 5725.4531250 1686.1955566 0.6317135 
1 1296 5718.1513672 1686.9898682 0.6319163 
1 1297 5711.1352539 1687.7106934 0.6318055 
1 1298 5703.5527344 1688.4954834 0.6318066 
1 1299 5696.4941406 1689.1895752 0.6317696 
1 1300 5689.2695312 1689.9127197 0.6317787 
1 1301 5681.2333984 1690.5743408 0.6312856 
1 1302 5673.6186523 1691.1970215 0.6319505 
1 1303 5666.6699219 1692.0989990 0.6318949 
1 1304 5660.1362305 1692.7136230 0.6317637 
1 1305 5653.0253906 1693.4339600 0.6318359 
1 1306 5645.5507812 1693.9819336 0.6320093 
1 1307 5638.5390625 1694.4802246 0.6320180 
1 1308 5631.0195312 1695.2081299 0.6318675 
1 1309 5624.3847656 1695.7133789 0.6316775 
1 1310 5617.5126953 1696.5041504 0.6313234 
1 1311 5608.8984375 1697.4359131 0.6309980 
1 1312 5601.1025391 1698.1556396 0.6308551 
1 1313 5593.5815430 1698.9704590 0.6309282 
1 1314 5585.7036133 1699.6405029 0.6307684 
1 1315 5577.8164062 1700.2819824 0.6304913 
1 1316 5569.5771484 1701.0842285 0.6309154 
1 1317 5569.5771484 1701.0842285 0.6309154 
1 1318 5561.7001953 1701.8250732 0.6309916 
1 1319 5553.3623047 1702.6710205 0.6306509 
1 1320 5545.3261719 1703.5979004 0.6307626 
1 1321 5537.7060547 1704.3945312 0.6308021 
1 1322 5529.7661133 1705.1235352 0.6306000 
1 1323 5522.3896484 1705.9042969 0.6311810 
1 1324 5515.4584961 1706.5012207 0.6310810 
1 1325 5508.7553711 1707.2805176 0.6311630 
1 1326 5501.5576172 1708.1983643 0.6311214 
1 1327 5495.2578125 1708.7230225 0.6311463 
1 1328 5489.3891602 1709.2722168 0.6311298 
1 1329 5483.9179688 1710.1699219 0.6319684 
1 1330 5477.5932617 1710.8063965 0.6328512 
1 1331 5471.2001953 1711.5200195 0.6328719 
1 1332 5466.3139648 1712.2545166 0.6324881 
1 1333 5460.9335938 1712.8178711 0.6324664 
1 1334 5455.0966797 1713.3291016 0.6325848 
1 1335 5449.8144531 1713.9085693 0.6324164 
1 1336 5443.8554688 1714.4963379 0.6329429 
1 1337 5438.3554688 1715.0573730 0.6327463 
1 1338 5432.0507812 1715.7541504 0.6322476 
1 1339 5426.1933594 1716.3470459 0.6322485 
1 1340 5420.0722656 1716.9567871 0.6324161 
1 1341 5414.0654297 1717.5377197 0.6321144 
1 1342 5414.0654297 1717.5377197 0.6321144 
1 1343 5407.2460938 1718.3127441 0.6320496 
1 1344 5399.8544922 1718.9865723 0.6319120 
1 1345 5392.3798828 1719.6518555 0.6313107 
1 1346 5385.6113281 1720.2349854 0.6311933 
1 1347 5378.6240234 1720.9864502 0.6312178 
1 1348 5371.3032227 1721.7950439 0.6311786 
1 1349 5364.1748047 1722.6574707 0.6317963 
1 1350 5357.5888672 1723.5988770 0.6316839 
1 1351 5350.1914062 1723.9813232 0.6324713 
1 1352 5342.9746094 1724.5423584 0.6325855 
1 1353 5335.1831055 1725.5341797 0.6332129 
1 1354 5328.8134766 1726.1362305 0.6326645 
1 1355 5322.4316406 1726.8945312 0.6328028 
1 1356 5316.6445312 1727.8576660 0.6327853 
1 1357 5310.7099609 1728.7058105 0.6332662 
1 1358 5305.3193359 1729.7095947 0.6339214 
1 1359 5299.9291992 1730.2216797 0.6337956 
1 1360 5294.8774414 1731.0117188 0.6339347 
1 1361 5289.7080078 1731.6916504 0.6333809 
1 1362 5285.2734375 1732.2702637 0.6333601 
1 1363 5280.4057617 1732.9449463 0.6336715 
1 1364 5276.3188477 1733.5413818 0.6328536 
1 1365 5271.7504883 1734.3601074 0.6335585 
1 1366 5267.7451172 1735.2471924 0.6335618 
1 1367 5267.7451172 1735.2471924 0.6335618 
1 1368 5264.5747070 1736.0362549 0.6334585 
1 1369 5261.4042969 1736.7758789 0.6333847 
1 1370 5258.3588867 1737.2775879 0.6332434 
1 1371 5255.4550781 1737.7467041 0.6330197 
1 1372 5252.2197266 1738.2563477 0.6339707 
1 1373 5248.1586914 1738.8352051 0.6345387 
1 1374 5244.7114258 1739.6347656 0.6344808 
1 1375 5241.3666992 1740.5939941 0.6343802 
1 1376 5237.5937500 1741.3780518 0.6342002 
1 1377 5233.7597656 1741.8764648 0.6339801 
1 1378 5229.2119141 1742.0456543 0.6327835 
1 1379 5224.9199219 1742.7097168 0.6326250 
1 1380 5219.7485352 1743.3847656 0.6331644 
1 1381 5215.7983398 1743.8156738 0.6328068 
1 1382 5211.5971680 1744.6728516 0.6325880 
1 1383 5206.1713867 1745.4226074 0.6328675 
1 1384 5201.9628906 1746.2413330 0.6324873 
1 1385 5197.5908203 1746.8066406 0.6321329 
1 1386 5191.9672852 1747.3090820 0.6327349 
1 1387 5187.3671875 1747.8586426 0.6324230 
1 1388 5181.8466797 1748.2447510 0.6328748 
1 1389 5176.2504883 1748.8824463 0.6328729 
1 1390 5171.0942383 1749.4158936 0.6327339 
1 1391 5165.7788086 1750.3907471 0.6324470 
1 1392 5165.7788086 1750.3907471 0.6324470 
1 1393 5159.5727539 1751.4821777 0.6325853 
1 1394 5153.6611328 1753.1336670 0.6318983 
1 1395 5148.0009766 1753.4368896 0.6313905 
1 1396 5141.8544922 1753.9353027 0.6307198 
1 1397 5135.4707031 1754.4635010 0.6306561 
1 1398 5129.0957031 1755.0792236 0.6298228 
1 1399 5123.4023438 1756.0350342 0.6294074 
1 1400 5117.4843750 1756.9553223 0.6288480 
1 1401 5111.8134766 1757.9017334 0.6285564 
1 1402 5105.8149414 1758.5104980 0.6279145 
1 1403 5100.4125977 1759.2343750 0.6276002 
1 1404 5094.7338867 1760.0030518 0.6271122 
1 1405 5087.5429688 1760.5007324 0.6278210 
1 1406 5082.4028320 1761.5772705 0.6276531 
1 1407 5077.7236328 1761.9884033 0.6274871 
1 1408 5072.8525391 1762.7569580 0.6277258 
1 1409 5068.2470703 1763.5368652 0.6274177 
1 1410 5062.4370117 1764.4384766 0.6277829 
1 1411 5057.5073242 1765.3614502 0.6271226 
1 1412 5053.3085938 1766.0268555 0.6267774 
1 1413 5047.9350586 1766.5410156 0.6270566 
1 1414 5043.9433594 1767.0705566 0.6270162 
1 1415 5038.1191406 1767.6687012 0.6276478 
1 1416 5033.9570312 1768.3599854 0.6275136 
1 1417 5033.9570312 1768.3599854 0.6275136 
1 1418 5029.9946289 1769.0953369 0.6271966 
1 1419 5025.0556641 1769.7491455 0.6274377 
1 1420 5021.1015625 1770.4296875 0.6276618 
1 1421 5017.2719727 1770.7661133 0.6271316 
1 1422 5013.7294922 1771.3153076 0.6268677 
1 1423 5007.8393555 1772.3280029 0.6282869 
1 1424 5004.3012695 1772.8598633 0.6283215 
1 1425 5000.3706055 1773.3715820 0.6290418 
1 1426 4997.6440430 1773.8027344 0.6286762 
1 1427 4994.5615234 1774.5533447 0.6288263 
1 1428 4991.8334961 1775.2182617 0.6278738 
1 1429 4989.2597656 1776.0333252 0.6274256 
1 1430 4986.6748047 1776.4129639 0.6271889 
1 1431 4984.2973633 1776.8914795 0.6261164 
1 1432 4982.0893555 1777.4343262 0.6255974 
1 1433 4979.6699219 1777.9514160 0.6252366 
1 1434 4976.6376953 1778.2634277 0.6252232 
1 1435 4972.7885742 1778.8725586 0.6262560 
1 1436 4969.7075195 1778.1713867 0.6263366 
1 1437 4966.7529297 1778.3303223 0.6265891 
1 1438 4963.8510742 1778.7396240 0.6267352 
1 1439 4961.3300781 1779.6013184 0.6258746 
1 1440 4958.8383789 1780.1782227 0.6254188 
1 1441 4955.9272461 1780.7733154 0.6251405 
1 1442 4955.9272461 1780.7733154 0.6251405 
1 1443 4953.0346680 1781.2957764 0.6248552 
1 1444 4950.2998047 1779.9156494 0.6247441 
1 1445 4947.0366211 1780.4393311 0.6243607 
1 1446 4943.1440430 1780.7905273 0.6238705 
1 1447 4938.9462891 1781.1627197 0.6241019 
1 1448 4935.4155273 1781.9443359 0.6239247 
1 1449 4932.2016602 1781.8022461 0.6233423 
1 1450 4928.7421875 1782.4938965 0.6230936 
1 1451 4925.3974609 1783.1577148 0.6228843 
1 1452 4922.4291992 1783.6851807 0.6226183 
1 1453 4919.0258789 1782.8870850 0.6225432 
1 1454 4915.1381836 1783.3198242 0.6238514 
1 1455 4910.8818359 1785.4304199 0.6226922 
1 1456 4907.6289062 1786.2260742 0.6224908 
1 1457 4902.7382812 1786.5174561 0.6225906 
1 1458 4898.5361328 1787.2834473 0.6227733 
1 1459 4894.9052734 1788.2103271 0.6227375 
1 1460 4891.1259766 1789.7211914 0.6224321 
1 1461 4887.1162109 1791.0406494 0.6224875 
1 1462 4883.3637695 1792.1019287 0.6220839 
1 1463 4879.7402344 1793.8416748 0.6224377 
1 1464 4874.8232422 1795.8825684 0.6225336 
1 1465 4870.3554688 1798.4123535 0.6228516 
1 1466 4865.8515625 1801.2916260 0.6230136 
1 1467 4865.8515625 1801.2916260 0.6230136 
1 1468 4861.1108398 1804.2390137 0.6226527 
1 1469 4856.1826172 1807.6721191 0.6227887 
1 1470 4851.4296875 1810.7946777 0.6227086 
1 1471 4846.8579102 1813.9919434 0.6224048 
1 1472 4842.4174805 1817.1103516 0.6222715 
1 1473 4837.9233398 1820.1685791 0.6222705 
1 1474 4833.3784180 1823.3820801 0.6223454 
1 1475 4829.0917969 1826.5371094 0.6222214 
1 1476 4824.6474609 1829.7270508 0.6226950 
1 1477 4820.1748047 1832.3620605 0.6223578 
1 1478 4815.7524414 1835.0023193 0.6222159 
1 1479 4811.4238281 1837.5574951 0.6221473 
1 1480 4807.1977539 1839.8243408 0.6220651 
1 1481 4802.6347656 1842.1179199 0.6221351 
1 1482 4797.5234375 1843.7561035 0.6223552 
1 1483 4792.9824219 1845.5137939 0.6223251 
1 1484 4788.2255859 1847.3327637 0.6220490 
1 1485 4783.2573242 1848.4071045 0.6216436 
1 1486 4778.5014648 1849.9420166 0.6216521 
1 1487 4773.7885742 1851.0682373 0.6213129 
1 1488 4769.7050781 1852.3005371 0.6210982 
1 1489 4765.0556641 1853.6231689 0.6225173 
1 1490 4760.1816406 1854.9638672 0.6225094 
1 1491 4755.8994141 1856.4024658 0.6224664 
1 1492 4755.8994141 1856.4024658 0.6224664 
1 1493 4751.5122070 1857.8148193 0.6224860 
1 1494 4747.5107422 1859.0136719 0.6223439 
1 1495 4743.1440430 1860.0402832 0.6223164 
1 1496 4739.2333984 1861.0703125 0.6222338 
1 1497 4734.9106445 1862.3010254 0.6219804 
1 1498 4730.8457031 1863.2675781 0.6221275 
1 1499 4727.1757812 1864.5319824 0.6219659 
1 1500 4723.2177734 1865.6494141 0.6220534 
1 1501 4719.3901367 1866.7775879 0.6219799 
1 1502 4715.5039062 1867.9272461 0.6219385 
1 1503 4711.5483398 1868.9091797 0.6220533 
1 1504 4708.0141602 1870.0914307 0.6219972 
1 1505 4704.4487305 1871.2872314 0.6221011 
1 1506 4701.0444336 1872.1733398 0.6220046 
1 1507 4698.0205078 1873.0075684 0.6219248 
1 1508 4694.9028320 1874.1315918 0.6219761 
1 1509 4690.2944336 1875.6390381 0.6228548 
1 1510 4687.4458008 1877.1351318 0.6224650 
1 1511 4685.0000000 1878.4760742 0.6224554 
1 1512 4682.6362305 1879.8430176 0.6225265 
1 1513 4680.9077148 1881.0781250 0.6223999 
1 1514 4678.7724609 1882.1042480 0.6224986 
1 1515 4676.8256836 1882.5391846 0.6221874 
1 1516 4674.9980469 1883.5325928 0.6220502 
1 1517 4674.9980469 1883.5325928 0.6220502 
1 1518 4673.0263672 1884.5009766 0.6220918 
1 1519 4671.1210938 1885.2248535 0.6221917 
1 1520 4669.4575195 1885.8601074 0.6220338 
1 1521 4667.7744141 1886.4624023 0.6220378 
1 1522 4666.2885742 1886.9146729 0.6219969 
1 1523 4664.7900391 1887.5506592 0.6218171 
1 1524 4662.6713867 1886.8041992 0.6223819 
1 1525 4661.1689453 1887.1881104 0.6222909 
1 1526 4660.0424805 1887.1778564 0.6221088 
1 1527 4658.7729492 1887.3073730 0.6221637 
1 1528 4656.1469727 1886.3510742 0.6226097 
1 1529 4654.8349609 1886.4031982 0.6225166 
1 1530 4653.8242188 1887.5522461 0.6225007 
1 1531 4652.4125977 1887.9099121 0.6224428 
1 1532 4651.1708984 1887.9323730 0.6222968 
1 1533 4649.1152344 1887.7269287 0.6221576 
1 1534 4647.8637695 1887.9078369 0.6220719 
1 1535 4646.5361328 1888.0463867 0.6221215 
1 1536 4645.3310547 1888.0170898 0.6221271 
1 1537 4645.0302734 1888.2863770 0.6205643 
1 1538 4643.8569336 1888.3887939 0.6205413 
1 1539 4642.6884766 1888.4462891 0.6209055 
1 1540 4641.6250000 1888.4210205 0.6207649 
1 1541 4640.5200195 1888.6958008 0.6207370 
1 1542 4640.5200195 1888.6958008 0.6207370 
1 1543 4639.0131836 1888.6083984 0.6211616 
1 1544 4637.9687500 1888.7133789 0.6212854 
1 1545 4637.0117188 1888.7335205 0.6212063 
1 1546 4635.9970703 1888.7340088 0.6212278 
1 1547 4635.1616211 1888.7583008 0.6211662 
1 1548 4634.3627930 1888.7558594 0.6211143 
1 1549 4633.8627930 1888.2098389 0.6207918 
1 1550 4633.0761719 1888.4747314 0.6207259 
1 1551 4632.4443359 1888.3745117 0.6206286 
1 1552 4631.7714844 1888.2593994 0.6206182 
1 1553 4631.1040039 1888.5618896 0.6205470 
1 1554 4630.5966797 1888.4995117 0.6206178 
1 1555 4630.2299805 1888.4272461 0.6205745 
1 1556 4629.8369141 1888.3847656 0.6205419 
1 1557 4629.5014648 1888.5903320 0.6204739 
1 1558 4629.3798828 1888.5622559 0.6204845 
1 1559 4629.1157227 1888.5374756 0.6204317 
1 1560 4629.0117188 1888.5510254 0.6203754 
1 1561 4628.7739258 1888.5722656 0.6203801 
1 1562 4628.7343750 1888.3801270 0.6203756 
1 1563 4628.5576172 1888.3710938 0.6203402 
1 1564 4628.5400391 1888.2165527 0.6202635 
1 1565 4628.3789062 1888.2049561 0.6202626 
1 1566 4628.3110352 1888.0146484 0.6202834 
1 1567 4628.3110352 1888.0146484 0.6202834 
1 1568 4628.2368164 1887.8944092 0.6202076 
1 1569 4628.0283203 1888.0455322 0.6202023 
1 1570 4627.9697266 1888.0212402 0.6202281 
1 1571 4627.9326172 1888.0007324 0.6201983 
1 1572 4627.7744141 1887.9924316 0.6201727 
1 1573 4627.7363281 1887.9425049 0.6200914 
1 1574 4627.6513672 1887.8920898 0.6200901 
1 1575 4627.6386719 1887.8388672 0.6200686 
1 1576 4627.6933594 1887.8381348 0.6200156 
1 1577 4627.7158203 1888.0035400 0.6199558 
1 1578 4627.6425781 1887.9448242 0.6199700 
1 1579 4627.7104492 1887.9191895 0.6199203 
1 1580 4627.7172852 1887.9395752 0.6198818 
1 1581 4627.7558594 1888.0401611 0.6198440 
1 1582 4627.8168945 1887.9595947 0.6198334 
1 1583 4627.9340820 1887.7784424 0.6197750 
1 1584 4628.0234375 1887.6994629 0.6197191 
1 1585 4628.0268555 1887.7337646 0.6197282 
1 1586 4628.1767578 1887.5823975 0.6196952 
1 1587 4628.3217773 1887.5408936 0.6196372 
1 1588 4628.4135742 1887.4289551 0.6195719 
1 1589 4628.3613281 1887.3303223 0.6196845 
1 1590 4628.4404297 1887.1899414 0.6196323 
1 1591 4628.4721680 1887.1474609 0.6196382 
1 1592 4628.4721680 1887.1474609 0.6196382 
1 1593 4628.5878906 1887.1356201 0.6195731 
1 1594 4628.6767578 1886.9357910 0.6196035 
1 1595 4629.0156250 1886.9383545 0.6195596 
1 1596 4629.0390625 1886.9040527 0.6195980 
1 1597 4629.1088867 1886.8203125 0.6195499 
1 1598 4629.1191406 1886.7701416 0.6195695 
1 1599 4629.1923828 1886.8406982 0.6195068 
1 1600 4629.1777344 1886.7258301 0.6195743 
1 1601 4629.2392578 1886.7287598 0.6194813 
1 1602 4629.1689453 1886.8060303 0.6195211 
1 1603 4629.2060547 1886.7355957 0.6194390 
1 1604 4629.0698242 1886.6900635 0.6194924 
1 1605 4629.0126953 1886.7072754 0.6194476 
1 1606 4628.7265625 1886.8852539 0.6195205 
1 1607 4628.7490234 1886.9401855 0.6194503 
1 1608 4628.6772461 1886.7023926 0.6194128 
1 1609 4628.4545898 1886.8085938 0.6193981 
1 1610 4628.1630859 1886.9150391 0.6193521 
1 1611 4627.9560547 1886.8078613 0.6194164 
1 1612 4627.6992188 1886.7924805 0.6193812 
1 1613 4627.5737305 1886.6771240 0.6194325 
1 1614 4626.5234375 1886.9776611 0.6200133 
1 1615 4626.3447266 1886.9233398 0.6199996 
1 1616 4626.2690430 1887.0507812 0.6199277 
1 1617 4626.2690430 1887.0507812 0.6199277 
1 1618 4626.0815430 1887.0498047 0.6199387 
1 1619 4625.9580078 1887.1397705 0.6200010 
1 1620 4625.9760742 1887.0997314 0.6199558 
1 1621 4626.0224609 1887.0770264 0.6199022 
1 1622 4625.9736328 1887.1604004 0.6198857 
1 1623 4626.0468750 1887.1533203 0.6198304 
1 1624 4625.9936523 1887.0482178 0.6198484 
1 1625 4625.9042969 1887.1945801 0.6198677 
1 1626 4626.0488281 1887.1303711 0.6197839 
1 1627 4626.2353516 1887.0029297 0.6197770 
1 1628 4626.1953125 1887.0419922 0.6197908 
1 1629 4626.2216797 1887.1258545 0.6197759 
1 1630 4626.2949219 1887.3188477 0.6197136 
1 1631 4626.2744141 1887.3596191 0.6198148 
1 1632 4626.4951172 1887.3547363 0.6196278 
1 1633 4626.5556641 1887.2434082 0.6196675 
1 1634 4626.7119141 1887.1009521 0.6196209 
1 1635 4626.9433594 1886.9598389 0.6196011 
1 1636 4626.9882812 1887.0135498 0.6196046 
1 1637 4627.1923828 1887.0266113 0.6195751 
1 1638 4627.3530273 1887.1018066 0.6195608 
1 1639 4627.6162109 1887.1286621 0.6194641 
1 1640 4627.7221680 1887.1318359 0.6195024 
1 1641 4627.9877930 1886.9207764 0.6194448 
1 1642 4627.9877930 1886.9207764 0.6194448 
1 1643 4628.0317383 1886.9078369 0.6194983 
1 1644 4626.2402344 1886.7282715 0.6210821 
1 1645 4626.3168945 1886.7786865 0.6209916 
1 1646 4626.3916016 1886.7705078 0.6209942 
1 1647 4626.4008789 1886.8508301 0.6209922 
1 1648 4626.4599609 1886.8615723 0.6209432 
1 1649 4626.5615234 1886.7652588 0.6209282 
1 1650 4626.6621094 1886.6953125 0.6209155 
1 1651 4626.6381836 1886.7856445 0.6208742 
1 1652 4626.7680664 1886.7355957 0.6208340 
1 1653 4626.9458008 1886.8736572 0.6206772 
1 1654 4626.9472656 1887.1162109 0.6206448 
1 1655 4626.9311523 1887.3449707 0.6206087 
1 1656 4626.8530273 1887.6730957 0.6206317 
1 1657 4626.8271484 1887.8387451 0.6205767 
1 1658 4626.8872070 1888.0378418 0.6204978 
1 1659 4626.7578125 1888.2862549 0.6204745 
1 1660 4626.6298828 1888.6419678 0.6205021 
1 1661 4626.6191406 1888.9442139 0.6204240 
1 1662 4626.6430664 1889.2568359 0.6202853 
1 1663 4626.5981445 1889.4139404 0.6203019 
1 1664 4626.6171875 1889.5803223 0.6202835 
1 1665 4626.5976562 1889.6110840 0.6202059 
1 1666 4626.5449219 1889.9045410 0.6201636 
1 1667 4626.5449219 1889.9045410 0.6201636 
1 1668 4626.5473633 1890.2507324 0.6200724 
1 1669 4626.3740234 1890.6085205 0.6200871 
1 1670 4626.3212891 1890.8547363 0.6200359 
1 1671 4626.3061523 1890.9323730 0.6199234 
1 1672 4626.1699219 1891.2291260 0.6199251 
1 1673 4626.0063477 1891.5001221 0.6197966 
1 1674 4625.7158203 1891.7535400 0.6198370 
1 1675 4625.4169922 1892.0770264 0.6197631 
1 1676 4625.1791992 1892.5750732 0.6196892 
1 1677 4624.7290039 1892.9588623 0.6195940 
1 1678 4624.2265625 1893.4100342 0.6196020 
1 1679 4623.6694336 1893.7891846 0.6195526 
1 1680 4623.0878906 1894.1975098 0.6194890 
1 1681 4622.4960938 1894.5367432 0.6195211 
1 1682 4621.8964844 1894.7620850 0.6193928 
1 1683 4621.3681641 1895.0311279 0.6192954 
1 1684 4620.9199219 1895.3007812 0.6191829 
1 1685 4619.1508789 1895.5495605 0.6198578 
1 1686 4618.6401367 1895.8908691 0.6197169 
1 1687 4617.9194336 1896.2292480 0.6196945 
1 1688 4617.1313477 1896.7907715 0.6196523 
1 1689 4616.3017578 1897.1850586 0.6196983 
1 1690 4615.5048828 1897.8077393 0.6196090 
1 1691 4614.7314453 1898.4447021 0.6196060 
1 1692 4614.7314453 1898.4447021 0.6196060 
1 1693 4613.8593750 1899.2431641 0.6196128 
1 1694 4613.0830078 1900.0532227 0.6197766 
1 1695 4612.3334961 1900.7443848 0.6197177 
1 1696 4611.4458008 1901.6220703 0.6196607 
1 1697 4610.3779297 1902.5682373 0.6196471 
1 1698 4609.3012695 1903.6383057 0.6195880 
1 1699 4608.3037109 1904.5393066 0.6195168 
1 1700 4607.2973633 1905.5529785 0.6194113 
1 1701 4606.1689453 1906.5412598 0.6194041 
1 1702 4604.9262695 1907.7636719 0.6193711 
1 1703 4603.6674805 1908.9862061 0.6194624 
1 1704 4602.6762695 1910.2866211 0.6194308 
1 1705 4601.7338867 1911.5220947 0.6193537 
1 1706 4600.3325195 1913.1529541 0.6194975 
1 1707 4599.4521484 1914.5534668 0.6194325 
1 1708 4598.4760742 1916.0910645 0.6194019 
1 1709 4597.4218750 1917.8129883 0.6194203 
1 1710 4596.3105469 1919.6470947 0.6194182 
1 1711 4595.2915039 1921.5012207 0.6194014 
1 1712 4594.2192383 1923.1640625 0.6194125 
1 1713 4593.1791992 1924.7365723 0.6193534 
1 1714 4592.1181641 1926.6197510 0.6192821 
1 1715 4590.9570312 1928.6003418 0.6191986 
1 1716 4589.5693359 1930.5002441 0.6193126 
1 1717 4589.5693359 1930.5002441 0.6193126 
1 1718 4588.4296875 1932.3217773 0.6192072 
1 1719 4586.9804688 1933.9233398 0.6192664 
1 1720 4585.6044922 1935.4562988 0.6193305 
1 1721 4584.1767578 1937.0898438 0.6193411 
1 1722 4582.9194336 1938.5174561 0.6193441 
1 1723 4581.8422852 1939.5581055 0.6192611 
1 1724 4580.5976562 1940.7252197 0.6192811 
1 1725 4579.4233398 1941.7674561 0.6192527 
1 1726 4578.2246094 1942.6019287 0.6192431 
1 1727 4577.0180664 1943.7017822 0.6192783 
1 1728 4575.8354492 1944.6510010 0.6192240 
1 1729 4574.6972656 1945.5764160 0.6191715 
1 1730 4573.3256836 1946.2922363 0.6191666 
1 1731 4572.0859375 1946.9023438 0.6192192 
1 1732 4570.7382812 1947.2355957 0.6191710 
1 1733 4569.3496094 1947.6699219 0.6191916 
1 1734 4567.9384766 1948.0458984 0.6191778 
1 1735 4566.5283203 1948.3691406 0.6191335 
1 1736 4565.0634766 1948.6522217 0.6190923 
1 1737 4563.5590820 1949.0125732 0.6191375 
1 1738 4561.5532227 1949.1270752 0.6193421 
1 1739 4560.3652344 1949.2875977 0.6192845 
1 1740 4559.0239258 1949.7131348 0.6193320 
1 1741 4557.7607422 1949.9006348 0.6192904 
1 1742 4557.7607422 1949.9006348 0.6192904 
1 1743 4556.5537109 1950.0825195 0.6194099 
1 1744 4555.2568359 1950.4104004 0.6193767 
1 1745 4554.0791016 1950.5296631 0.6194167 
1 1746 4552.8408203 1950.7827148 0.6193584 
1 1747 4551.6508789 1951.0886230 0.6193514 
1 1748 4550.5175781 1951.3874512 0.6193237 
1 1749 4549.5029297 1951.5170898 0.6194202 
1 1750 4548.6220703 1951.5141602 0.6193575 
1 1751 4547.7041016 1951.6799316 0.6194139 
1 1752 4546.9179688 1952.1197510 0.6193967 
1 1753 4546.4643555 1952.4119873 0.6194361 
1 1754 4546.2324219 1952.7658691 0.6194171 
1 1755 4545.9536133 1952.8334961 0.6194338 
1 1756 4545.7377930 1952.9914551 0.6195303 
1 1757 4545.7436523 1952.9592285 0.6194649 
1 1758 4545.6748047 1953.0812988 0.6193858 
1 1759 4545.5820312 1953.4016113 0.6193723 
1 1760 4545.5146484 1953.4389648 0.6195017 
1 1761 4545.5190430 1953.5983887 0.6194680 
1 1762 4545.6474609 1953.7792969 0.6193973 
1 1763 4545.6889648 1953.8560791 0.6194203 
1 1764 4545.8564453 1954.1384277 0.6193855 
1 1765 4545.9184570 1954.3015137 0.6194287 
1 1766 4545.9575195 1954.7381592 0.6194614 
1 1767 4545.9575195 1954.7381592 0.6194614 
1 1768 4545.9741211 1955.2581787 0.6195042 
1 1769 4546.0722656 1955.3569336 0.6194689 
1 1770 4546.1499023 1955.3767090 0.6195131 
1 1771 4546.1933594 1955.2500000 0.6195406 
1 1772 6745.3754883 2117.9848633 0.0404221 
1 1772 6745.3754883 2117.9848633 0.0404221 
