1 2 15262.6943359 4978.2719727 0.2049358 
1 3 15262.7128906 4978.2822266 0.2049299 
1 4 15274.0761719 4986.9863281 0.2048526 
1 5 15287.7500000 4994.8007812 0.2047951 
1 6 15302.5898438 5002.0634766 0.2047475 
1 7 15318.9169922 5011.0332031 0.2047455 
1 8 15336.7500000 5020.2797852 0.2047310 
1 9 15354.6279297 5029.9648438 0.2047308 
1 10 15373.6376953 5040.7783203 0.2047794 
1 11 15396.0683594 5052.5585938 0.2046735 
1 12 15420.3759766 5063.2792969 0.2046085 
1 13 15446.1542969 5073.4243164 0.2046073 
1 14 15474.4941406 5080.9257812 0.2046984 
1 15 15512.2275391 5088.0546875 0.2045916 
1 16 15554.2480469 5092.3076172 0.2045413 
1 17 15601.6562500 5095.0908203 0.2045526 
1 18 15651.7001953 5094.8925781 0.2045210 
1 19 15704.5498047 5094.8027344 0.2045597 
1 20 15758.6572266 5093.5283203 0.2045703 
1 21 15815.1679688 5092.2324219 0.2043158 
1 22 15870.1328125 5088.5629883 0.2038562 
1 23 15922.4316406 5083.5585938 0.2034674 
1 24 15969.8242188 5075.6420898 0.2031579 
1 25 16014.1416016 5068.1547852 0.2033484 
1 26 16056.7832031 5063.1689453 0.2029243 
1 27 16094.3496094 5052.0629883 0.2027360 
1 28 16094.3496094 5052.0629883 0.2027360 
1 29 16129.1992188 5040.1757812 0.2025410 
1 30 16158.0810547 5025.7509766 0.2023120 
1 31 16185.1210938 5008.4858398 0.2024447 
1 32 16212.0507812 4988.5292969 0.2022114 
1 33 16236.3515625 4966.8574219 0.2023247 
1 34 16260.6044922 4945.7988281 0.2020094 
1 35 16283.7900391 4920.2783203 0.2019637 
1 36 16307.5966797 4896.5874023 0.2017708 
1 37 16328.0234375 4872.4345703 0.2014042 
1 38 16346.4375000 4848.9199219 0.2012075 
1 39 16363.3750000 4828.0107422 0.2009740 
1 40 16378.0742188 4805.6728516 0.2008028 
1 41 16393.4589844 4785.3334961 0.2005189 
1 42 16406.7851562 4766.2373047 0.2003102 
1 43 16419.1777344 4747.5805664 0.2000780 
1 44 16432.0820312 4728.2851562 0.1998463 
1 45 16445.0683594 4709.9604492 0.1995391 
1 46 16457.8359375 4692.3579102 0.1992665 
1 47 16470.3886719 4677.0595703 0.1988411 
1 48 16481.7265625 4661.4189453 0.1983187 
1 49 16491.4648438 4647.0097656 0.1978584 
1 50 16500.4570312 4631.2329102 0.1976162 
1 51 16510.7304688 4618.6562500 0.1974832 
1 52 16520.1640625 4607.1132812 0.1972272 
1 53 16520.1640625 4607.1132812 0.1972272 
1 54 16530.3769531 4593.3559570 0.1971079 
1 55 16541.3203125 4579.7402344 0.1969073 
1 56 16552.4765625 4564.5019531 0.1969080 
1 57 16563.8281250 4551.8481445 0.1967272 
1 58 16573.1347656 4538.3515625 0.1965085 
1 59 16583.5976562 4523.6645508 0.1962951 
1 60 16594.6269531 4507.8100586 0.1960677 
1 61 16607.1777344 4492.4687500 0.1960460 
1 62 16618.6562500 4480.3295898 0.1959079 
1 63 16629.1562500 4466.2280273 0.1957931 
1 64 16639.6445312 4450.6181641 0.1957576 
1 65 16650.0312500 4432.7216797 0.1956959 
1 66 16661.2500000 4411.6132812 0.1957521 
1 67 16672.8808594 4388.9555664 0.1956077 
1 68 16682.7304688 4363.4775391 0.1955463 
1 69 16692.2246094 4337.2856445 0.1955822 
1 70 16702.1582031 4310.7514648 0.1954572 
1 71 16711.8183594 4283.6674805 0.1957548 
1 72 16718.4628906 4260.1000977 0.1959337 
1 73 16723.5937500 4236.4702148 0.1959104 
1 74 16730.7207031 4214.2358398 0.1957525 
1 75 16737.5605469 4192.3735352 0.1955801 
1 76 16745.0605469 4171.1689453 0.1956914 
1 77 16753.7519531 4151.0996094 0.1956472 
1 78 16753.7519531 4151.0996094 0.1956472 
1 79 16762.6738281 4128.6835938 0.1957051 
1 80 16771.6230469 4107.8955078 0.1959444 
1 81 16778.0742188 4085.6823730 0.1965728 
1 82 16785.3339844 4063.9013672 0.1971551 
1 83 16792.6894531 4043.3349609 0.1979569 
1 84 16799.0292969 4020.8776855 0.1988163 
1 85 16804.4941406 3996.6787109 0.1996692 
1 86 16808.7558594 3973.0749512 0.2004448 
1 87 16811.9804688 3949.6472168 0.2010770 
1 88 16816.7207031 3925.3249512 0.2015645 
1 89 16819.2949219 3901.9619141 0.2024901 
1 90 16821.0976562 3880.0405273 0.2030185 
1 91 16821.0546875 3857.1628418 0.2037311 
1 92 16820.4843750 3836.3840332 0.2045312 
1 93 16819.6953125 3815.8376465 0.2051078 
1 94 16819.0839844 3794.0742188 0.2058523 
1 95 16818.4062500 3775.2746582 0.2065180 
1 96 16817.3808594 3755.1965332 0.2073490 
1 97 16817.0488281 3736.6166992 0.2081907 
1 98 16816.9746094 3719.1123047 0.2088937 
1 99 16816.2792969 3700.9924316 0.2098159 
1 100 16815.9277344 3682.4560547 0.2106829 
1 101 16813.8066406 3661.6384277 0.2119770 
1 102 16826.7031250 3636.5905762 0.2103136 
1 103 16826.7031250 3636.5905762 0.2103136 
1 104 16831.8925781 3612.4575195 0.2100201 
1 105 16828.1816406 3586.9116211 0.2113414 
1 106 16824.2675781 3560.9069824 0.2125809 
1 107 16831.6191406 3540.6650391 0.2113712 
1 108 16830.3457031 3516.0166016 0.2113724 
1 109 16829.2500000 3493.4533691 0.2112445 
1 110 16827.0585938 3473.6918945 0.2111087 
1 111 16823.3281250 3453.4143066 0.2110861 
1 112 16817.2128906 3432.6062012 0.2112131 
1 113 16807.7363281 3407.0095215 0.2116958 
1 114 16798.8632812 3385.8662109 0.2144324 
1 115 16792.6992188 3361.1862793 0.2139043 
1 116 16785.4589844 3336.2106934 0.2127230 
1 117 16775.7441406 3311.7231445 0.2151898 
1 118 16771.1171875 3289.8466797 0.2145688 
1 119 16767.2226562 3271.5627441 0.2149938 
1 120 16766.7109375 3250.4589844 0.2147986 
1 121 16770.5253906 3231.2329102 0.2145229 
1 122 16779.5312500 3212.4370117 0.2144131 
1 123 16790.3867188 3189.8120117 0.2143185 
1 124 16801.5390625 3168.0585938 0.2142069 
1 125 16808.9453125 3143.5869141 0.2150172 
1 126 16809.9433594 3117.9555664 0.2177839 
1 127 16812.8281250 3097.4726562 0.2192511 
1 128 16812.8281250 3097.4726562 0.2192511 
1 129 16810.9394531 3076.2231445 0.2227748 
1 130 16810.0664062 3056.0561523 0.2235826 
1 131 16810.5000000 3040.3085938 0.2241694 
1 132 16807.0156250 3020.2119141 0.2249972 
1 133 16802.6972656 3002.0478516 0.2254358 
1 134 16798.3867188 2987.5517578 0.2251100 
1 135 16793.2558594 2975.4555664 0.2232315 
1 136 16782.2578125 2957.0578613 0.2241915 
1 137 16768.9355469 2936.2802734 0.2252092 
1 138 16754.2597656 2914.8833008 0.2260953 
1 139 16739.0742188 2895.7792969 0.2272055 
1 140 16722.3457031 2876.7834473 0.2283570 
1 141 16704.0800781 2857.1828613 0.2298409 
1 142 16684.9511719 2838.0800781 0.2314265 
1 143 16663.9492188 2817.6665039 0.2331961 
1 144 16642.0996094 2797.0913086 0.2352216 
1 145 16622.2109375 2777.3286133 0.2370944 
1 146 16601.7949219 2759.1718750 0.2393158 
1 147 16587.7968750 2751.6281738 0.2413110 
1 148 16577.6210938 2738.9863281 0.2412506 
1 149 16563.9277344 2726.6354980 0.2428452 
1 150 16556.2851562 2714.5920410 0.2426749 
1 151 16544.7050781 2700.1293945 0.2438066 
1 152 16531.8242188 2685.1147461 0.2455672 
1 153 16531.8242188 2685.1147461 0.2455672 
1 154 16522.7949219 2671.9619141 0.2467246 
1 155 16515.0761719 2657.0966797 0.2473983 
1 156 16504.9531250 2645.3542480 0.2493011 
1 157 16484.8164062 2626.6672363 0.2531892 
1 158 16465.8632812 2604.4973145 0.2571938 
1 159 16452.9335938 2580.5341797 0.2595834 
1 160 16443.0234375 2561.2890625 0.2619690 
1 161 16441.9140625 2545.3576660 0.2624473 
1 162 16438.1015625 2527.6162109 0.2629140 
1 163 16433.9921875 2511.6823730 0.2642414 
1 164 16438.3886719 2500.1010742 0.2634801 
1 165 16439.0644531 2488.1477051 0.2628029 
1 166 16437.6738281 2475.4030762 0.2626929 
1 167 16435.5703125 2461.9235840 0.2624798 
1 168 16434.8515625 2449.9619141 0.2618499 
1 169 16433.8007812 2438.5808105 0.2614872 
1 170 16428.9941406 2427.3518066 0.2624955 
1 171 16427.5429688 2418.7822266 0.2625297 
1 172 16423.1914062 2408.7680664 0.2627806 
1 173 16416.6601562 2398.0612793 0.2639344 
1 174 16409.0937500 2388.2937012 0.2654845 
1 175 16401.6289062 2378.9833984 0.2664427 
1 176 16389.9257812 2368.1621094 0.2687859 
1 177 16384.8144531 2361.1948242 0.2692718 
1 178 16384.8144531 2361.1948242 0.2692718 
1 179 16379.2285156 2354.4008789 0.2697716 
1 180 16373.6328125 2348.0935059 0.2704446 
1 181 16366.9150391 2341.7280273 0.2709984 
1 182 16360.3593750 2335.7302246 0.2713625 
1 183 16354.4550781 2331.0959473 0.2717794 
1 184 16347.2421875 2325.7897949 0.2725593 
1 185 16339.4912109 2320.5751953 0.2736383 
1 186 16335.6757812 2317.3566895 0.2743122 
1 187 16332.3125000 2314.4492188 0.2748808 
1 188 16328.2666016 2311.5148926 0.2756656 
1 189 16327.3320312 2309.7270508 0.2762543 
1 190 16325.4160156 2307.4697266 0.2771531 
1 191 16325.8144531 2305.9321289 0.2778766 
1 192 16322.7207031 2302.6596680 0.2797833 
1 193 16322.3525391 2300.8789062 0.2811988 
1 194 16321.9775391 2298.8227539 0.2828175 
1 195 16321.9189453 2297.0732422 0.2845519 
1 196 16325.7470703 2297.2905273 0.2853525 
1 197 16328.4257812 2297.1630859 0.2863325 
1 198 16333.8730469 2298.6081543 0.2868918 
1 199 16339.1796875 2299.9755859 0.2875360 
1 200 16348.2968750 2303.5280762 0.2871121 
1 201 16358.3515625 2307.5239258 0.2864339 
1 202 16365.4843750 2310.4208984 0.2860004 
1 203 16365.4843750 2310.4208984 0.2860004 
1 204 16371.7861328 2313.0627441 0.2849755 
1 205 16375.9980469 2315.3247070 0.2836404 
1 206 16380.0058594 2317.8442383 0.2813375 
1 207 16378.9169922 2317.5800781 0.2800567 
1 208 16374.2294922 2315.8544922 0.2791372 
1 209 16371.3613281 2314.7973633 0.2781014 
1 210 16367.3027344 2313.1350098 0.2775022 
1 211 16362.7636719 2311.3989258 0.2768686 
1 212 16362.7587891 2311.3627930 0.2758113 
1 213 16362.8886719 2311.4123535 0.2750455 
1 214 16362.2714844 2311.5288086 0.2744347 
1 215 16357.9941406 2309.5126953 0.2746299 
1 216 16347.1894531 2304.5107422 0.2755835 
1 217 16334.8027344 2298.8063965 0.2768753 
1 218 16328.1591797 2295.9653320 0.2769576 
1 219 16319.6142578 2292.6853027 0.2767674 
1 220 16311.0986328 2289.5332031 0.2765673 
1 221 16300.5019531 2285.9143066 0.2765069 
1 222 16289.8046875 2281.9321289 0.2765217 
1 223 16278.5136719 2277.8256836 0.2766567 
1 224 16265.8115234 2273.1782227 0.2768035 
1 225 16251.5722656 2267.6330566 0.2773509 
1 226 16239.5693359 2263.8554688 0.2773532 
1 227 16228.0947266 2259.7312012 0.2773220 
1 228 16228.0947266 2259.7312012 0.2773220 
1 229 16213.3906250 2254.4245605 0.2777016 
1 230 16198.9843750 2249.5119629 0.2780034 
1 231 16183.6318359 2243.6013184 0.2790750 
1 232 16171.4648438 2239.6157227 0.2793305 
1 233 16161.0927734 2235.5952148 0.2795549 
1 234 16148.9013672 2230.9943848 0.2804341 
1 235 16140.1083984 2227.8237305 0.2807536 
1 236 16132.2119141 2224.2824707 0.2815148 
1 237 16129.6591797 2223.7109375 0.2812986 
1 238 16123.3769531 2220.3632812 0.2821669 
1 239 16115.9189453 2215.8994141 0.2835930 
1 240 16108.9082031 2211.5639648 0.2849972 
1 241 16103.6093750 2207.8361816 0.2861929 
1 242 16098.7255859 2204.0048828 0.2872569 
1 243 16094.4130859 2200.3393555 0.2879530 
1 244 16090.4248047 2197.2741699 0.2884332 
1 245 16087.3867188 2194.6889648 0.2885930 
1 246 16082.3242188 2191.4997559 0.2886954 
1 247 16075.2880859 2187.9633789 0.2889498 
1 248 16067.5986328 2184.2763672 0.2889048 
1 249 16056.2119141 2179.3986816 0.2887537 
1 250 16041.7675781 2173.4194336 0.2890228 
1 251 16028.9267578 2168.1215820 0.2886914 
1 252 16018.6093750 2164.7463379 0.2879798 
1 253 16018.6093750 2164.7463379 0.2879798 
1 254 16009.9101562 2162.4440918 0.2866848 
1 255 16003.3544922 2161.0620117 0.2849132 
1 256 16000.3144531 2161.2873535 0.2823748 
1 257 16002.1689453 2163.5349121 0.2788208 
1 258 16003.8134766 2165.5520020 0.2752253 
1 259 16004.6884766 2167.1870117 0.2715587 
1 260 16004.5908203 2168.7290039 0.2680683 
1 261 16004.4228516 2169.2958984 0.2649048 
1 262 16006.6933594 2170.4475098 0.2616917 
1 263 16009.6591797 2172.1940918 0.2580837 
1 264 16012.8437500 2174.1450195 0.2542597 
1 265 16017.9775391 2177.4514160 0.2505507 
1 266 16022.0976562 2180.0136719 0.2466982 
1 267 16027.0097656 2182.0766602 0.2433110 
1 268 16030.8886719 2184.1242676 0.2390853 
1 269 16037.5292969 2186.9772949 0.2362157 
1 270 16045.0566406 2190.9108887 0.2318736 
1 271 16054.3632812 2196.0539551 0.2271478 
1 272 16063.9257812 2200.9145508 0.2224823 
1 273 16073.4033203 2205.5664062 0.2178026 
1 274 16079.9160156 2208.2346191 0.2144548 
1 275 16087.4238281 2211.3540039 0.2111058 
1 276 16096.0703125 2215.0351562 0.2077830 
1 277 16104.3515625 2218.9663086 0.2044988 
1 278 16104.3515625 2218.9663086 0.2044988 
1 279 16110.1289062 2221.6633301 0.2016863 
1 280 16117.1972656 2224.5446777 0.1989232 
1 281 16124.6562500 2227.3549805 0.1963635 
1 282 16134.9042969 2231.3454590 0.1937030 
1 283 16145.4687500 2235.8588867 0.1913872 
1 284 16154.1152344 2239.5095215 0.1895431 
1 285 16163.8105469 2242.9833984 0.1876279 
1 286 16168.8300781 2244.7131348 0.1865258 
1 287 16175.6337891 2247.2705078 0.1851274 
1 288 16180.6503906 2248.8745117 0.1841097 
1 289 16186.9472656 2251.1386719 0.1830521 
1 290 16192.4794922 2252.8415527 0.1821935 
1 291 16191.4511719 2251.5327148 0.1826483 
1 292 16191.4208984 2250.3322754 0.1828894 
1 293 16171.1572266 2240.5673828 0.1865247 
1 294 16157.7226562 2234.1103516 0.1885937 
1 295 16157.2011719 2233.4582520 0.1885187 
1 296 16154.0820312 2231.6516113 0.1891113 
1 297 16155.5810547 2231.1545410 0.1895495 
1 298 16160.4902344 2231.7397461 0.1901791 
1 299 16165.3222656 2231.9960938 0.1909560 
1 300 16171.2187500 2232.4289551 0.1915391 
1 301 16178.8222656 2233.6101074 0.1919524 
1 302 16189.1884766 2236.3669434 0.1918926 
1 303 16189.1884766 2236.3669434 0.1918926 
1 304 16201.0595703 2239.3105469 0.1919420 
1 305 16213.4843750 2242.5363770 0.1919281 
1 306 16223.8378906 2244.7995605 0.1924793 
1 307 16236.3105469 2247.8303223 0.1927401 
1 308 16247.9550781 2250.5402832 0.1932127 
1 309 16260.9277344 2254.0122070 0.1934313 
1 310 16273.5634766 2257.2329102 0.1938242 
1 311 16287.2900391 2261.1611328 0.1939496 
1 312 16299.8613281 2264.4809570 0.1945137 
1 313 16315.2734375 2269.2053223 0.1945587 
1 314 16330.2041016 2273.8806152 0.1948632 
1 315 16346.2509766 2279.4829102 0.1948520 
1 316 16362.2548828 2285.3725586 0.1948851 
1 317 16376.6269531 2290.8271484 0.1947546 
1 318 16388.8515625 2295.5104980 0.1948990 
1 319 16401.6914062 2300.7424316 0.1947846 
1 320 16414.1210938 2306.0913086 0.1947028 
1 321 16425.9355469 2311.5571289 0.1947187 
1 322 16438.1718750 2317.3549805 0.1947747 
1 323 16449.7578125 2323.0004883 0.1948360 
1 324 16461.4550781 2328.8432617 0.1945789 
1 325 16467.4492188 2331.5390625 0.1951137 
1 326 16472.3125000 2334.2338867 0.1947107 
1 327 16475.2773438 2335.8471680 0.1944891 
1 328 16475.2773438 2335.8471680 0.1944891 
1 329 16477.6289062 2337.0705566 0.1944064 
1 330 16478.2246094 2337.6074219 0.1945207 
1 331 16478.6484375 2338.1877441 0.1944583 
1 332 16478.8261719 2338.5856934 0.1943572 
1 333 16479.0664062 2339.1110840 0.1942639 
1 334 16478.7207031 2339.5732422 0.1942326 
1 335 16476.9433594 2339.8911133 0.1942647 
1 336 16472.6738281 2338.9291992 0.1946985 
1 337 16464.2812500 2336.8361816 0.1953322 
1 338 16455.1132812 2334.8532715 0.1956948 
1 339 16448.8789062 2335.0053711 0.1951517 
1 340 16445.7714844 2336.4790039 0.1951065 
1 341 16445.3222656 2339.2697754 0.1950838 
1 342 16446.8007812 2342.9169922 0.1950332 
1 343 16448.9101562 2346.9194336 0.1951072 
1 344 16452.4003906 2351.5131836 0.1949098 
1 345 16455.2714844 2355.2043457 0.1948262 
1 346 16457.0019531 2358.1904297 0.1948875 
1 347 16458.5195312 2361.1777344 0.1947894 
1 348 16456.7734375 2362.7465820 0.1948066 
1 349 16452.1699219 2363.0336914 0.1946331 
1 350 16444.5117188 2361.7050781 0.1945929 
1 351 16435.6992188 2359.6845703 0.1943831 
1 352 16426.4433594 2357.3576660 0.1936983 
1 353 16426.4433594 2357.3576660 0.1936983 
1 354 16416.0996094 2354.5039062 0.1931469 
1 355 16405.7949219 2352.2680664 0.1923632 
1 356 16390.7246094 2347.8835449 0.1925982 
1 357 16374.5625000 2343.5163574 0.1927937 
1 358 16358.2470703 2339.3508301 0.1929709 
1 359 16340.3505859 2334.4606934 0.1935257 
1 360 16323.4970703 2329.2724609 0.1940091 
1 361 16310.5195312 2325.5390625 0.1946768 
1 362 16298.4179688 2322.3732910 0.1950780 
1 363 16246.9345703 2302.0327148 0.2026473 
1 364 16212.2500000 2289.2231445 0.2072059 
1 365 16233.0156250 2299.6621094 0.2026127 
1 366 16230.0292969 2300.3176270 0.2020963 
1 367 16224.9492188 2299.5107422 0.2021851 
1 368 16218.8496094 2298.4916992 0.2025756 
1 369 16216.7861328 2298.9057617 0.2021586 
1 370 16211.8505859 2298.4941406 0.2020571 
1 371 16208.2148438 2298.4582520 0.2017929 
1 372 16205.0019531 2298.1538086 0.2017283 
1 373 16201.3691406 2298.2229004 0.2017058 
1 374 16197.7060547 2297.9719238 0.2018869 
1 375 16198.3671875 2299.8220215 0.2014131 
1 376 16201.4960938 2302.6284180 0.2010412 
1 377 16204.5859375 2305.0615234 0.2002990 
1 378 16204.5859375 2305.0615234 0.2002990 
1 379 16204.0146484 2305.7333984 0.2001556 
1 380 16199.9433594 2304.3254395 0.2008831 
1 381 16192.0195312 2301.0708008 0.2023316 
1 382 16185.4667969 2298.5546875 0.2035867 
1 383 16178.2138672 2295.8247070 0.2048078 
1 384 16173.5244141 2294.3759766 0.2058208 
1 385 16170.4482422 2294.0080566 0.2065161 
1 386 16161.7812500 2290.7202148 0.2081319 
1 387 16154.5322266 2288.0085449 0.2093747 
1 388 16183.8945312 2299.9960938 0.2036332 
1 389 16186.0595703 2301.1433105 0.2029827 
1 390 16183.5654297 2299.0993652 0.2039546 
1 391 16194.2597656 2303.1567383 0.2019049 
1 392 16200.0537109 2305.4091797 0.2007316 
1 393 16211.9902344 2310.6447754 0.1981545 
1 394 16237.8613281 2320.8198242 0.1931294 
1 395 16262.2363281 2331.1091309 0.1880685 
1 396 16276.0156250 2336.4887695 0.1847209 
1 397 16291.5839844 2342.9692383 0.1815356 
1 398 16307.3730469 2348.9108887 0.1787772 
1 399 16324.4833984 2355.0925293 0.1765233 
1 400 16332.6650391 2357.5668945 0.1752423 
1 401 16347.2949219 2362.6130371 0.1734040 
1 402 16345.9082031 2361.5200195 0.1748388 
1 403 16345.9082031 2361.5200195 0.1748388 
1 404 16358.5332031 2366.7360840 0.1728095 
1 405 16368.6630859 2370.1560059 0.1718920 
1 406 16374.4843750 2372.2229004 0.1712567 
1 407 16380.2812500 2374.3286133 0.1708257 
1 408 16386.3105469 2376.2788086 0.1702166 
1 409 16391.3066406 2378.0102539 0.1700000 
1 410 16393.5136719 2378.4758301 0.1702929 
1 411 16394.0546875 2378.3298340 0.1708613 
1 412 16391.0898438 2376.3977051 0.1721967 
1 413 16387.6367188 2374.4760742 0.1732214 
1 414 16384.3925781 2372.7866211 0.1743274 
1 415 16380.6074219 2370.5783691 0.1755305 
1 416 16375.0732422 2367.4509277 0.1771486 
1 417 16376.0722656 2367.7121582 0.1766595 
1 418 16368.2441406 2362.7736816 0.1797590 
1 419 16365.8769531 2360.8105469 0.1808902 
1 420 16364.9082031 2359.4902344 0.1820178 
1 421 16359.8457031 2355.6787109 0.1843186 
1 422 16359.0312500 2354.2773438 0.1853331 
1 423 16349.4316406 2348.1992188 0.1889727 
1 424 16349.5546875 2347.5454102 0.1894741 
1 425 16344.6113281 2344.0451660 0.1918767 
1 426 16340.2041016 2340.7480469 0.1938564 
1 427 16336.8281250 2338.1772461 0.1957110 
1 428 16336.8281250 2338.1772461 0.1957110 
1 429 16331.1865234 2334.4833984 0.1983245 
1 430 16326.1621094 2331.0874023 0.2006919 
1 431 16313.3349609 2324.1005859 0.2049672 
1 432 16287.5937500 2310.9860840 0.2124312 
1 433 16274.5107422 2303.6562500 0.2171314 
1 434 16260.9189453 2296.0610352 0.2220347 
1 435 16251.5966797 2290.9321289 0.2254450 
1 436 16238.5957031 2283.8605957 0.2299270 
1 437 16227.2353516 2277.6577148 0.2337460 
1 438 16221.7431641 2274.5502930 0.2359701 
1 439 16213.6816406 2269.8222656 0.2389667 
1 440 16206.1083984 2265.5097656 0.2419324 
1 441 16199.4736328 2261.8608398 0.2444769 
1 442 16184.9511719 2253.8505859 0.2490948 
1 443 16172.6162109 2246.9165039 0.2531487 
1 444 16156.5781250 2237.9133301 0.2583916 
1 445 16146.7734375 2232.4362793 0.2617643 
1 446 16134.2587891 2225.5747070 0.2656673 
1 447 16121.3564453 2218.5981445 0.2696770 
1 448 16112.3750000 2213.5729980 0.2728883 
1 449 16105.6464844 2209.9250488 0.2752725 
1 450 16096.6191406 2204.9978027 0.2783668 
1 451 16081.8857422 2196.9069824 0.2831074 
1 452 16071.6455078 2191.5808105 0.2865989 
1 453 16071.6455078 2191.5808105 0.2865989 
1 454 16058.6083984 2184.5976562 0.2910409 
1 455 16039.8359375 2174.3410645 0.2971401 
1 456 16026.0371094 2167.0427246 0.3014669 
1 457 16005.3027344 2155.6809082 0.3079721 
1 458 15989.3701172 2147.1132812 0.3130130 
1 459 15973.2324219 2138.3806152 0.3180548 
1 460 15969.1689453 2136.7324219 0.3192972 
1 461 15951.8886719 2127.6608887 0.3243637 
1 462 15937.9453125 2120.5141602 0.3291096 
1 463 15923.5205078 2113.1665039 0.3336243 
1 464 15907.3291016 2104.6889648 0.3384971 
1 465 15895.5947266 2098.4663086 0.3422702 
1 466 15879.6376953 2090.2248535 0.3469647 
1 467 15863.6210938 2081.7773438 0.3518900 
1 468 15853.1894531 2076.1130371 0.3552509 
1 469 15844.4140625 2071.6140137 0.3580599 
1 470 15830.8183594 2064.5078125 0.3622660 
1 471 15816.7333984 2057.1723633 0.3669955 
1 472 15806.2294922 2051.7255859 0.3701057 
1 473 15793.0019531 2044.8720703 0.3742342 
1 474 15785.1904297 2040.8901367 0.3764750 
1 475 15765.9804688 2030.4162598 0.3825700 
1 476 15759.4345703 2027.1093750 0.3846464 
1 477 15745.7373047 2019.9034424 0.3888030 
1 478 15745.7373047 2019.9034424 0.3888030 
1 479 15743.7255859 2019.1149902 0.3894694 
1 480 15742.8125000 2018.8803711 0.3899144 
1 481 15743.0214844 2019.2453613 0.3899231 
1 482 15743.1132812 2019.4921875 0.3900077 
1 483 15743.3125000 2019.8876953 0.3899385 
1 484 15743.4189453 2020.3811035 0.3899465 
1 485 15743.5097656 2020.7526855 0.3899802 
1 486 15743.5595703 2021.0258789 0.3899930 
1 487 15743.6308594 2021.3222656 0.3901145 
1 488 15743.6914062 2021.7888184 0.3901707 
1 489 15743.6171875 2022.2547607 0.3902477 
1 490 15743.7714844 2022.8032227 0.3902214 
1 491 15744.0546875 2023.4760742 0.3902433 
1 492 15744.0966797 2023.9895020 0.3903510 
1 493 15744.7285156 2024.8850098 0.3903033 
1 494 15744.8623047 2025.5596924 0.3903217 
1 495 15745.0410156 2026.0256348 0.3903566 
1 496 15745.2685547 2026.6904297 0.3903064 
1 497 15745.4785156 2027.1176758 0.3903313 
1 498 15745.6953125 2027.5184326 0.3903413 
1 499 15745.6738281 2027.8491211 0.3903421 
1 500 15745.5898438 2028.0258789 0.3903407 
1 501 15745.5839844 2028.3659668 0.3904145 
1 502 15746.2773438 2029.0361328 0.3903418 
1 503 15746.2773438 2029.0361328 0.3903418 
1 504 15746.4638672 2029.6604004 0.3903595 
1 505 15747.0175781 2030.4782715 0.3903876 
1 506 15747.5898438 2031.5415039 0.3903824 
1 507 15748.0332031 2032.8419189 0.3902825 
1 508 15748.1533203 2033.8764648 0.3903480 
1 509 15748.5849609 2035.0686035 0.3903121 
1 510 15748.4746094 2035.9567871 0.3903753 
1 511 15748.9277344 2037.2106934 0.3903182 
1 512 15748.8710938 2038.0659180 0.3903848 
1 513 15749.4335938 2039.2181396 0.3903199 
1 514 15750.1542969 2040.4095459 0.3901400 
1 515 15750.8554688 2041.4526367 0.3901185 
1 516 15751.3593750 2042.3984375 0.3901268 
1 517 15751.9648438 2043.3415527 0.3901103 
1 518 15753.0000000 2044.5465088 0.3900806 
1 519 15754.6582031 2046.0498047 0.3900309 
1 520 15756.7656250 2047.8814697 0.3899142 
1 521 15758.5800781 2049.3479004 0.3899482 
1 522 15760.7509766 2051.0947266 0.3899204 
1 523 15762.8457031 2053.0087891 0.3898709 
1 524 15764.6992188 2054.8164062 0.3898432 
1 525 15766.8574219 2056.7832031 0.3898181 
1 526 15768.5302734 2058.4570312 0.3898714 
1 527 15770.6142578 2060.0742188 0.3899730 
1 528 15770.6142578 2060.0742188 0.3899730 
1 529 15773.2675781 2061.8410645 0.3900124 
1 530 15776.3076172 2063.6599121 0.3899349 
1 531 15779.3505859 2065.3276367 0.3900145 
1 532 15782.3574219 2066.8950195 0.3899543 
1 533 15784.4931641 2068.0466309 0.3899889 
1 534 15786.3291016 2069.0346680 0.3898951 
1 535 15787.2226562 2069.4487305 0.3899241 
1 536 15788.4970703 2070.0249023 0.3899345 
1 537 15790.1250000 2070.7255859 0.3899637 
1 538 15791.8603516 2071.3493652 0.3900549 
1 539 15793.3642578 2072.0002441 0.3901163 
1 540 15795.2294922 2072.7836914 0.3902457 
1 541 15798.0000000 2074.0498047 0.3901534 
1 542 15800.3183594 2075.1030273 0.3903053 
1 543 15803.3935547 2076.6269531 0.3902059 
1 544 15805.9521484 2077.9194336 0.3902495 
1 545 15808.0644531 2078.9399414 0.3902686 
1 546 15810.0400391 2079.8674316 0.3902601 
1 547 15812.5107422 2081.3276367 0.3900568 
1 548 15814.6044922 2082.5644531 0.3901182 
1 549 15817.3681641 2084.3168945 0.3898994 
1 550 15819.7080078 2085.7065430 0.3897463 
1 551 15821.1601562 2086.5805664 0.3898287 
1 552 15823.7060547 2088.5200195 0.3896673 
1 553 15823.7060547 2088.5200195 0.3896673 
1 554 15825.4179688 2090.0024414 0.3897131 
1 555 15826.4863281 2091.2429199 0.3897427 
1 556 15828.2167969 2092.8854980 0.3893871 
1 557 15829.0927734 2093.7553711 0.3893543 
1 558 15830.1542969 2094.5959473 0.3892449 
1 559 15831.0000000 2095.1416016 0.3892286 
1 560 15831.8437500 2095.8486328 0.3891645 
1 561 15832.8076172 2096.5537109 0.3891898 
1 562 15834.3593750 2097.3540039 0.3890831 
1 563 15834.7929688 2097.7072754 0.3891519 
1 564 15836.0732422 2098.2395020 0.3890149 
1 565 15837.5722656 2098.9069824 0.3889015 
1 566 15838.6406250 2099.2153320 0.3889970 
1 567 15840.2734375 2099.8681641 0.3889152 
1 568 15842.2988281 2100.6979980 0.3888542 
1 569 15843.7167969 2101.0915527 0.3889659 
1 570 15845.4990234 2101.7519531 0.3889131 
1 571 15847.2968750 2102.4658203 0.3889136 
1 572 15849.7851562 2103.5180664 0.3887685 
1 573 15852.0849609 2104.5639648 0.3885941 
1 574 15854.5898438 2105.5197754 0.3885605 
1 575 15856.7910156 2106.3576660 0.3885567 
1 576 15858.7802734 2107.0561523 0.3886693 
1 577 15860.9384766 2107.8359375 0.3888189 
1 578 15860.9384766 2107.8359375 0.3888189 
1 579 15859.9814453 2107.1970215 0.3891762 
1 580 15862.0195312 2108.0163574 0.3891677 
1 581 15863.5400391 2108.5576172 0.3892589 
1 582 15865.7343750 2109.5439453 0.3891007 
1 583 15868.1621094 2110.5842285 0.3890322 
1 584 15870.2050781 2111.4404297 0.3889928 
1 585 15872.0517578 2112.1215820 0.3890768 
1 586 15873.8681641 2112.8264160 0.3891479 
1 587 15876.5273438 2113.8925781 0.3891478 
1 588 15878.8398438 2114.7790527 0.3892157 
1 589 15880.7041016 2115.3469238 0.3894092 
1 590 15883.0859375 2116.2402344 0.3895029 
1 591 15885.5312500 2117.2617188 0.3894820 
1 592 15888.4335938 2118.5229492 0.3893621 
1 593 15890.6455078 2119.3483887 0.3893397 
1 594 15893.0712891 2120.4282227 0.3892317 
1 595 15894.7705078 2120.9802246 0.3894446 
1 596 15897.9443359 2122.5266113 0.3891565 
1 597 15900.1308594 2123.4609375 0.3891878 
1 598 15902.2441406 2124.4699707 0.3892200 
1 598 15902.2441406 2124.4699707 0.3892200 
