1 2 36188.2578125 6105.4335938 0.1156878 
1 3 36188.2578125 6105.4335938 0.1156882 
1 4 36194.4960938 6110.2128906 0.1155982 
1 5 36202.0273438 6114.4746094 0.1155673 
1 6 36210.2421875 6118.4560547 0.1155230 
1 7 36219.3320312 6123.4609375 0.1155019 
1 8 36229.3007812 6128.5830078 0.1154820 
1 9 36239.2890625 6133.9726562 0.1154842 
1 10 36249.9960938 6140.0000000 0.1154505 
1 11 36262.2421875 6146.4604492 0.1154184 
1 12 36275.6718750 6152.3632812 0.1153895 
1 13 36290.1757812 6157.9711914 0.1153581 
1 14 36306.2578125 6162.2319336 0.1153481 
1 15 36326.7226562 6166.5190430 0.1156827 
1 16 36349.8242188 6169.1152344 0.1159210 
1 17 36375.4609375 6171.3730469 0.1165339 
1 18 36403.6054688 6171.5312500 0.1166635 
1 19 36433.4062500 6171.3969727 0.1166773 
1 20 36463.9882812 6170.9462891 0.1168966 
1 21 36495.3242188 6170.0888672 0.1169982 
1 22 36525.4296875 6167.7124023 0.1166875 
1 23 36554.2851562 6164.4843750 0.1165755 
1 24 36580.8554688 6159.6582031 0.1163211 
1 25 36606.2812500 6155.5410156 0.1164415 
1 26 36629.8281250 6152.3979492 0.1161834 
1 27 36651.0195312 6146.0234375 0.1160082 
1 28 36651.0195312 6146.0234375 0.1160082 
1 29 36670.5351562 6139.0971680 0.1159041 
1 30 36686.8320312 6130.7695312 0.1157205 
1 31 36702.5781250 6121.2260742 0.1158084 
1 32 36717.8125000 6109.8369141 0.1156703 
1 33 36731.9179688 6097.7788086 0.1157481 
1 34 36745.4570312 6085.6347656 0.1156095 
1 35 36758.7578125 6071.2402344 0.1156084 
1 36 36772.2343750 6057.8022461 0.1154857 
1 37 36783.3320312 6043.7915039 0.1153165 
1 38 36793.6289062 6030.3657227 0.1152084 
1 39 36803.0820312 6018.3422852 0.1150588 
1 40 36811.4023438 6005.6357422 0.1149163 
1 41 36819.8828125 5993.9672852 0.1147757 
1 42 36827.3671875 5982.9599609 0.1146759 
1 43 36834.2460938 5972.1904297 0.1145554 
1 44 36841.3554688 5961.1113281 0.1144377 
1 45 36848.5078125 5950.5034180 0.1142503 
1 46 36855.5781250 5940.2705078 0.1140826 
1 47 36862.2265625 5931.1640625 0.1138207 
1 48 36867.9882812 5921.8154297 0.1135218 
1 49 36872.8554688 5913.1987305 0.1132562 
1 50 36877.7539062 5904.0385742 0.1130939 
1 51 36883.4921875 5896.8525391 0.1129935 
1 52 36888.6015625 5890.0639648 0.1128347 
1 53 36888.6015625 5890.0639648 0.1128347 
1 54 36894.4882812 5882.2065430 0.1127547 
1 55 36900.6132812 5874.3286133 0.1126429 
1 56 36907.2070312 5865.7670898 0.1126089 
1 57 36913.6406250 5858.4575195 0.1125050 
1 58 36918.8242188 5850.6640625 0.1123646 
1 59 36924.7500000 5842.1728516 0.1122395 
1 60 36931.0703125 5832.9179688 0.1121037 
1 61 36938.5976562 5824.1718750 0.1120866 
1 62 36945.2890625 5817.0947266 0.1120028 
1 63 36951.4843750 5808.9916992 0.1119491 
1 64 36957.8710938 5799.9833984 0.1119434 
1 65 36964.1562500 5789.8833008 0.1119331 
1 66 36971.2070312 5777.9667969 0.1119392 
1 67 36978.2265625 5765.0820312 0.1118777 
1 68 36984.3125000 5750.5136719 0.1118440 
1 69 36990.6601562 5735.6484375 0.1118558 
1 70 36996.8515625 5720.6196289 0.1118275 
1 71 37003.5507812 5705.7084961 0.1119103 
1 72 37008.1992188 5693.0156250 0.1120063 
1 73 37011.9843750 5679.4799805 0.1120405 
1 74 37016.5546875 5666.6137695 0.1119939 
1 75 37021.0390625 5653.7978516 0.1118429 
1 76 37026.4648438 5641.6303711 0.1118044 
1 77 37032.2500000 5630.0463867 0.1118853 
1 78 37032.2421875 5630.0385742 0.1118815 
1 79 37038.6015625 5617.2998047 0.1121414 
1 80 37045.1250000 5605.5371094 0.1124554 
1 81 37050.9453125 5593.2001953 0.1128799 
1 82 37057.0390625 5581.1152344 0.1133286 
1 83 37063.5000000 5569.9829102 0.1138329 
1 84 37069.5585938 5557.6293945 0.1143417 
1 85 37075.2304688 5544.2587891 0.1148748 
1 86 37079.7968750 5531.4345703 0.1151894 
1 87 37083.6015625 5518.5175781 0.1155126 
1 88 37088.0937500 5504.8979492 0.1159022 
1 89 37091.8828125 5492.4287109 0.1162899 
1 90 37094.4218750 5480.1699219 0.1163994 
1 91 37096.4882812 5467.5883789 0.1167427 
1 92 37098.1562500 5456.5380859 0.1170921 
1 93 37099.5000000 5445.0595703 0.1174005 
1 94 37101.3398438 5433.4418945 0.1177759 
1 95 37102.6367188 5423.1616211 0.1181582 
1 96 37104.3632812 5412.5478516 0.1185935 
1 97 37106.3203125 5402.4804688 0.1189833 
1 98 37108.1562500 5393.0615234 0.1194327 
1 99 37110.1796875 5383.7060547 0.1198941 
1 100 37112.2695312 5373.9316406 0.1204711 
1 101 37114.3515625 5362.3041992 0.1212193 
1 102 37116.0585938 5350.0205078 0.1219606 
1 103 37116.0585938 5350.0205078 0.1219606 
1 104 37117.2968750 5334.2851562 0.1233325 
1 105 37118.4296875 5318.8037109 0.1243884 
1 106 37119.2421875 5303.6914062 0.1251464 
1 107 37121.8945312 5290.8129883 0.1262323 
1 108 37123.3281250 5275.6840820 0.1268260 
1 109 37124.5000000 5261.1513672 0.1266757 
1 110 37128.2929688 5249.1596680 0.1234496 
1 111 37126.8828125 5237.3164062 0.1228158 
1 112 37124.5234375 5225.9316406 0.1218980 
1 113 37124.5234375 5225.9316406 0.1239827 
1 114 37124.5234375 5225.9316406 0.1239827 
1 115 37124.5234375 5225.9316406 0.1239827 
1 116 37124.5234375 5225.9316406 0.1239827 
1 117 37124.5234375 5225.9316406 0.1239484 
1 118 37123.5234375 5212.3193359 0.1239748 
1 119 37123.6953125 5199.5991211 0.1240430 
1 120 37126.0742188 5186.4394531 0.1242625 
1 121 37126.0742188 5186.4394531 0.1243060 
1 122 37126.0742188 5186.4394531 0.1243060 
1 123 37126.0742188 5186.4394531 0.1243060 
1 124 37126.0742188 5186.4394531 0.1243060 
1 125 37126.0742188 5186.4394531 0.1243060 
1 126 37126.0742188 5186.4394531 0.1243060 
1 127 37126.0742188 5186.4394531 0.1243060 
1 128 37126.0742188 5186.4394531 0.1243060 
1 129 37126.0742188 5186.4394531 0.1243060 
1 130 37126.0742188 5186.4394531 0.1243060 
1 131 37126.0742188 5186.4394531 0.1243060 
1 132 37126.0742188 5186.4394531 0.1242894 
1 133 37129.8242188 5176.0859375 0.1237053 
1 134 37129.8242188 5176.0859375 0.1256907 
1 135 37129.7226562 5166.6572266 0.1250612 
1 136 37128.8710938 5156.7236328 0.1259501 
1 137 37126.7148438 5144.3964844 0.1258981 
1 138 37123.4531250 5133.2446289 0.1264146 
1 139 37120.0468750 5122.0429688 0.1273224 
1 140 37116.6679688 5110.4628906 0.1280897 
1 141 37112.2734375 5098.3920898 0.1289640 
1 142 37108.8789062 5087.3134766 0.1305077 
1 143 37112.2656250 5074.8896484 0.1352955 
1 144 37107.6992188 5062.2900391 0.1367518 
1 145 37104.6054688 5050.6787109 0.1377273 
1 146 37105.7500000 5042.7919922 0.1420789 
1 147 37105.0507812 5032.5112305 0.1437114 
1 148 37115.5117188 5026.3837891 0.1529765 
1 149 37114.8554688 5017.8632812 0.1542861 
1 150 37124.1054688 5009.5073242 0.1619520 
1 151 37127.2734375 4996.6230469 0.1672561 
1 152 37133.2500000 4980.4370117 0.1743177 
1 153 37133.2500000 4980.4370117 0.1743177 
1 154 37139.1367188 4963.3247070 0.1805145 
1 155 37147.9375000 4953.2045898 0.1870718 
1 156 37161.7500000 4939.3208008 0.1984759 
1 157 37173.1562500 4922.3261719 0.1984759 
1 158 37183.1953125 4906.6162109 0.1984759 
1 159 37193.1601562 4890.9062500 0.1984759 
1 160 37203.8203125 4873.6870117 0.1984759 
1 161 37213.9492188 4857.0258789 0.1984759 
1 162 37222.8671875 4843.4956055 0.1984759 
1 163 37232.9726562 4827.0634766 0.1984759 
1 164 37244.1328125 4808.4550781 0.1984759 
1 165 37255.8320312 4787.5546875 0.1984759 
1 166 37267.6406250 4765.3916016 0.1984759 
1 167 37280.2890625 4740.9858398 0.1984759 
1 168 37292.5546875 4715.7368164 0.1984759 
1 169 37303.7265625 4688.6152344 0.1984759 
1 170 37314.3085938 4661.3544922 0.1984759 
1 171 37323.6250000 4633.5937500 0.1984759 
1 172 37332.1953125 4605.7705078 0.1984759 
1 173 37340.4960938 4577.8920898 0.1984759 
1 174 37348.1757812 4550.3422852 0.1984759 
1 175 37354.5585938 4523.4589844 0.1984759 
1 176 37360.9296875 4497.5385742 0.1984759 
1 177 37366.5312500 4472.4658203 0.1984759 
1 178 37371.4648438 4450.4023438 0.1984759 
1 179 37375.9765625 4428.7231445 0.1984759 
1 180 37379.9453125 4407.7597656 0.1984759 
1 181 37383.0625000 4387.4272461 0.1984759 
1 182 37385.4296875 4367.6484375 0.1984759 
1 183 37387.1328125 4348.7348633 0.1984759 
1 184 37388.2578125 4330.9599609 0.1984759 
1 185 37388.8945312 4314.1884766 0.1984759 
1 186 37389.4570312 4298.6748047 0.1984759 
1 187 37226.7890625 4655.6953125 0.1984759 
1 188 37226.3125000 4654.0161133 0.1990529 
1 189 37228.2460938 4653.2104492 0.1993234 
1 190 37228.9492188 4652.7045898 0.2009071 
1 191 37230.7382812 4652.6313477 0.2019543 
1 192 37233.7656250 4652.4179688 0.2042415 
1 193 37237.2968750 4653.0952148 0.2051607 
1 194 37241.5234375 4654.0419922 0.2067839 
1 195 37246.2734375 4655.4614258 0.2078651 
1 196 37251.8906250 4657.1049805 0.2085625 
1 197 37256.9179688 4658.7700195 0.2095641 
1 198 37262.3359375 4661.1040039 0.2101648 
1 199 37268.1289062 4663.7788086 0.2102944 
1 200 37273.9921875 4666.5815430 0.2101802 
1 201 37280.0625000 4669.1962891 0.2099208 
1 202 37284.5625000 4671.2314453 0.2094120 
1 203 37284.5625000 4671.2314453 0.2094120 
1 204 37287.2500000 4672.1342773 0.2087261 
1 205 37287.4726562 4671.8837891 0.2078153 
1 206 37285.0625000 4669.9809570 0.2066598 
1 207 37281.6171875 4667.4951172 0.2054269 
1 208 37276.5976562 4664.5488281 0.2042766 
1 209 37272.6484375 4661.8994141 0.2032275 
1 210 37268.5781250 4659.3745117 0.2022819 
1 211 37264.0859375 4656.6640625 0.2015277 
1 212 37261.7773438 4654.6523438 0.2006318 
1 213 37260.4453125 4653.4204102 0.1999490 
1 214 37258.4531250 4652.4570312 0.1994298 
1 215 37256.3710938 4651.2885742 0.1990592 
1 216 37250.5742188 4647.9536133 0.1996241 
1 217 37241.7617188 4642.0180664 0.2025755 
1 218 37235.9296875 4638.4145508 0.2034310 
1 219 37228.9609375 4634.5273438 0.2033690 
1 220 37221.8828125 4630.8872070 0.2033337 
1 221 37213.4804688 4627.1206055 0.2032720 
1 222 37205.3007812 4623.0024414 0.2032223 
1 223 37197.1796875 4619.1035156 0.2033440 
1 224 37188.1171875 4614.6621094 0.2035310 
1 225 37178.7968750 4609.8447266 0.2038717 
1 226 37169.5664062 4605.9541016 0.2038720 
1 227 37161.5468750 4601.8720703 0.2037456 
1 228 37161.5468750 4601.8720703 0.2037456 
1 229 37151.9062500 4597.1665039 0.2036275 
1 230 37142.1835938 4592.8300781 0.2035986 
1 231 37133.3945312 4588.2456055 0.2035728 
1 232 37124.2929688 4584.3437500 0.2035714 
1 233 37117.4296875 4580.7246094 0.2034410 
1 234 37111.1250000 4577.5415039 0.2030873 
1 235 37105.4257812 4574.3920898 0.2034565 
1 236 37101.6093750 4571.8349609 0.2037171 
1 237 37098.7812500 4569.7553711 0.2036766 
1 238 37096.0742188 4567.6171875 0.2045280 
1 239 37094.5078125 4565.4355469 0.2054513 
1 240 37093.5585938 4563.6440430 0.2064245 
1 241 37093.2851562 4562.0537109 0.2072825 
1 242 37093.1992188 4560.1835938 0.2079126 
1 243 37093.0625000 4557.7612305 0.2083854 
1 244 37092.2929688 4555.5048828 0.2086782 
1 245 37091.4296875 4553.2685547 0.2087203 
1 246 37089.0742188 4550.1362305 0.2087372 
1 247 37085.2187500 4546.7548828 0.2089620 
1 248 37080.4375000 4542.8994141 0.2089224 
1 249 37073.8281250 4537.2124023 0.2088757 
1 250 37065.5390625 4531.0478516 0.2089338 
1 251 37056.8789062 4524.9702148 0.2086555 
1 252 37047.5546875 4519.7436523 0.2085593 
1 253 37047.5546875 4519.7436523 0.2085593 
1 254 37038.7148438 4514.6743164 0.2076955 
1 255 37030.0820312 4509.8320312 0.2066564 
1 256 37022.6406250 4504.7436523 0.2051151 
1 257 37016.0234375 4499.9599609 0.2026755 
1 258 37010.5195312 4495.4921875 0.2002785 
1 259 37003.9609375 4490.1455078 0.1977918 
1 260 36997.0585938 4485.6347656 0.1954063 
1 261 36991.4492188 4480.1708984 0.1930290 
1 262 36986.4414062 4474.4702148 0.1902253 
1 263 36982.8320312 4469.7646484 0.1879470 
1 264 36978.1093750 4464.2363281 0.1848069 
1 265 36973.1445312 4458.9013672 0.1817574 
1 266 36968.7812500 4453.8164062 0.1791357 
1 267 36964.5117188 4448.0429688 0.1763239 
1 268 36961.8828125 4442.6171875 0.1729605 
1 269 36958.6210938 4436.9946289 0.1700013 
1 270 36955.8750000 4432.1611328 0.1672079 
1 271 36954.2695312 4430.0234375 0.1643199 
1 272 36951.4648438 4425.6210938 0.1608825 
1 273 36948.7617188 4421.2500000 0.1575674 
1 274 36947.1523438 4417.6523438 0.1548954 
1 275 36946.1015625 4414.2045898 0.1524733 
1 276 36945.7851562 4411.1933594 0.1502632 
1 277 36945.3593750 4408.5273438 0.1483001 
1 278 36945.3593750 4408.5273438 0.1483001 
1 279 36944.1796875 4405.9404297 0.1462012 
1 280 36943.6640625 4403.2353516 0.1443987 
1 281 36944.3828125 4401.1333008 0.1426238 
1 282 36946.9609375 4400.5625000 0.1408351 
1 283 36949.4843750 4400.2333984 0.1393962 
1 284 36952.2109375 4400.8842773 0.1379956 
1 285 36955.1171875 4401.5683594 0.1362365 
1 286 36956.6328125 4401.8247070 0.1353161 
1 287 36958.5390625 4401.3852539 0.1347965 
1 288 36960.1406250 4401.5336914 0.1340727 
1 289 36961.5976562 4402.0175781 0.1334143 
1 290 36963.2460938 4401.4570312 0.1330737 
1 291 36966.5390625 4401.6684570 0.1323311 
1 292 36968.7031250 4401.2167969 0.1316907 
1 293 36971.2070312 4400.6259766 0.1309792 
1 294 36972.1250000 4399.9814453 0.1309415 
1 295 36973.7343750 4399.7373047 0.1307279 
1 296 36969.7812500 4396.9819336 0.1338477 
1 297 36971.2851562 4396.8310547 0.1349240 
1 298 36975.4765625 4398.2617188 0.1347770 
1 299 36975.2929688 4397.8442383 0.1364992 
1 300 36967.7382812 4394.2861328 0.1409895 
1 301 36975.3476562 4396.7841797 0.1411414 
1 302 36983.2109375 4399.8881836 0.1414006 
1 303 36983.2109375 4399.8881836 0.1414006 
1 304 36993.4218750 4403.9980469 0.1415518 
1 305 37003.4218750 4407.9033203 0.1416542 
1 306 37013.1601562 4411.8559570 0.1414828 
1 307 37023.8554688 4416.0249023 0.1416280 
1 308 37034.4179688 4420.2827148 0.1419213 
1 309 37045.0117188 4424.6577148 0.1422658 
1 310 37055.9570312 4429.1826172 0.1425907 
1 311 37066.7031250 4433.7382812 0.1426910 
1 312 37077.8437500 4438.4501953 0.1431142 
1 313 37089.9882812 4443.9189453 0.1430891 
1 314 37102.2109375 4449.8764648 0.1435480 
1 315 37113.9414062 4455.9482422 0.1435755 
1 316 37125.5898438 4462.4580078 0.1440226 
1 317 37135.8437500 4468.2402344 0.1439887 
1 318 37136.2539062 4456.9853516 0.1439887 
1 319 37138.2500000 4447.8999023 0.1439887 
1 320 37141.6523438 4440.7250977 0.1439887 
1 321 37146.0156250 4435.5053711 0.1439887 
1 322 37151.2187500 4432.2802734 0.1439887 
1 323 37157.1718750 4430.8100586 0.1439887 
1 324 37163.7734375 4430.8837891 0.1439887 
1 325 37170.6796875 4431.7695312 0.1439887 
1 326 37177.0273438 4433.0961914 0.1439887 
1 327 37200.7773438 4517.3544922 0.1439887 
1 328 37200.7773438 4517.3544922 0.1439887 
1 329 37201.9492188 4518.4296875 0.1439830 
1 330 37202.3554688 4519.2841797 0.1440741 
1 331 37202.1718750 4519.8486328 0.1440036 
1 332 37201.8281250 4520.1044922 0.1439407 
1 333 37201.3789062 4520.5253906 0.1438744 
1 334 37200.5039062 4520.9780273 0.1438686 
1 335 37198.2500000 4521.4365234 0.1439152 
1 336 37195.3125000 4521.3691406 0.1441092 
1 337 37189.3125000 4520.4389648 0.1446261 
1 338 37181.7812500 4519.0839844 0.1446686 
1 339 37174.1757812 4518.2275391 0.1448398 
1 340 37169.2539062 4519.7275391 0.1447296 
1 341 37166.3515625 4522.7148438 0.1447536 
1 342 37164.7070312 4526.6132812 0.1447043 
1 343 37163.8164062 4531.1093750 0.1447584 
1 344 37163.3164062 4535.6972656 0.1447272 
1 345 37163.3984375 4539.7656250 0.1446923 
1 346 37163.1914062 4543.1708984 0.1447117 
1 347 37162.3164062 4546.1870117 0.1447733 
1 348 37159.3437500 4547.8422852 0.1448332 
1 349 37154.3398438 4547.8789062 0.1447591 
1 350 37147.9296875 4546.6855469 0.1446465 
1 351 37140.1601562 4544.1054688 0.1444578 
1 352 37131.4804688 4540.2675781 0.1443055 
1 353 37131.4804688 4540.2675781 0.1442992 
1 354 37122.2812500 4536.1250000 0.1439179 
1 355 37112.3476562 4532.0380859 0.1435426 
1 356 37101.0937500 4527.6166992 0.1436764 
1 357 37088.6328125 4523.1489258 0.1437669 
1 358 37075.8632812 4518.8437500 0.1440284 
1 359 37062.6992188 4514.0537109 0.1443938 
1 360 37051.2343750 4509.7578125 0.1446939 
1 361 37041.5390625 4506.5976562 0.1451669 
1 362 37034.8203125 4503.8916016 0.1464183 
1 363 37027.2031250 4501.7509766 0.1438648 
1 364 37010.2578125 4495.6171875 0.1487462 
1 365 36992.7031250 4489.2167969 0.1541191 
1 366 36975.4375000 4483.5151367 0.1591692 
1 367 36988.8984375 4490.0073242 0.1532306 
1 368 36983.4023438 4489.2456055 0.1541386 
1 369 36978.5976562 4488.1762695 0.1546317 
1 370 36974.1953125 4486.9868164 0.1544880 
1 371 36970.3515625 4486.0664062 0.1541833 
1 372 36965.6796875 4484.9609375 0.1540378 
1 373 36960.9062500 4484.4677734 0.1547932 
1 374 36957.4101562 4484.3706055 0.1554589 
1 375 36954.9570312 4484.9873047 0.1558170 
1 376 36955.5898438 4487.2309570 0.1555900 
1 377 36955.6796875 4488.6420898 0.1550472 
1 378 36955.6796875 4488.6420898 0.1550472 
1 379 36954.2031250 4489.1054688 0.1550529 
1 380 36952.9531250 4489.3256836 0.1555768 
1 381 36951.4882812 4489.1181641 0.1563166 
1 382 36953.1875000 4490.6162109 0.1546291 
1 383 36951.0234375 4490.2368164 0.1553169 
1 384 36949.6328125 4490.5605469 0.1559693 
1 385 36947.9257812 4491.1113281 0.1567971 
1 386 36946.5312500 4490.9560547 0.1574524 
1 387 36943.7343750 4490.1484375 0.1583910 
1 388 36952.0078125 4492.0063477 0.1581237 
1 389 36958.9804688 4493.4628906 0.1581237 
1 390 36965.1171875 4494.7456055 0.1581237 
1 391 36970.5156250 4495.8735352 0.1581237 
1 392 36974.9687500 4496.8671875 0.1581237 
1 393 36978.5898438 4497.7412109 0.1581237 
1 394 36981.7734375 4498.5107422 0.1581237 
1 395 36984.5742188 4499.1875000 0.1581237 
1 396 36987.0390625 4499.7832031 0.1581237 
1 397 36988.6054688 4500.6083984 0.1581237 
1 398 36990.2851562 4501.3339844 0.1581237 
1 399 36992.3515625 4501.9741211 0.1581237 
1 400 36994.4765625 4502.8378906 0.1581237 
1 401 36996.9453125 4503.5981445 0.1581237 
1 402 37000.0156250 4504.8681641 0.1581237 
1 403 37002.7187500 4505.9858398 0.1581237 
1 404 37005.6992188 4506.6689453 0.1581237 
1 405 37008.9218750 4506.9687500 0.1581237 
1 406 37012.0625000 4507.2333984 0.1581237 
1 407 37016.0234375 4507.7666016 0.1581237 
1 408 37020.1093750 4508.5361328 0.1581237 
1 409 37024.3085938 4509.2138672 0.1581237 
1 410 37028.3046875 4509.3085938 0.1581237 
1 411 37032.4179688 4509.6923828 0.1581237 
1 412 37036.0429688 4510.0302734 0.1581237 
1 413 37038.9296875 4510.6274414 0.1581237 
1 414 37041.4726562 4511.1528320 0.1581237 
1 415 37044.0078125 4511.3154297 0.1581237 
1 416 37046.2421875 4511.0117188 0.1581237 
1 417 37048.5078125 4510.7451172 0.1581237 
1 418 37051.3984375 4510.2094727 0.1581237 
1 419 37054.5468750 4509.4379883 0.1581237 
1 420 37057.9179688 4508.4584961 0.1581237 
1 421 37061.4843750 4507.2958984 0.1581237 
1 422 37064.9257812 4506.2734375 0.1581237 
1 423 37068.2500000 4505.0727539 0.1581237 
1 424 37071.4804688 4503.7158203 0.1581237 
1 425 37074.6210938 4502.2211914 0.1581237 
1 426 37077.6875000 4500.9062500 0.1581237 
1 427 37080.6835938 4499.4482422 0.1581237 
1 428 37083.3203125 4498.1650391 0.1581237 
1 429 36997.5039062 4508.7250977 0.1581237 
1 430 36999.4375000 4509.6171875 0.1599928 
1 431 37001.7929688 4511.1059570 0.1626798 
1 432 36998.9023438 4511.4667969 0.1682239 
1 433 36999.4375000 4512.9272461 0.1719789 
1 434 36999.8554688 4514.1948242 0.1762633 
1 435 37001.2460938 4515.4609375 0.1787295 
1 436 37002.1054688 4516.7553711 0.1820478 
1 437 37004.1875000 4516.9140625 0.1829870 
1 438 37003.6406250 4517.3725586 0.1852509 
1 439 37002.9882812 4517.7460938 0.1886857 
1 440 37003.7656250 4518.7543945 0.1913225 
1 441 37004.4882812 4520.0107422 0.1941206 
1 442 37004.7304688 4520.4848633 0.1978815 
1 443 37005.1914062 4520.9204102 0.2010192 
1 444 37006.4882812 4521.7373047 0.2051899 
1 445 37007.4609375 4522.5410156 0.2077967 
1 446 37007.6640625 4522.9062500 0.2107829 
1 447 37006.7421875 4522.9096680 0.2142927 
1 448 37007.5117188 4523.6865234 0.2166063 
1 449 37009.6015625 4525.0249023 0.2179187 
1 450 37010.0156250 4525.6879883 0.2202501 
1 451 37010.0820312 4526.2880859 0.2239619 
1 452 37009.7851562 4527.2807617 0.2263397 
1 453 37009.7851562 4527.2807617 0.2263397 
1 454 37010.0351562 4528.5419922 0.2292691 
1 455 37010.0312500 4529.3261719 0.2338537 
1 456 37010.5390625 4530.3178711 0.2369752 
1 457 37010.8476562 4530.9819336 0.2417578 
1 458 37010.4726562 4531.5922852 0.2455243 
1 459 37010.0859375 4532.0087891 0.2491367 
1 460 37009.9257812 4532.9350586 0.2498351 
1 461 37010.0039062 4533.6621094 0.2538320 
1 462 37012.0703125 4537.1494141 0.2575626 
1 463 37011.1562500 4538.5078125 0.2618219 
1 464 37010.0820312 4538.8740234 0.2653610 
1 465 37010.0937500 4539.6865234 0.2679958 
1 466 37008.9843750 4540.0556641 0.2716425 
1 467 37008.4609375 4540.7285156 0.2753840 
1 468 37008.4335938 4541.2749023 0.2779038 
1 469 37008.0781250 4541.9506836 0.2799832 
1 470 37006.7109375 4541.9042969 0.2823476 
1 471 37006.2578125 4543.3930664 0.2860426 
1 472 37005.4492188 4543.5034180 0.2881520 
1 473 37005.3984375 4544.5405273 0.2916276 
1 474 37005.4531250 4544.9277344 0.2932861 
1 475 37005.6992188 4545.6621094 0.2981335 
1 476 37006.1796875 4546.5371094 0.2999675 
1 477 37005.6640625 4547.0439453 0.3031582 
1 478 37005.6640625 4547.0439453 0.3031582 
1 479 37005.8632812 4547.7055664 0.3037364 
1 480 37005.8671875 4548.3227539 0.3039675 
1 481 37006.0429688 4548.9716797 0.3040019 
1 482 37005.7812500 4549.3916016 0.3039740 
1 483 37005.7109375 4549.8378906 0.3039980 
1 484 37005.6367188 4550.5878906 0.3039934 
1 485 37005.4531250 4551.2021484 0.3039716 
1 486 37005.2929688 4551.6943359 0.3039412 
1 487 37005.3125000 4552.3886719 0.3039713 
1 488 37005.3203125 4553.3427734 0.3039857 
1 489 37005.1289062 4554.2265625 0.3040240 
1 490 37005.1406250 4555.0615234 0.3040580 
1 491 37004.9882812 4556.0537109 0.3040702 
1 492 37005.0156250 4557.1171875 0.3040396 
1 493 37004.8632812 4558.2221680 0.3040246 
1 494 37004.6953125 4559.3071289 0.3039806 
1 495 37004.6171875 4560.0913086 0.3039657 
1 496 37004.5625000 4560.9628906 0.3039593 
1 497 37004.5000000 4561.6015625 0.3039795 
1 498 37004.4570312 4562.1171875 0.3039884 
1 499 37004.3906250 4562.5825195 0.3039805 
1 500 37004.2656250 4562.9306641 0.3039724 
1 501 37004.0468750 4563.6259766 0.3039263 
1 502 37004.0976562 4564.3369141 0.3039081 
1 503 37004.0976562 4564.3369141 0.3039081 
1 504 37003.8593750 4565.4047852 0.3038551 
1 505 37003.8515625 4566.6069336 0.3038407 
1 506 37003.6640625 4568.0991211 0.3037727 
1 507 37003.4843750 4569.8798828 0.3037185 
1 508 37003.4257812 4571.6738281 0.3037632 
1 509 37002.8476562 4573.2460938 0.3037111 
1 510 37002.5000000 4574.8632812 0.3036566 
1 511 37002.0625000 4576.5131836 0.3036242 
1 512 37002.0898438 4578.1962891 0.3035983 
1 513 37001.7070312 4579.5698242 0.3035878 
1 514 37001.5273438 4580.8281250 0.3034839 
1 515 37001.5468750 4582.0532227 0.3034370 
1 516 37001.5546875 4583.4873047 0.3033879 
1 517 37001.6367188 4584.7880859 0.3033631 
1 518 37002.1562500 4586.3989258 0.3033632 
1 519 37003.1953125 4588.3906250 0.3032927 
1 520 37004.4296875 4590.3740234 0.3032776 
1 521 37005.7773438 4592.5361328 0.3032238 
1 522 37007.1875000 4594.9926758 0.3031053 
1 523 37008.2343750 4597.2978516 0.3030921 
1 524 37009.3554688 4599.7666016 0.3030517 
1 525 37010.7343750 4602.2124023 0.3030716 
1 526 37011.9062500 4604.7504883 0.3030924 
1 527 37013.5546875 4607.1406250 0.3030804 
1 528 37013.5546875 4607.1406250 0.3030804 
1 529 37015.6484375 4609.4916992 0.3031060 
1 530 37017.9218750 4611.6430664 0.3031342 
1 531 37020.5585938 4613.8916016 0.3030947 
1 532 37022.9023438 4615.6904297 0.3030910 
1 533 37024.6054688 4617.2094727 0.3030259 
1 534 37026.0585938 4618.2573242 0.3029881 
1 535 37026.8515625 4618.8798828 0.3029413 
1 536 37027.8828125 4619.4697266 0.3029557 
1 537 37029.3476562 4620.3613281 0.3029921 
1 538 37031.1484375 4621.2104492 0.3030531 
1 539 37032.5234375 4622.0703125 0.3030967 
1 540 37034.5742188 4623.3120117 0.3031657 
1 541 37036.8281250 4624.7148438 0.3031621 
1 542 37039.0000000 4626.1835938 0.3031806 
1 543 37041.2656250 4627.8076172 0.3031780 
1 544 37043.4335938 4629.5336914 0.3031483 
1 545 37045.3632812 4630.8422852 0.3031088 
1 546 37047.0000000 4631.8818359 0.3030659 
1 547 37048.7539062 4633.2412109 0.3030196 
1 548 37050.3281250 4634.7973633 0.3029893 
1 549 37052.0234375 4636.5751953 0.3029480 
1 550 37053.5781250 4637.9721680 0.3029478 
1 551 37054.7578125 4639.1972656 0.3030110 
1 552 37056.3125000 4641.3725586 0.3029774 
1 553 37056.3125000 4641.3740234 0.3029795 
1 554 37057.4960938 4643.5156250 0.3029494 
1 555 37058.1367188 4645.3056641 0.3028690 
1 556 37058.5156250 4646.6308594 0.3027875 
1 557 37058.9218750 4647.6958008 0.3026883 
1 558 37059.5156250 4648.7167969 0.3026312 
1 559 37059.9531250 4649.2314453 0.3025590 
1 560 37060.3789062 4649.9555664 0.3025676 
1 561 37061.5468750 4651.1513672 0.3024204 
1 562 37062.3750000 4651.7714844 0.3024241 
1 563 37063.0781250 4652.5117188 0.3022642 
1 564 37064.0234375 4652.8706055 0.3022114 
1 565 37065.2656250 4653.4804688 0.3021278 
1 566 37066.6015625 4654.0087891 0.3020724 
1 567 37068.2148438 4654.7050781 0.3020516 
1 568 37069.7460938 4655.3940430 0.3019896 
1 569 37071.6914062 4656.1220703 0.3021147 
1 570 37073.0937500 4656.7685547 0.3020949 
1 571 37074.4921875 4657.4824219 0.3021014 
1 572 37076.2265625 4658.2978516 0.3021543 
1 573 37077.9101562 4659.1401367 0.3021140 
1 574 37080.0039062 4660.0629883 0.3020775 
1 575 37082.0742188 4660.9355469 0.3020885 
1 576 37083.9648438 4661.7358398 0.3021519 
1 577 37086.1406250 4662.8310547 0.3021960 
1 578 37086.1406250 4662.8310547 0.3021960 
1 579 37085.6562500 4662.5703125 0.3026720 
1 580 37087.7109375 4663.5200195 0.3028139 
1 581 37089.7109375 4664.4702148 0.3027377 
1 582 37091.4609375 4665.3906250 0.3026926 
1 583 37093.2929688 4666.3388672 0.3027001 
1 584 37095.1796875 4667.2954102 0.3026815 
1 585 37096.9257812 4668.2353516 0.3026771 
1 586 37098.9531250 4669.2094727 0.3026590 
1 587 37101.2343750 4670.4130859 0.3025841 
1 588 37103.6171875 4671.5917969 0.3025860 
1 589 37106.1484375 4672.8291016 0.3025438 
1 590 37108.6757812 4674.0839844 0.3025268 
1 591 37111.1328125 4675.4487305 0.3024721 
1 592 37113.3632812 4676.6357422 0.3023813 
1 593 37115.3828125 4677.5727539 0.3024258 
1 594 37117.3984375 4678.5800781 0.3023899 
1 595 37119.4296875 4679.5449219 0.3025783 
1 596 37121.0507812 4680.5434570 0.3024536 
1 597 37123.1328125 4681.6777344 0.3023931 
1 598 36240.0390625 6026.8027344 0.0167143 
1 598 36240.0390625 6026.8027344 0.0167143 
