1 2 17287.0156250 4951.4042969 0.1801002 
1 3 17288.0078125 4951.0258789 0.1800715 
1 4 17288.8515625 4950.6240234 0.1801018 
1 5 17289.9296875 4950.3818359 0.1800734 
1 6 17291.2363281 4949.9472656 0.1800746 
1 7 17292.1093750 4949.6420898 0.1800974 
1 8 17293.0488281 4949.0361328 0.1800853 
1 9 17294.0878906 4948.5903320 0.1801061 
1 10 17295.4902344 4948.2856445 0.1800790 
1 11 17296.6640625 4947.9580078 0.1800883 
1 12 17297.8515625 4947.4091797 0.1800712 
1 13 17299.3750000 4946.7851562 0.1800673 
1 14 17300.9921875 4945.9746094 0.1800547 
1 15 17302.6093750 4945.0766602 0.1800301 
1 16 17304.8164062 4944.0449219 0.1800120 
1 17 17306.7089844 4942.7714844 0.1800604 
1 18 17308.8632812 4942.1318359 0.1800695 
1 19 17308.8632812 4942.1318359 0.1800695 
1 20 17311.3437500 4941.1127930 0.1800345 
1 21 17313.8125000 4939.3061523 0.1800380 
1 22 17316.2382812 4937.5961914 0.1800419 
1 23 17318.9257812 4936.0014648 0.1800861 
1 24 17321.4257812 4934.3315430 0.1800789 
1 25 17323.9277344 4932.4711914 0.1800584 
1 26 17326.5859375 4930.1259766 0.1800458 
1 27 17329.1699219 4928.3720703 0.1800915 
1 28 17331.8183594 4927.0156250 0.1801136 
1 29 17334.9628906 4925.7016602 0.1800928 
1 30 17338.2031250 4924.6318359 0.1801191 
1 31 17341.7558594 4923.4785156 0.1800922 
1 32 17345.5566406 4922.0659180 0.1800793 
1 33 17349.0332031 4920.0771484 0.1800869 
1 34 17352.8671875 4918.7763672 0.1800984 
1 35 17357.2832031 4917.2343750 0.1800678 
1 36 17361.3828125 4915.6904297 0.1800916 
1 37 17365.7851562 4914.3754883 0.1800815 
1 38 17370.2617188 4912.7285156 0.1800873 
1 39 17374.8339844 4910.9155273 0.1800798 
1 40 17379.5078125 4909.0063477 0.1800622 
1 41 17384.1699219 4906.7988281 0.1800667 
1 42 17388.8730469 4904.8159180 0.1800628 
1 43 17393.6933594 4902.7573242 0.1800454 
1 44 17393.6933594 4902.7573242 0.1800454 
1 45 17398.2421875 4900.0073242 0.1800307 
1 46 17402.3945312 4897.0654297 0.1800567 
1 47 17406.6054688 4894.8413086 0.1800618 
1 48 17410.8828125 4892.4638672 0.1800630 
1 49 17415.6289062 4890.1225586 0.1800283 
1 50 17420.5058594 4887.4331055 0.1800255 
1 51 17425.4726562 4884.0781250 0.1800000 
1 52 17430.1152344 4880.7519531 0.1800584 
1 53 17434.7050781 4878.4951172 0.1800842 
1 54 17439.1582031 4876.3076172 0.1801221 
1 55 17442.7128906 4874.5034180 0.1801552 
1 56 17446.8144531 4872.7036133 0.1801339 
1 57 17450.4277344 4870.6914062 0.1801281 
1 58 17454.2910156 4867.9760742 0.1800975 
1 59 17457.9238281 4865.7573242 0.1801724 
1 60 17461.9980469 4864.1660156 0.1801543 
1 61 17466.0136719 4862.0063477 0.1801435 
1 62 17469.8320312 4859.7431641 0.1801406 
1 63 17474.1269531 4857.0000000 0.1801027 
1 64 17478.4511719 4853.8076172 0.1801204 
1 65 17482.5605469 4850.8696289 0.1801351 
1 66 17486.8906250 4847.9335938 0.1801278 
1 67 17491.2226562 4844.8823242 0.1801179 
1 68 17495.4902344 4842.1074219 0.1801551 
1 69 17495.4902344 4842.1074219 0.1801551 
1 70 17499.4941406 4839.6987305 0.1801862 
1 71 17503.2031250 4837.0244141 0.1801552 
1 72 17506.1738281 4834.4916992 0.1802167 
1 73 17509.5468750 4832.4853516 0.1802130 
1 74 17513.3964844 4830.2480469 0.1802204 
1 75 17516.9121094 4827.9291992 0.1802056 
1 76 17521.1289062 4825.0214844 0.1801323 
1 77 17525.1777344 4820.8339844 0.1800879 
1 78 17529.4882812 4816.2832031 0.1801250 
1 79 17533.7910156 4812.1777344 0.1801676 
1 80 17538.1660156 4808.7343750 0.1802062 
1 81 17542.4492188 4805.7314453 0.1802270 
1 82 17546.3417969 4802.9941406 0.1802438 
1 83 17550.2324219 4799.9677734 0.1802237 
1 84 17553.9667969 4796.7065430 0.1802599 
1 85 17557.9707031 4793.9990234 0.1802733 
1 86 17562.3417969 4791.2578125 0.1802644 
1 87 17566.7675781 4788.3037109 0.1802534 
1 88 17571.5371094 4784.9238281 0.1802309 
1 89 17576.3984375 4780.6328125 0.1802071 
1 90 17581.2675781 4776.3457031 0.1802326 
1 91 17586.5136719 4772.1782227 0.1802374 
1 92 17591.5644531 4767.9746094 0.1802797 
1 93 17596.8632812 4764.4003906 0.1803026 
1 94 17596.8632812 4764.4003906 0.1803026 
1 95 17602.2636719 4760.5268555 0.1802872 
1 96 17607.4648438 4756.2885742 0.1803237 
1 97 17612.2148438 4752.3066406 0.1803609 
1 98 17616.8105469 4748.4555664 0.1803758 
1 99 17621.7929688 4745.2675781 0.1804067 
1 100 17626.8339844 4742.4238281 0.1804361 
1 101 17631.8066406 4739.5561523 0.1804053 
1 102 17636.3105469 4736.1347656 0.1804254 
1 103 17640.9433594 4732.7529297 0.1804505 
1 104 17645.5097656 4729.9350586 0.1804912 
1 105 17650.1250000 4727.6274414 0.1805213 
1 106 17655.2519531 4725.3535156 0.1804683 
1 107 17660.8125000 4722.7729492 0.1804463 
1 108 17666.8046875 4719.9125977 0.1804226 
1 109 17672.5722656 4716.5693359 0.1804270 
1 110 17678.0253906 4713.3896484 0.1805007 
1 111 17683.4199219 4711.0063477 0.1805145 
1 112 17688.6425781 4708.4057617 0.1805168 
1 113 17693.9550781 4706.0004883 0.1805649 
1 114 17698.8046875 4703.1113281 0.1805416 
1 115 17703.7421875 4700.3886719 0.1805563 
1 116 17708.9921875 4697.0039062 0.1805120 
1 117 17714.1191406 4693.0917969 0.1805377 
1 118 17718.7968750 4689.9731445 0.1805887 
1 119 17718.7968750 4689.9731445 0.1805887 
1 120 17723.5683594 4687.1245117 0.1805825 
1 121 17727.9140625 4684.1958008 0.1805935 
1 122 17732.2871094 4681.3027344 0.1806156 
1 123 17736.1796875 4678.3798828 0.1806487 
1 124 17740.0273438 4676.0058594 0.1806610 
1 125 17744.0976562 4673.2988281 0.1806504 
1 126 17748.4296875 4670.7490234 0.1806605 
1 127 17753.0488281 4667.5532227 0.1806241 
1 128 17757.9511719 4663.9873047 0.1806265 
1 129 17762.5195312 4660.3583984 0.1806700 
1 130 17767.0410156 4657.4794922 0.1807203 
1 131 17771.4199219 4654.8725586 0.1807226 
1 132 17776.0703125 4652.2275391 0.1807263 
1 133 17780.8457031 4649.5869141 0.1807207 
1 134 17785.5585938 4646.6704102 0.1807128 
1 135 17789.9785156 4643.6113281 0.1807343 
1 136 17794.1523438 4641.2622070 0.1807889 
1 137 17798.6152344 4639.1655273 0.1807508 
1 138 17803.4667969 4636.7705078 0.1807304 
1 139 17808.0507812 4634.1059570 0.1807203 
1 140 17812.6738281 4630.7954102 0.1807101 
1 141 17817.4101562 4627.7495117 0.1807360 
1 142 17822.2070312 4624.7890625 0.1807448 
1 143 17826.9199219 4621.6494141 0.1807311 
1 144 17826.9199219 4621.6494141 0.1807311 
1 145 17831.3593750 4618.7763672 0.1807562 
1 146 17836.0507812 4615.7705078 0.1807646 
1 147 17840.9804688 4612.4565430 0.1807540 
1 148 17845.5234375 4608.8945312 0.1807756 
1 149 17849.7382812 4605.8476562 0.1808027 
1 150 17854.2031250 4602.7163086 0.1807919 
1 151 17858.6289062 4599.1708984 0.1808012 
1 152 17862.6933594 4595.5131836 0.1808317 
1 153 17867.0761719 4591.6713867 0.1808007 
1 154 17871.6757812 4587.4916992 0.1808053 
1 155 17876.3828125 4583.4160156 0.1808081 
1 156 17880.3515625 4579.3369141 0.1808398 
1 157 17884.2851562 4576.1855469 0.1808824 
1 158 17888.2988281 4573.5146484 0.1809109 
1 159 17892.2363281 4571.2094727 0.1808974 
1 160 17896.0332031 4568.5605469 0.1809072 
1 161 17900.0878906 4565.7431641 0.1809108 
1 162 17904.6835938 4562.6826172 0.1809058 
1 163 17909.4667969 4559.6420898 0.1809119 
1 164 17914.3437500 4556.6040039 0.1809099 
1 165 17919.5195312 4553.0781250 0.1808919 
1 166 17924.4589844 4549.1015625 0.1808859 
1 167 17929.8378906 4545.3017578 0.1808937 
1 168 17934.7675781 4541.1328125 0.1808690 
1 169 17934.7675781 4541.1328125 0.1808690 
1 170 17939.1347656 4536.9091797 0.1809440 
1 171 17944.5781250 4533.0810547 0.1808947 
1 172 17949.7363281 4528.0815430 0.1808763 
1 173 17954.7246094 4523.1899414 0.1809077 
1 174 17959.8222656 4518.2890625 0.1809108 
1 175 17964.9648438 4513.5878906 0.1809284 
1 176 17970.2109375 4509.3486328 0.1809062 
1 177 17975.7871094 4504.5024414 0.1808917 
1 178 17980.7734375 4499.0400391 0.1808897 
1 179 17985.6757812 4493.9506836 0.1809433 
1 180 17990.7890625 4489.2832031 0.1809523 
1 181 17995.8496094 4485.0312500 0.1809988 
1 182 18001.3632812 4481.7094727 0.1810412 
1 183 18007.3867188 4478.1694336 0.1810302 
1 184 18013.2304688 4474.8476562 0.1810595 
1 185 18018.8437500 4471.5097656 0.1810923 
1 186 18024.4902344 4468.3515625 0.1811340 
1 187 18030.8027344 4465.5302734 0.1811451 
1 188 18036.6523438 4462.8745117 0.1811909 
1 189 18041.2363281 4460.1479492 0.1811901 
1 190 18045.5839844 4457.5122070 0.1812831 
1 191 18050.4609375 4454.7900391 0.1812823 
1 192 18055.6640625 4452.4296875 0.1813334 
1 193 18061.2617188 4450.0537109 0.1812912 
1 194 18061.2617188 4450.0537109 0.1812912 
1 195 18066.5214844 4447.5693359 0.1813391 
1 196 18071.8925781 4445.2763672 0.1812852 
1 197 18076.6445312 4442.0830078 0.1813280 
1 198 18081.5410156 4438.9106445 0.1813358 
1 199 18086.4921875 4435.8730469 0.1813957 
1 200 18091.9902344 4433.0117188 0.1814242 
1 201 18097.9140625 4429.9443359 0.1814270 
1 202 18103.9375000 4426.4521484 0.1814395 
1 203 18109.3320312 4422.9384766 0.1815255 
1 204 18114.4667969 4419.9174805 0.1815395 
1 205 18119.5175781 4416.7338867 0.1815487 
1 206 18123.9101562 4413.6269531 0.1816049 
1 207 18128.7363281 4410.9902344 0.1816639 
1 208 18134.3554688 4408.4790039 0.1816458 
1 209 18139.9687500 4405.8574219 0.1816668 
1 210 18145.7558594 4403.2094727 0.1816984 
1 211 18151.6445312 4401.0478516 0.1816879 
1 212 18157.4648438 4398.6840820 0.1816902 
1 213 18163.6777344 4396.1396484 0.1816729 
1 214 18169.5371094 4393.2998047 0.1816752 
1 215 18174.9257812 4390.4521484 0.1817059 
1 216 18180.5566406 4388.0927734 0.1817007 
1 217 18186.3203125 4385.7646484 0.1816972 
1 218 18192.0253906 4383.4414062 0.1816673 
1 219 18192.0253906 4383.4414062 0.1816673 
1 220 18197.3750000 4380.8520508 0.1816485 
1 221 18202.5800781 4378.5317383 0.1816202 
1 222 18207.6972656 4375.8896484 0.1816376 
1 223 18212.8535156 4373.1904297 0.1816561 
1 224 18218.0664062 4370.9824219 0.1816615 
1 225 18222.8437500 4368.5810547 0.1816552 
1 226 18227.7910156 4366.1147461 0.1816099 
1 227 18232.7480469 4363.1962891 0.1815891 
1 228 18237.6445312 4360.0659180 0.1815734 
1 229 18242.0566406 4357.2163086 0.1815776 
1 230 18246.0273438 4354.9448242 0.1815758 
1 231 18249.8808594 4352.4687500 0.1815822 
1 232 18253.9882812 4350.0512695 0.1815450 
1 233 18258.0292969 4347.2421875 0.1815396 
1 234 18262.3945312 4344.2021484 0.1814217 
1 235 18266.0585938 4340.4682617 0.1814533 
1 236 18269.5527344 4337.4257812 0.1815383 
1 237 18273.8339844 4334.9262695 0.1814753 
1 238 18278.0742188 4332.2919922 0.1814535 
1 239 18282.2500000 4329.4658203 0.1814325 
1 240 18286.5800781 4326.4287109 0.1813758 
1 241 18290.5703125 4323.6723633 0.1814445 
1 242 18294.5000000 4321.3789062 0.1814702 
1 243 18298.9550781 4319.4326172 0.1813721 
1 244 18298.9550781 4319.4326172 0.1813721 
1 245 18303.0214844 4317.2700195 0.1814014 
1 246 18307.4589844 4315.6821289 0.1814221 
1 247 18311.3828125 4313.9384766 0.1814427 
1 248 18315.0800781 4312.6074219 0.1814422 
1 249 18319.0390625 4311.4179688 0.1814341 
1 250 18323.1992188 4310.2778320 0.1813217 
1 251 18327.1289062 4308.6245117 0.1813463 
1 252 18331.2285156 4306.3710938 0.1813514 
1 253 18335.0644531 4304.0888672 0.1814018 
1 254 18338.8574219 4301.6313477 0.1814265 
1 255 18342.7578125 4298.9448242 0.1814027 
1 256 18346.4296875 4296.0966797 0.1814119 
1 257 18349.5976562 4293.3076172 0.1814877 
1 258 18352.7578125 4290.8989258 0.1814827 
1 259 18355.6523438 4287.9013672 0.1815281 
1 260 18358.1679688 4285.1601562 0.1816199 
1 261 18360.9765625 4282.7324219 0.1816051 
1 262 18363.9375000 4280.5039062 0.1816145 
1 263 18367.3535156 4278.1035156 0.1815730 
1 264 18370.1367188 4275.6162109 0.1816145 
1 265 18372.7460938 4273.3833008 0.1816745 
1 266 18375.6367188 4271.6376953 0.1817015 
1 267 18378.3339844 4269.7109375 0.1817069 
1 268 18381.3300781 4267.7539062 0.1817511 
1 269 18381.3300781 4267.7539062 0.1817511 
1 270 18384.5527344 4265.6894531 0.1817705 
1 271 18387.5332031 4263.8110352 0.1818176 
1 272 18390.2109375 4261.8105469 0.1818703 
1 273 18392.5839844 4259.8989258 0.1819488 
1 274 18395.2812500 4258.3139648 0.1820076 
1 275 18397.7519531 4256.3422852 0.1820513 
1 276 18400.3320312 4254.1782227 0.1820802 
1 277 18402.2617188 4251.5986328 0.1821781 
1 278 18404.0937500 4249.8198242 0.1822589 
1 279 18406.0429688 4248.3305664 0.1822848 
1 280 18407.7539062 4246.7241211 0.1823256 
1 281 18409.4550781 4245.3266602 0.1823791 
1 282 18411.4863281 4243.5737305 0.1824551 
1 283 18413.4023438 4242.2094727 0.1825287 
1 284 18415.5234375 4241.1743164 0.1826054 
1 285 18417.3789062 4240.0717773 0.1826599 
1 286 18418.9355469 4239.1152344 0.1827509 
1 287 18420.5878906 4238.2597656 0.1828081 
1 288 18422.4238281 4237.3984375 0.1828355 
1 289 18424.5136719 4236.9057617 0.1828459 
1 290 18426.1621094 4235.9863281 0.1828960 
1 291 18428.0371094 4235.3222656 0.1829133 
1 292 18429.4882812 4234.6372070 0.1829758 
1 293 18430.9531250 4234.5546875 0.1829575 
1 294 18430.9531250 4234.5546875 0.1829575 
1 295 18432.0390625 4234.2338867 0.1829587 
1 296 18433.2968750 4233.6748047 0.1830099 
1 297 18434.1835938 4233.2207031 0.1830831 
1 298 18435.1074219 4233.0375977 0.1831261 
1 299 18436.3222656 4232.9526367 0.1830805 
1 300 18437.6777344 4232.7939453 0.1830904 
1 301 18438.7226562 4232.5136719 0.1830867 
1 302 18439.6855469 4231.9951172 0.1831242 
1 303 18440.4179688 4231.7397461 0.1831568 
1 304 18441.0585938 4231.5229492 0.1832012 
1 305 18441.6777344 4231.3164062 0.1832338 
1 306 18442.0312500 4231.3632812 0.1832280 
1 307 18442.2929688 4231.3383789 0.1832884 
1 308 18442.7968750 4231.1752930 0.1833264 
1 309 18443.1484375 4230.8154297 0.1833861 
1 310 18443.4687500 4231.1625977 0.1833679 
1 311 18443.6738281 4231.1323242 0.1834042 
1 312 18444.1289062 4230.9404297 0.1834292 
1 313 18444.5957031 4230.8891602 0.1834864 
1 314 18444.5390625 4230.7509766 0.1835047 
1 315 18444.5859375 4230.6538086 0.1835225 
1 316 18444.7636719 4230.6132812 0.1835447 
1 317 18445.0078125 4230.6196289 0.1835139 
1 318 18445.1289062 4230.6777344 0.1835344 
1 319 18445.1718750 4230.7675781 0.1835144 
1 320 18445.1777344 4230.7856445 0.1835085 
1 321 18445.0000000 4230.7392578 0.1835206 
1 322 18444.7246094 4230.5131836 0.1835735 
1 323 18444.4238281 4230.5117188 0.1835972 
1 324 18444.6660156 4230.8857422 0.1835395 
1 325 18444.5234375 4230.6748047 0.1835811 
1 326 18444.4296875 4230.4301758 0.1836276 
1 327 18444.0449219 4230.1396484 0.1836662 
1 328 18443.8125000 4230.0620117 0.1837010 
1 329 18443.5429688 4229.6440430 0.1837605 
1 330 18443.5429688 4229.5380859 0.1838057 
1 331 18443.4335938 4229.4389648 0.1838225 
1 332 18443.7792969 4229.2783203 0.1838612 
1 333 18443.4824219 4228.6757812 0.1839355 
1 334 18443.6445312 4229.0649414 0.1838895 
1 335 18443.5468750 4229.3876953 0.1838005 
1 336 18443.0781250 4229.2138672 0.1838361 
1 337 18443.3378906 4229.1259766 0.1838347 
1 338 18443.1953125 4228.7182617 0.1838595 
1 339 18442.8085938 4228.4589844 0.1838772 
1 340 18443.0371094 4228.5942383 0.1838723 
1 341 18442.9531250 4228.5629883 0.1838518 
1 342 18443.0019531 4228.4228516 0.1838843 
1 343 18443.0351562 4228.4042969 0.1838860 
1 344 18443.0351562 4228.4042969 0.1838860 
1 345 18442.9550781 4228.3198242 0.1838977 
1 346 18442.9667969 4228.2338867 0.1839304 
1 347 18442.9511719 4228.1704102 0.1839238 
1 348 18442.7910156 4228.3676758 0.1839094 
1 349 18442.7109375 4229.0507812 0.1838353 
1 350 18442.9160156 4229.0556641 0.1838363 
1 351 18442.9062500 4229.0356445 0.1838307 
1 352 18442.9921875 4229.0341797 0.1838358 
1 353 18442.7421875 4228.9350586 0.1838417 
1 354 18442.6250000 4229.3281250 0.1838382 
1 355 18442.3125000 4229.0073242 0.1838443 
1 356 18442.5820312 4229.1855469 0.1838454 
1 357 18442.4589844 4228.9750977 0.1838367 
1 358 18442.6328125 4228.8779297 0.1838362 
1 359 18442.3867188 4228.5566406 0.1838607 
1 360 18442.6367188 4228.6088867 0.1838639 
1 361 18442.1250000 4228.9252930 0.1839220 
1 362 18441.1367188 4229.7319336 0.1841428 
1 363 18440.5859375 4229.3989258 0.1846379 
1 364 18435.8554688 4227.3505859 0.1858329 
1 365 18427.1015625 4222.0112305 0.1881516 
1 366 18417.6191406 4215.5356445 0.1912006 
1 367 18404.8144531 4208.0102539 0.1952029 
1 368 18390.8828125 4199.4624023 0.2002388 
1 369 18390.8828125 4199.4624023 0.2002388 
1 370 18372.3085938 4189.7631836 0.2062143 
1 371 18344.1445312 4173.3632812 0.2153878 
1 372 18305.4003906 4153.8984375 0.2277733 
1 373 18250.4179688 4125.0703125 0.2442145 
1 374 18183.8886719 4092.3798828 0.2635625 
1 375 18111.1562500 4053.3474121 0.2863646 
1 376 18051.9492188 4017.2875977 0.3053927 
1 377 17986.0117188 3979.4047852 0.3264951 
1 378 17930.6289062 3943.2822266 0.3443421 
1 379 17872.4609375 3906.6418457 0.3646828 
1 380 17790.0859375 3867.1611328 0.3872064 
1 381 17726.9121094 3824.9760742 0.4097708 
1 382 17635.2539062 3775.4677734 0.4361145 
1 383 17566.0625000 3735.2514648 0.4588969 
1 384 17469.3300781 3683.2514648 0.4877228 
1 385 17384.1953125 3635.7922363 0.5151967 
1 386 17287.4316406 3585.9667969 0.5431620 
1 387 17204.2246094 3543.2949219 0.5683032 
1 388 17132.8750000 3507.7517090 0.5896388 
1 389 17049.2324219 3463.5761719 0.6146889 
1 390 16953.0429688 3410.6464844 0.6433064 
1 391 16882.2539062 3371.8188477 0.6642318 
1 392 16811.3320312 3334.8083496 0.6853915 
1 393 16754.5292969 3305.4797363 0.7040369 
1 394 16754.5664062 3305.4868164 0.7040275 
1 395 16690.9453125 3272.2387695 0.7240995 
1 396 16621.8867188 3238.7065430 0.7429224 
1 397 16550.2265625 3199.6650391 0.7659472 
1 398 16517.9882812 3180.2663574 0.7764919 
1 399 16515.6113281 3181.1347656 0.7766954 
1 400 16513.7949219 3182.5158691 0.7766931 
1 401 16512.0351562 3184.3320312 0.7767829 
1 402 16510.5937500 3186.4311523 0.7767899 
1 403 16508.7246094 3187.7045898 0.7768354 
1 404 16507.0644531 3188.8391113 0.7768441 
1 405 16504.9335938 3189.4536133 0.7768620 
1 406 16503.0351562 3190.5532227 0.7768765 
1 407 16501.3183594 3191.2548828 0.7768702 
1 408 16499.5078125 3191.4667969 0.7769314 
1 409 16498.6054688 3191.8447266 0.7769519 
1 410 16497.6464844 3192.1423340 0.7769735 
1 411 16497.0644531 3192.7854004 0.7769245 
1 412 16496.5351562 3193.1838379 0.7769207 
1 413 16496.1699219 3193.2661133 0.7769373 
1 414 16496.1347656 3193.7573242 0.7769430 
1 415 16496.0117188 3193.6877441 0.7769514 
1 416 16495.8183594 3193.9384766 0.7769585 
1 417 16495.6093750 3193.9726562 0.7769637 
1 418 16496.2148438 3194.1328125 0.7769066 
1 419 16496.2167969 3194.1191406 0.7769021 
1 420 16496.0996094 3193.6269531 0.7768862 
1 421 16496.5117188 3194.0434570 0.7768357 
1 422 16496.2343750 3193.9482422 0.7768186 
1 423 16496.2910156 3193.9082031 0.7768407 
1 424 16496.2070312 3193.9392090 0.7768256 
1 425 16496.0078125 3193.9733887 0.7768428 
1 426 16496.2343750 3194.0996094 0.7768198 
1 427 16496.4570312 3193.9614258 0.7767858 
1 428 16496.6093750 3194.0834961 0.7767558 
1 429 16496.6816406 3194.0751953 0.7767491 
1 430 16496.6777344 3194.0869141 0.7767470 
1 431 16496.7050781 3194.0302734 0.7767336 
1 432 16497.0429688 3194.0356445 0.7767133 
1 433 16497.0742188 3193.9550781 0.7766942 
1 434 16497.0781250 3193.9384766 0.7767268 
1 435 16497.0292969 3193.8666992 0.7767065 
1 436 16496.7148438 3193.9245605 0.7767487 
1 437 16496.6777344 3193.9130859 0.7767386 
1 438 16496.9765625 3193.8156738 0.7767456 
1 439 16496.9550781 3193.4458008 0.7767034 
1 440 16496.7675781 3193.4614258 0.7767454 
1 441 16496.7089844 3193.4692383 0.7767365 
1 442 16496.7031250 3193.3769531 0.7767533 
1 443 16496.9472656 3193.4768066 0.7767437 
1 444 16496.9316406 3193.4841309 0.7767458 
1 445 16496.9453125 3193.5693359 0.7767498 
1 446 16496.9570312 3193.5659180 0.7767485 
1 447 16497.0117188 3193.5034180 0.7767361 
1 448 16496.8261719 3193.4453125 0.7767612 
1 449 16496.8339844 3193.6113281 0.7767594 
1 450 16496.3222656 3193.7121582 0.7767767 
1 451 16496.6015625 3194.1870117 0.7767439 
1 452 16496.5058594 3193.8452148 0.7767315 
1 453 16496.6542969 3193.7658691 0.7767453 
1 454 16496.5156250 3193.6767578 0.7767568 
1 455 16496.5722656 3193.6982422 0.7767480 
1 456 16496.3457031 3193.6708984 0.7767731 
1 457 16496.4062500 3193.7763672 0.7767491 
1 458 16496.2753906 3193.7270508 0.7767502 
1 459 16496.3261719 3193.7246094 0.7767501 
1 460 16496.0761719 3193.5839844 0.7767712 
1 461 16496.0722656 3193.7690430 0.7767709 
1 462 16495.9707031 3193.6635742 0.7767611 
1 463 16496.0351562 3193.5119629 0.7767650 
1 464 16495.5839844 3193.2336426 0.7767490 
1 465 16495.1875000 3193.4033203 0.7768011 
1 466 16495.0507812 3193.5102539 0.7767910 
1 467 16495.1914062 3193.5009766 0.7768025 
1 468 16495.3027344 3193.4604492 0.7767838 
1 469 16495.2421875 3193.3615723 0.7767958 
1 470 16495.0937500 3193.3190918 0.7768214 
1 471 16495.1152344 3193.4243164 0.7768099 
1 472 16494.8164062 3193.3808594 0.7768065 
1 473 16494.3515625 3193.3125000 0.7768305 
1 474 16494.0078125 3193.3476562 0.7768293 
1 475 16493.6445312 3193.3767090 0.7768526 
1 476 16493.7578125 3193.3835449 0.7768312 
1 477 16493.2421875 3193.0229492 0.7768614 
1 478 16493.3710938 3193.1850586 0.7768595 
1 479 16493.1601562 3193.1223145 0.7768763 
1 480 16493.3964844 3193.1801758 0.7768645 
1 481 16493.6035156 3193.2368164 0.7768490 
1 482 16493.6015625 3193.2702637 0.7768531 
1 483 16493.4628906 3193.2678223 0.7768587 
1 484 16493.3417969 3193.2954102 0.7768532 
1 485 16493.1367188 3193.3281250 0.7768729 
1 486 16493.2050781 3193.3745117 0.7768775 
1 487 16493.1796875 3193.3056641 0.7768844 
1 488 16493.6562500 3193.2856445 0.7768592 
1 489 16493.4941406 3192.9848633 0.7768725 
1 490 16493.4824219 3193.2082520 0.7768726 
1 491 16493.2285156 3193.2270508 0.7768687 
1 492 16493.2070312 3193.2006836 0.7768888 
1 493 16493.1562500 3193.1464844 0.7768800 
1 494 16493.1562500 3193.1464844 0.7768800 
1 495 16493.2382812 3193.2568359 0.7768926 
1 496 16493.3144531 3193.2548828 0.7768763 
1 497 16493.4648438 3193.0952148 0.7768708 
1 498 16493.2519531 3193.0224609 0.7768866 
1 499 16493.2695312 3193.2817383 0.7768752 
1 500 16493.1601562 3193.0969238 0.7768666 
1 501 16493.6308594 3193.0395508 0.7768660 
1 502 16493.4707031 3192.7355957 0.7768555 
1 503 16493.4746094 3192.8820801 0.7768926 
1 504 16493.3710938 3192.8732910 0.7768887 
1 505 16493.5136719 3192.9130859 0.7768883 
1 506 16493.5292969 3192.8586426 0.7768824 
1 507 16493.5175781 3192.9565430 0.7768863 
1 508 16493.4179688 3193.0156250 0.7768790 
1 509 16493.3164062 3193.0344238 0.7768888 
1 510 16493.2773438 3193.1875000 0.7768922 
1 511 16493.1582031 3193.3134766 0.7768829 
1 512 16493.2597656 3193.2614746 0.7768828 
1 513 16493.2578125 3193.1816406 0.7768914 
1 514 16493.4414062 3193.1831055 0.7768691 
1 515 16493.3378906 3193.1562500 0.7768869 
1 516 16493.3574219 3193.0683594 0.7768849 
1 517 16493.3359375 3193.0673828 0.7768965 
1 518 16493.2480469 3193.1213379 0.7768742 
1 519 16493.2480469 3193.1213379 0.7768742 
1 520 16492.7988281 3193.1464844 0.7769077 
1 521 16492.9550781 3193.0463867 0.7768903 
1 522 16492.9140625 3192.8676758 0.7769018 
1 523 16493.0957031 3192.9584961 0.7768999 
1 524 16493.1875000 3192.9638672 0.7769020 
1 525 16493.4609375 3192.9758301 0.7768854 
1 526 16493.5722656 3193.0102539 0.7768763 
1 527 16493.6484375 3193.0871582 0.7768521 
1 528 16493.3964844 3192.9526367 0.7768801 
1 529 16493.3437500 3192.9797363 0.7768888 
1 530 16493.4140625 3193.0415039 0.7768765 
1 531 16493.1210938 3192.9570312 0.7768835 
1 532 16492.7578125 3193.1079102 0.7769172 
1 533 16492.7363281 3193.1542969 0.7769035 
1 534 16492.8984375 3193.0556641 0.7768781 
1 535 16492.7324219 3192.8554688 0.7769109 
1 536 16492.7773438 3192.9716797 0.7768952 
1 537 16492.7128906 3192.9902344 0.7768952 
1 538 16492.9492188 3193.1040039 0.7768722 
1 539 16492.8046875 3192.9091797 0.7768722 
1 540 16492.7968750 3192.8542480 0.7768611 
1 541 16492.3046875 3192.7416992 0.7769025 
1 542 16492.2871094 3192.7802734 0.7768889 
1 543 16492.1210938 3192.7648926 0.7768973 
1 544 16492.1210938 3192.7648926 0.7768973 
1 545 16492.0976562 3192.7209473 0.7768873 
1 546 16491.8398438 3192.6171875 0.7768925 
1 547 16491.7578125 3192.5341797 0.7768897 
1 548 16491.5410156 3192.2983398 0.7769062 
1 549 16491.2675781 3192.2905273 0.7769275 
1 550 16491.0039062 3192.3449707 0.7769232 
1 551 16490.9101562 3192.4165039 0.7769124 
1 552 16490.8750000 3192.3662109 0.7769250 
1 553 16490.7265625 3192.1921387 0.7769099 
1 554 16490.4101562 3192.3095703 0.7769241 
1 555 16490.1191406 3192.2851562 0.7769341 
1 556 16490.0449219 3192.2685547 0.7769356 
1 557 16490.0859375 3192.2604980 0.7769269 
1 558 16489.9160156 3192.2707520 0.7769412 
1 559 16489.9140625 3192.3559570 0.7769173 
1 560 16489.8027344 3192.3044434 0.7769279 
1 561 16489.8828125 3192.2685547 0.7769408 
1 562 16489.8515625 3192.3242188 0.7769284 
1 563 16489.8320312 3192.3828125 0.7769498 
1 564 16490.2636719 3192.3999023 0.7769189 
1 565 16489.9687500 3192.2197266 0.7769343 
1 566 16489.9589844 3192.2985840 0.7769319 
1 567 16489.8261719 3192.2856445 0.7769291 
1 568 16489.7421875 3192.1992188 0.7769470 
1 569 16489.7421875 3192.1992188 0.7769470 
1 570 16489.8691406 3192.1801758 0.7769321 
1 571 16489.9648438 3192.1789551 0.7769318 
1 572 16489.8457031 3192.2727051 0.7769352 
1 573 16489.8359375 3192.2766113 0.7769359 
1 574 16489.9042969 3192.0742188 0.7769285 
1 574 16489.9042969 3192.0742188 0.7769285 
