1 2 23025.8359375 6390.3642578 0.2001114 
1 3 23026.8339844 6389.8857422 0.2000795 
1 4 23027.8808594 6389.5000000 0.2001131 
1 5 23028.9746094 6389.1748047 0.2000816 
1 6 23030.4316406 6388.6943359 0.2000829 
1 7 23031.4824219 6388.4008789 0.2001082 
1 8 23032.4824219 6387.7041016 0.2000948 
1 9 23033.7109375 6387.2504883 0.2001179 
1 10 23035.1738281 6386.8579102 0.2000878 
1 11 23036.5078125 6386.5117188 0.2000981 
1 12 23037.7656250 6385.8681641 0.2000791 
1 13 23039.4453125 6385.1665039 0.2000748 
1 14 23041.1953125 6384.2407227 0.2000608 
1 15 23042.9082031 6383.1933594 0.2000335 
1 16 23045.2949219 6382.0107422 0.2000134 
1 17 23047.5703125 6380.6923828 0.2000671 
1 18 23049.9960938 6380.0000000 0.2000773 
1 19 23049.9960938 6380.0000000 0.2000773 
1 20 23052.6269531 6378.7988281 0.2000384 
1 21 23055.3808594 6376.7988281 0.2000423 
1 22 23058.0898438 6374.9067383 0.2000466 
1 23 23061.2324219 6373.2226562 0.2000957 
1 24 23063.9863281 6371.3530273 0.2000876 
1 25 23066.6953125 6369.2441406 0.2000649 
1 26 23069.6054688 6366.6137695 0.2000509 
1 27 23072.6367188 6364.7558594 0.2001017 
1 28 23075.6601562 6363.2929688 0.2001263 
1 29 23079.0781250 6361.7915039 0.2001031 
1 30 23082.7734375 6360.6552734 0.2001323 
1 31 23086.6250000 6359.3208008 0.2001025 
1 32 23090.8007812 6357.7250977 0.2000881 
1 33 23094.6914062 6355.5312500 0.2000965 
1 34 23098.9921875 6354.1088867 0.2001093 
1 35 23103.7910156 6352.3344727 0.2000754 
1 36 23108.4335938 6350.6669922 0.2001017 
1 37 23113.2890625 6349.1855469 0.2000906 
1 38 23118.2832031 6347.3671875 0.2000970 
1 39 23123.3378906 6345.3378906 0.2000887 
1 40 23128.4667969 6343.1816406 0.2000691 
1 41 23133.6640625 6340.7382812 0.2000742 
1 42 23138.8769531 6338.5273438 0.2000697 
1 43 23144.1718750 6336.2055664 0.2000505 
1 44 23144.1718750 6336.2055664 0.2000505 
1 45 23149.1718750 6333.1206055 0.2000341 
1 46 23153.8789062 6329.9042969 0.2000630 
1 47 23158.5781250 6327.4423828 0.2000686 
1 48 23163.3359375 6324.8027344 0.2000701 
1 49 23168.4863281 6322.1328125 0.2000315 
1 50 23173.8906250 6319.1386719 0.2000283 
1 51 23179.3203125 6315.3593750 0.2000000 
1 52 23184.6875000 6311.7812500 0.2000650 
1 53 23189.8789062 6309.3251953 0.2000936 
1 54 23194.9609375 6306.9707031 0.2001357 
1 55 23199.0273438 6305.0322266 0.2001725 
1 56 23203.5117188 6302.9902344 0.2001488 
1 57 23207.5078125 6300.7426758 0.2001423 
1 58 23211.6894531 6297.6650391 0.2001084 
1 59 23215.9921875 6295.3496094 0.2001916 
1 60 23220.4531250 6293.5449219 0.2001715 
1 61 23224.8750000 6291.1240234 0.2001594 
1 62 23229.1093750 6288.6035156 0.2001562 
1 63 23233.7480469 6285.4794922 0.2001141 
1 64 23238.6152344 6281.9682617 0.2001338 
1 65 23243.2324219 6278.7333984 0.2001501 
1 66 23248.0175781 6275.4565430 0.2001421 
1 67 23252.7949219 6272.0458984 0.2001310 
1 68 23257.6718750 6269.0375977 0.2001723 
1 69 23257.6718750 6269.0375977 0.2001723 
1 70 23262.2285156 6266.4233398 0.2002069 
1 71 23266.2402344 6263.3896484 0.2001725 
1 72 23269.7617188 6260.6987305 0.2002409 
1 73 23273.4960938 6258.4619141 0.2002367 
1 74 23277.8007812 6255.9907227 0.2002449 
1 75 23281.6523438 6253.3842773 0.2002285 
1 76 23286.0761719 6250.0073242 0.2001471 
1 77 23290.4140625 6245.2656250 0.2000977 
1 78 23295.3359375 6240.2832031 0.2001389 
1 79 23300.2714844 6235.8066406 0.2001862 
1 80 23305.2714844 6232.0581055 0.2002291 
1 81 23310.1015625 6228.7626953 0.2002522 
1 82 23314.4882812 6225.7548828 0.2002709 
1 83 23318.7382812 6222.3530273 0.2002486 
1 84 23323.0175781 6218.8012695 0.2002888 
1 85 23327.5117188 6215.8198242 0.2003036 
1 86 23332.3398438 6212.7563477 0.2002937 
1 87 23337.2167969 6209.4521484 0.2002816 
1 88 23342.4375000 6205.6513672 0.2002565 
1 89 23347.7519531 6200.8359375 0.2002301 
1 90 23353.2539062 6196.1235352 0.2002585 
1 91 23359.0996094 6191.5029297 0.2002638 
1 92 23364.8613281 6186.9165039 0.2003108 
1 93 23370.8281250 6182.9912109 0.2003363 
1 94 23370.8281250 6182.9912109 0.2003363 
1 95 23376.7734375 6178.6567383 0.2003191 
1 96 23382.6835938 6174.0205078 0.2003597 
1 97 23388.0937500 6169.6704102 0.2004010 
1 98 23393.2519531 6165.4208984 0.2004176 
1 99 23398.8984375 6161.9409180 0.2004519 
1 100 23404.6074219 6158.8403320 0.2004846 
1 101 23410.0214844 6155.5927734 0.2004503 
1 102 23415.0976562 6151.8310547 0.2004727 
1 103 23420.3339844 6148.1240234 0.2005005 
1 104 23425.5546875 6145.0742188 0.2005458 
1 105 23430.7890625 6142.5708008 0.2005792 
1 106 23436.2968750 6139.9375000 0.2005203 
1 107 23442.3945312 6137.0263672 0.2004959 
1 108 23448.9687500 6133.8012695 0.2004696 
1 109 23455.3925781 6130.0952148 0.2004745 
1 110 23461.7167969 6126.7094727 0.2005564 
1 111 23467.7578125 6124.0888672 0.2005716 
1 112 23473.5703125 6121.2036133 0.2005742 
1 113 23479.6464844 6118.6274414 0.2006276 
1 114 23484.9511719 6115.3706055 0.2006018 
1 115 23490.4882812 6112.3750000 0.2006182 
1 116 23496.1640625 6108.5249023 0.2005689 
1 117 23501.9511719 6104.2294922 0.2005975 
1 118 23507.3320312 6100.8666992 0.2006541 
1 119 23507.3320312 6100.8666992 0.2006541 
1 120 23512.6132812 6097.6894531 0.2006473 
1 121 23517.4804688 6094.4575195 0.2006594 
1 122 23522.4179688 6091.2871094 0.2006841 
1 123 23526.8593750 6088.1064453 0.2007208 
1 124 23531.1796875 6085.4931641 0.2007345 
1 125 23535.6640625 6082.4638672 0.2007227 
1 126 23540.5117188 6079.6513672 0.2007339 
1 127 23545.5156250 6076.0278320 0.2006935 
1 128 23550.9726562 6072.0703125 0.2006961 
1 129 23556.2031250 6068.1250000 0.2007445 
1 130 23561.4062500 6065.0268555 0.2008004 
1 131 23566.2792969 6062.1347656 0.2008029 
1 132 23571.4570312 6059.2031250 0.2008070 
1 133 23576.7460938 6056.2573242 0.2008008 
1 134 23581.9531250 6053.0004883 0.2007920 
1 135 23586.9375000 6049.6455078 0.2008159 
1 136 23591.7734375 6047.1440430 0.2008766 
1 137 23596.5937500 6044.7382812 0.2008342 
1 138 23601.9121094 6042.0356445 0.2008115 
1 139 23606.9687500 6039.0551758 0.2008004 
1 140 23612.0703125 6035.3559570 0.2007890 
1 141 23617.4238281 6032.0239258 0.2008178 
1 142 23622.7851562 6028.7519531 0.2008275 
1 143 23627.9726562 6025.2363281 0.2008124 
1 144 23627.9726562 6025.2363281 0.2008124 
1 145 23632.9921875 6022.0942383 0.2008402 
1 146 23638.2382812 6018.7705078 0.2008495 
1 147 23643.6757812 6015.0678711 0.2008378 
1 148 23648.7988281 6011.1528320 0.2008618 
1 149 23653.5781250 6007.8222656 0.2008920 
1 150 23658.5000000 6004.3212891 0.2008798 
1 151 23663.4492188 6000.4008789 0.2008902 
1 152 23668.0761719 5996.3974609 0.2009242 
1 153 23672.8339844 5992.0673828 0.2008897 
1 154 23677.9609375 5987.4321289 0.2008948 
1 155 23683.2011719 5982.9096680 0.2008979 
1 156 23687.7226562 5978.4414062 0.2009331 
1 157 23692.2460938 5975.0244141 0.2009805 
1 158 23696.8066406 5972.1137695 0.2010121 
1 159 23701.1328125 5969.5258789 0.2009971 
1 160 23705.3867188 5966.6025391 0.2010081 
1 161 23709.9023438 5963.4790039 0.2010120 
1 162 23714.9921875 5960.0688477 0.2010065 
1 163 23720.3300781 5956.7021484 0.2010132 
1 164 23725.7402344 5953.3227539 0.2010110 
1 165 23731.4257812 5949.3691406 0.2009910 
1 166 23736.8945312 5944.9384766 0.2009843 
1 167 23742.8984375 5940.7319336 0.2009930 
1 168 23748.2890625 5936.0502930 0.2009655 
1 169 23748.2890625 5936.0502930 0.2009655 
1 170 23753.4062500 5931.5078125 0.2010489 
1 171 23759.2792969 5927.1552734 0.2009941 
1 172 23764.9453125 5921.5634766 0.2009737 
1 173 23770.6035156 5916.1918945 0.2010085 
1 174 23776.2773438 5910.7524414 0.2010120 
1 175 23782.0507812 5905.5639648 0.2010316 
1 176 23787.8027344 5900.8095703 0.2010069 
1 177 23793.9472656 5895.3955078 0.2009908 
1 178 23799.4804688 5889.3222656 0.2009886 
1 179 23805.1171875 5883.7744141 0.2010482 
1 180 23810.8320312 5878.6059570 0.2010581 
1 181 23816.6210938 5873.9746094 0.2011098 
1 182 23822.8984375 5870.3686523 0.2011569 
1 183 23829.5507812 5866.4130859 0.2011446 
1 184 23836.1484375 5862.7812500 0.2011772 
1 185 23842.5019531 5859.1386719 0.2012137 
1 186 23848.9257812 5855.7124023 0.2012600 
1 187 23855.9785156 5852.6000977 0.2012724 
1 188 23862.6406250 5849.7407227 0.2013232 
1 189 23867.7343750 5846.7099609 0.2013223 
1 190 23872.8945312 5843.9672852 0.2014256 
1 191 23878.3105469 5840.9414062 0.2014248 
1 192 23884.2753906 5838.4208984 0.2014815 
1 193 23890.3437500 5835.6972656 0.2014347 
1 194 23890.3437500 5835.6972656 0.2014347 
1 195 23896.3593750 5833.0327148 0.2014879 
1 196 23902.1367188 5830.3764648 0.2014280 
1 197 23907.5664062 5826.9140625 0.2014756 
1 198 23913.0351562 5823.4042969 0.2014843 
1 199 23918.7500000 5820.1484375 0.2015508 
1 200 23924.9589844 5817.0263672 0.2015825 
1 201 23931.5507812 5813.6235352 0.2015856 
1 202 23938.2851562 5809.7685547 0.2015995 
1 203 23944.5878906 5806.0356445 0.2016950 
1 204 23950.3417969 5802.7070312 0.2017106 
1 205 23955.9882812 5799.1889648 0.2017208 
1 206 23961.0703125 5795.8486328 0.2017832 
1 207 23966.6406250 5793.0371094 0.2018488 
1 208 23972.8203125 5790.2109375 0.2018287 
1 209 23979.1308594 5787.3398438 0.2018520 
1 210 23985.6738281 5784.4609375 0.2018871 
1 211 23992.1796875 5782.0385742 0.2018755 
1 212 23998.6542969 5779.4165039 0.2018780 
1 213 24005.4960938 5776.5546875 0.2018587 
1 214 24012.0136719 5773.4033203 0.2018614 
1 215 24018.1074219 5770.3007812 0.2018955 
1 216 24024.3457031 5767.6684570 0.2018897 
1 217 24030.7382812 5765.0751953 0.2018858 
1 218 24036.9687500 5762.4340820 0.2018526 
1 219 24036.9687500 5762.4340820 0.2018526 
1 220 24042.8476562 5759.5190430 0.2018317 
1 221 24048.5273438 5756.8847656 0.2018002 
1 222 24054.2753906 5753.9838867 0.2018196 
1 223 24060.0703125 5751.0209961 0.2018401 
1 224 24065.8808594 5748.5791016 0.2018461 
1 225 24071.1640625 5745.8979492 0.2018391 
1 226 24076.5019531 5743.0673828 0.2017888 
1 227 24081.9335938 5739.7827148 0.2017656 
1 228 24087.3203125 5736.2739258 0.2017483 
1 229 24092.2363281 5733.1152344 0.2017529 
1 230 24096.6406250 5730.5878906 0.2017509 
1 231 24100.9453125 5727.8491211 0.2017580 
1 232 24105.3789062 5725.0888672 0.2017166 
1 233 24109.8476562 5721.9575195 0.2017106 
1 234 24114.2773438 5718.3437500 0.2015796 
1 235 24118.4609375 5714.2578125 0.2016148 
1 236 24122.6445312 5711.0473633 0.2017092 
1 237 24127.1777344 5708.1445312 0.2016392 
1 238 24131.8125000 5705.1733398 0.2016150 
1 239 24136.3789062 5701.9912109 0.2015917 
1 240 24140.9882812 5698.5034180 0.2015287 
1 241 24145.6640625 5695.5781250 0.2016049 
1 242 24150.1210938 5693.0815430 0.2016336 
1 243 24154.7226562 5690.7226562 0.2015246 
1 244 24154.7226562 5690.7226562 0.2015246 
1 245 24159.3437500 5688.3789062 0.2015571 
1 246 24164.3476562 5686.6552734 0.2015801 
1 247 24168.7792969 5684.7587891 0.2016030 
1 248 24172.8867188 5683.2792969 0.2016025 
1 249 24177.2558594 5681.9423828 0.2015934 
1 250 24181.4804688 5680.4501953 0.2014686 
1 251 24185.9335938 5678.6621094 0.2014959 
1 252 24190.5078125 5676.1679688 0.2015015 
1 253 24194.9492188 5673.7333984 0.2015575 
1 254 24199.2500000 5671.0522461 0.2015851 
1 255 24203.4980469 5668.0195312 0.2015585 
1 256 24207.6152344 5664.8735352 0.2015688 
1 257 24211.4023438 5661.9262695 0.2016530 
1 258 24214.8945312 5659.2402344 0.2016474 
1 259 24218.2734375 5656.0000000 0.2016979 
1 260 24221.3964844 5653.1376953 0.2017999 
1 261 24224.4648438 5650.4106445 0.2017835 
1 262 24227.7851562 5647.9536133 0.2017939 
1 263 24231.4355469 5645.2031250 0.2017478 
1 264 24234.6757812 5642.5224609 0.2017939 
1 265 24237.7890625 5640.1616211 0.2018606 
1 266 24241.0957031 5638.2763672 0.2018906 
1 267 24244.1132812 5636.1464844 0.2018965 
1 268 24247.6015625 5634.0600586 0.2019456 
1 269 24247.6015625 5634.0600586 0.2019456 
1 270 24251.2519531 5631.8046875 0.2019673 
1 271 24254.7304688 5629.8120117 0.2020195 
1 272 24257.8945312 5627.6948242 0.2020782 
1 273 24260.8105469 5625.7275391 0.2021654 
1 274 24264.0195312 5624.0839844 0.2022307 
1 275 24266.9179688 5621.9799805 0.2022792 
1 276 24269.8867188 5619.6333008 0.2023113 
1 277 24272.3808594 5616.9628906 0.2024202 
1 278 24274.7050781 5615.1474609 0.2025099 
1 279 24276.9628906 5613.5449219 0.2025387 
1 280 24279.0117188 5611.8413086 0.2025841 
1 281 24281.0917969 5610.3959961 0.2026435 
1 282 24283.6171875 5608.5996094 0.2027279 
1 283 24286.0078125 5607.2314453 0.2028097 
1 284 24288.6367188 5606.2348633 0.2028949 
1 285 24290.8945312 5605.1191406 0.2029554 
1 286 24292.9492188 5604.2382812 0.2030566 
1 287 24294.9882812 5603.4028320 0.2031201 
1 288 24297.1269531 5602.5004883 0.2031506 
1 289 24299.4882812 5601.9736328 0.2031621 
1 290 24301.5000000 5601.0522461 0.2032178 
1 291 24303.6425781 5600.3486328 0.2032370 
1 292 24305.4785156 5599.7124023 0.2033065 
1 293 24307.0390625 5599.5844727 0.2032861 
1 294 24307.0390625 5599.5844727 0.2032861 
1 295 24308.2519531 5599.2304688 0.2032874 
1 296 24309.8320312 5598.7109375 0.2033443 
1 297 24311.0781250 5598.3535156 0.2034257 
1 298 24312.2578125 5598.2353516 0.2034734 
1 299 24313.4453125 5598.0498047 0.2034228 
1 300 24314.9882812 5597.8930664 0.2034338 
1 301 24316.1347656 5597.5737305 0.2034297 
1 302 24317.3398438 5597.0727539 0.2034713 
1 303 24318.2695312 5596.8544922 0.2035076 
1 304 24319.1386719 5596.7016602 0.2035569 
1 305 24319.9433594 5596.5371094 0.2035931 
1 306 24320.3144531 5596.5776367 0.2035867 
1 307 24320.8203125 5596.6708984 0.2036537 
1 308 24321.5156250 5596.5664062 0.2036960 
1 309 24322.1210938 5596.2851562 0.2037623 
1 310 24322.4101562 5596.6347656 0.2037421 
1 311 24322.7695312 5596.6728516 0.2037824 
1 312 24323.3632812 5596.5092773 0.2038102 
1 313 24324.0859375 5596.5668945 0.2038737 
1 314 24324.0898438 5596.4497070 0.2038941 
1 315 24324.2031250 5596.3774414 0.2039139 
1 316 24324.4824219 5596.3769531 0.2039386 
1 317 24324.6445312 5596.3227539 0.2039043 
1 318 24324.8515625 5596.4282227 0.2039272 
1 319 24324.8281250 5596.4882812 0.2039049 
1 320 24324.8144531 5596.4965820 0.2038983 
1 321 24324.6582031 5596.4692383 0.2039118 
1 322 24324.5410156 5596.3242188 0.2039706 
1 323 24324.2890625 5596.3701172 0.2039969 
1 324 24324.3535156 5596.6704102 0.2039328 
1 325 24324.3398438 5596.5195312 0.2039790 
1 326 24324.4042969 5596.3403320 0.2040307 
1 327 24324.1132812 5596.0947266 0.2040736 
1 328 24323.9804688 5596.0781250 0.2041122 
1 329 24323.8886719 5595.7324219 0.2041783 
1 330 24324.0507812 5595.7050781 0.2042285 
1 331 24323.9882812 5595.6279297 0.2042472 
1 332 24324.5117188 5595.5273438 0.2042902 
1 333 24324.4453125 5595.0058594 0.2043728 
1 334 24324.4628906 5595.3466797 0.2043217 
1 335 24324.0390625 5595.5273438 0.2042228 
1 336 24323.6425781 5595.4052734 0.2042623 
1 337 24323.9277344 5595.3051758 0.2042608 
1 338 24323.8574219 5594.9018555 0.2042884 
1 339 24323.4921875 5594.6484375 0.2043081 
1 340 24323.7285156 5594.7890625 0.2043026 
1 341 24323.5625000 5594.7128906 0.2042798 
1 342 24323.7324219 5594.6230469 0.2043159 
1 343 24323.7734375 5594.6054688 0.2043177 
1 344 24323.7734375 5594.6054688 0.2043177 
1 345 24323.7285156 5594.5356445 0.2043308 
1 346 24323.8574219 5594.5048828 0.2043671 
1 347 24323.8164062 5594.4213867 0.2043598 
1 348 24323.5859375 5594.6118164 0.2043438 
1 349 24323.2324219 5595.2226562 0.2042615 
1 350 24323.4648438 5595.2294922 0.2042625 
1 351 24323.4335938 5595.1962891 0.2042564 
1 352 24323.5468750 5595.2050781 0.2042621 
1 353 24323.2910156 5595.1064453 0.2042685 
1 354 24323.1484375 5595.5361328 0.2042646 
1 355 24322.8242188 5595.1914062 0.2042714 
1 356 24323.1269531 5595.3916016 0.2042726 
1 357 24322.9609375 5595.1406250 0.2042630 
1 358 24323.1523438 5595.0317383 0.2042625 
1 359 24322.9667969 5594.7236328 0.2042897 
1 360 24323.2539062 5594.7880859 0.2042933 
1 361 24322.8925781 5595.2558594 0.2043577 
1 362 24322.5820312 5596.5927734 0.2046031 
1 363 24323.7324219 5597.2128906 0.2051532 
1 364 24322.7343750 5597.3281250 0.2064810 
1 365 24321.2656250 5596.0327148 0.2090574 
1 366 24321.5859375 5594.9355469 0.2124451 
1 367 24321.6113281 5594.5781250 0.2168921 
1 368 24324.0664062 5595.1523438 0.2224876 
1 369 24324.0664062 5595.1523438 0.2224876 
1 370 24324.7070312 5596.3261719 0.2291270 
1 371 24326.0820312 5596.4511719 0.2393197 
1 372 24327.1386719 5599.5947266 0.2530814 
1 373 24324.5937500 5600.4462891 0.2713495 
1 374 24319.5742188 5602.8193359 0.2928473 
1 375 24319.9628906 5605.0537109 0.3181829 
1 376 24321.9375000 5603.0439453 0.3393252 
1 377 24323.8203125 5603.1567383 0.3627723 
1 378 24325.8398438 5598.7148438 0.3826024 
1 379 24333.6445312 5598.6845703 0.4052031 
1 380 24322.3242188 5599.8642578 0.4302294 
1 381 24332.4843750 5598.1206055 0.4553009 
1 382 24324.4550781 5595.7988281 0.4845717 
1 383 24328.7089844 5596.6791992 0.5098855 
1 384 24323.8789062 5596.5527344 0.5419143 
1 385 24327.1210938 5598.7685547 0.5724408 
1 386 24319.1953125 5599.3369141 0.6035134 
1 387 24316.2734375 5602.2065430 0.6314480 
1 388 24312.9765625 5605.3852539 0.6551542 
1 389 24309.2421875 5606.4013672 0.6829877 
1 390 24304.2753906 5604.8261719 0.7147850 
1 391 24300.1406250 5603.5351562 0.7380354 
1 392 24296.6894531 5604.7319336 0.7615462 
1 393 24299.9726562 5609.4355469 0.7822633 
1 394 24299.9804688 5609.4243164 0.7822528 
1 395 24300.7714844 5612.6259766 0.8045551 
1 396 24291.0703125 5613.0136719 0.8254694 
1 397 24293.4394531 5615.6835938 0.8510525 
1 398 24295.1718750 5615.2192383 0.8627689 
1 399 24293.2539062 5616.5908203 0.8629949 
1 400 24291.2285156 5618.1210938 0.8629924 
1 401 24289.5917969 5620.3183594 0.8630921 
1 402 24288.0175781 5622.6655273 0.8630999 
1 403 24286.1015625 5624.1704102 0.8631505 
1 404 24284.2871094 5625.4487305 0.8631603 
1 405 24281.9824219 5626.1674805 0.8631800 
1 406 24279.9238281 5627.4179688 0.8631961 
1 407 24277.9960938 5628.1855469 0.8631892 
1 408 24276.2011719 5628.5429688 0.8632572 
1 409 24275.2734375 5629.0039062 0.8632800 
1 410 24274.2851562 5629.3774414 0.8633040 
1 411 24273.4609375 5629.9941406 0.8632495 
1 412 24272.8593750 5630.4291992 0.8632453 
1 413 24272.5156250 5630.5537109 0.8632637 
1 414 24272.4980469 5631.1108398 0.8632700 
1 415 24272.3906250 5631.0502930 0.8632794 
1 416 24272.1992188 5631.3432617 0.8632873 
1 417 24271.9882812 5631.3916016 0.8632930 
1 418 24272.4589844 5631.4550781 0.8632296 
1 419 24272.4433594 5631.4311523 0.8632246 
1 420 24272.2578125 5630.8525391 0.8632069 
1 421 24272.5371094 5631.2148438 0.8631508 
1 422 24272.1679688 5631.0742188 0.8631318 
1 423 24272.3085938 5631.0742188 0.8631563 
1 424 24272.1640625 5631.0786133 0.8631396 
1 425 24272.0019531 5631.1503906 0.8631587 
1 426 24272.1718750 5631.2451172 0.8631332 
1 427 24272.3007812 5631.0234375 0.8630953 
1 428 24272.3632812 5631.0991211 0.8630620 
1 429 24272.4199219 5631.0766602 0.8630546 
1 430 24272.4062500 5631.0849609 0.8630522 
1 431 24272.3906250 5630.9956055 0.8630374 
1 432 24272.6933594 5630.9609375 0.8630148 
1 433 24272.6601562 5630.8330078 0.8629937 
1 434 24272.7812500 5630.8798828 0.8630298 
1 435 24272.6562500 5630.7592773 0.8630072 
1 436 24272.4570312 5630.9082031 0.8630542 
1 437 24272.3789062 5630.8750000 0.8630430 
1 438 24272.7382812 5630.7812500 0.8630507 
1 439 24272.5625000 5630.2856445 0.8630038 
1 440 24272.5039062 5630.3867188 0.8630505 
1 441 24272.4062500 5630.3784180 0.8630406 
1 442 24272.4609375 5630.3095703 0.8630593 
1 443 24272.6972656 5630.4008789 0.8630486 
1 444 24272.6875000 5630.4130859 0.8630509 
1 445 24272.7167969 5630.5156250 0.8630554 
1 446 24272.7265625 5630.5097656 0.8630539 
1 447 24272.7441406 5630.4150391 0.8630401 
1 448 24272.6269531 5630.4008789 0.8630681 
1 449 24272.6289062 5630.5815430 0.8630661 
1 450 24272.1210938 5630.7280273 0.8630853 
1 451 24272.3164062 5631.1904297 0.8630489 
1 452 24272.1679688 5630.7856445 0.8630350 
1 453 24272.3828125 5630.7250977 0.8630504 
1 454 24272.2695312 5630.6494141 0.8630631 
1 455 24272.3027344 5630.6552734 0.8630534 
1 456 24272.1406250 5630.6757812 0.8630812 
1 457 24272.1210938 5630.7446289 0.8630546 
1 458 24271.9804688 5630.6923828 0.8630558 
1 459 24272.0351562 5630.6889648 0.8630558 
1 460 24271.8320312 5630.5751953 0.8630792 
1 461 24271.8281250 5630.7802734 0.8630789 
1 462 24271.6796875 5630.6435547 0.8630679 
1 463 24271.7656250 5630.4829102 0.8630723 
1 464 24271.2070312 5630.1416016 0.8630545 
1 465 24270.9531250 5630.4345703 0.8631124 
1 466 24270.7656250 5630.5327148 0.8631011 
1 467 24270.9609375 5630.5458984 0.8631140 
1 468 24271.0195312 5630.4628906 0.8630931 
1 469 24270.9960938 5630.3769531 0.8631065 
1 470 24270.9218750 5630.3808594 0.8631349 
1 471 24270.9062500 5630.4746094 0.8631222 
1 472 24270.5625000 5630.4199219 0.8631184 
1 473 24270.1289062 5630.3916016 0.8631451 
1 474 24269.7441406 5630.4291992 0.8631437 
1 475 24269.4238281 5630.5078125 0.8631696 
1 476 24269.4726562 5630.4726562 0.8631458 
1 477 24269.0078125 5630.1323242 0.8631793 
1 478 24269.1425781 5630.3085938 0.8631773 
1 479 24268.9687500 5630.2724609 0.8631960 
1 480 24269.1914062 5630.3129883 0.8631828 
1 481 24269.3652344 5630.3447266 0.8631656 
1 482 24269.3769531 5630.3906250 0.8631702 
1 483 24269.2460938 5630.3994141 0.8631765 
1 484 24269.0917969 5630.4179688 0.8631703 
1 485 24268.9355469 5630.4941406 0.8631921 
1 486 24269.0273438 5630.5546875 0.8631973 
1 487 24269.0234375 5630.4921875 0.8632049 
1 488 24269.4628906 5630.4194336 0.8631769 
1 489 24269.3320312 5630.1118164 0.8631917 
1 490 24269.3183594 5630.3603516 0.8631918 
1 491 24269.0234375 5630.3730469 0.8631875 
1 492 24269.0703125 5630.3837891 0.8632098 
1 493 24268.9824219 5630.3051758 0.8632000 
1 494 24268.9824219 5630.3051758 0.8632000 
1 495 24269.1191406 5630.4536133 0.8632141 
1 496 24269.1445312 5630.4189453 0.8631959 
1 497 24269.2929688 5630.2299805 0.8631899 
1 498 24269.1132812 5630.1806641 0.8632073 
1 499 24269.0917969 5630.4467773 0.8631947 
1 500 24268.9414062 5630.2236328 0.8631851 
1 501 24269.4628906 5630.1586914 0.8631846 
1 502 24269.2460938 5629.7998047 0.8631728 
1 503 24269.3828125 5630.0366211 0.8632141 
1 504 24269.2558594 5630.0190430 0.8632097 
1 505 24269.4121094 5630.0625000 0.8632093 
1 506 24269.4062500 5629.9897461 0.8632027 
1 507 24269.4062500 5630.1064453 0.8632070 
1 508 24269.2734375 5630.1572266 0.8631989 
1 509 24269.1953125 5630.1977539 0.8632098 
1 510 24269.1601562 5630.3750000 0.8632137 
1 511 24268.9960938 5630.4960938 0.8632033 
1 512 24269.1093750 5630.4375000 0.8632032 
1 513 24269.1367188 5630.3662109 0.8632128 
1 514 24269.2617188 5630.3227539 0.8631880 
1 515 24269.2089844 5630.3281250 0.8632078 
1 516 24269.2226562 5630.2270508 0.8632055 
1 517 24269.2402344 5630.2490234 0.8632184 
1 518 24269.0625000 5630.2641602 0.8631936 
1 519 24269.0625000 5630.2641602 0.8631936 
1 520 24268.6835938 5630.3593750 0.8632308 
1 521 24268.7968750 5630.2128906 0.8632115 
1 522 24268.7929688 5630.0371094 0.8632242 
1 523 24268.9863281 5630.1342773 0.8632221 
1 524 24269.0976562 5630.1445312 0.8632245 
1 525 24269.3398438 5630.1250000 0.8632061 
1 526 24269.4335938 5630.1445312 0.8631959 
1 527 24269.4296875 5630.1826172 0.8631691 
1 528 24269.2480469 5630.0883789 0.8632001 
1 529 24269.2226562 5630.1362305 0.8632098 
1 530 24269.2558594 5630.1801758 0.8631962 
1 531 24268.9550781 5630.1005859 0.8632040 
1 532 24268.6718750 5630.3359375 0.8632414 
1 533 24268.5976562 5630.3603516 0.8632262 
1 534 24268.6875000 5630.1997070 0.8631979 
1 535 24268.6171875 5630.0429688 0.8632344 
1 536 24268.6152344 5630.1406250 0.8632169 
1 537 24268.5449219 5630.1606445 0.8632169 
1 538 24268.7265625 5630.2412109 0.8631914 
1 539 24268.5644531 5630.0244141 0.8631914 
1 540 24268.5156250 5629.9414062 0.8631790 
1 541 24268.1132812 5629.8994141 0.8632250 
1 542 24268.0468750 5629.9145508 0.8632100 
1 543 24267.8925781 5629.9145508 0.8632192 
1 544 24267.8925781 5629.9145508 0.8632192 
1 545 24267.8320312 5629.8461914 0.8632081 
1 546 24267.5625000 5629.7412109 0.8632140 
1 547 24267.4628906 5629.6435547 0.8632108 
1 548 24267.2812500 5629.4140625 0.8632291 
1 549 24267.0527344 5629.4482422 0.8632528 
1 550 24266.7460938 5629.5000000 0.8632481 
1 551 24266.6015625 5629.5576172 0.8632360 
1 552 24266.6054688 5629.5268555 0.8632501 
1 553 24266.3886719 5629.3027344 0.8632333 
1 554 24266.0859375 5629.4619141 0.8632490 
1 555 24265.8007812 5629.4550781 0.8632602 
1 556 24265.7226562 5629.4394531 0.8632618 
1 557 24265.7382812 5629.4130859 0.8632522 
1 558 24265.6015625 5629.4531250 0.8632681 
1 559 24265.5156250 5629.4995117 0.8632416 
1 560 24265.4277344 5629.4633789 0.8632533 
1 561 24265.5625000 5629.4501953 0.8632676 
1 562 24265.4804688 5629.4868164 0.8632539 
1 563 24265.5371094 5629.5947266 0.8632777 
1 564 24265.9062500 5629.5517578 0.8632433 
1 565 24265.6347656 5629.3828125 0.8632604 
1 566 24265.6171875 5629.4658203 0.8632577 
1 567 24265.4589844 5629.4458008 0.8632546 
1 568 24265.4296875 5629.3852539 0.8632745 
1 569 24265.4296875 5629.3852539 0.8632745 
1 570 24265.5175781 5629.3349609 0.8632580 
1 571 24265.6230469 5629.3330078 0.8632576 
1 572 24265.5039062 5629.4433594 0.8632613 
1 573 24265.4960938 5629.4492188 0.8632621 
1 574 23099.7656250 6344.9848633 0.0514704 
1 574 23099.7656250 6344.9848633 0.0514704 
