9 0 25586.912 3153.9978 0.2471096
9 1 25584.525 3155.62 0.24708426
9 2 25581.93 3157.3225 0.24706002
9 3 25579.018 3159.14 0.24703695
9 4 25575.713 3161.0935 0.24701469
9 5 25571.967 3163.1958 0.24699251
9 6 25567.744 3165.4585 0.24696968
9 7 25563.027 3167.8965 0.24694552
9 8 25557.8 3170.531 0.24691945
9 9 25552.057 3173.3901 0.24689107
9 10 25545.797 3176.5085 0.2468598
9 11 25539.037 3179.9275 0.24682495
9 12 25531.791 3183.6897 0.24678569
9 13 25524.068 3187.8315 0.24674124
9 14 25515.875 3192.3699 0.24669105
9 15 25507.203 3197.289 0.24663498
9 16 25498.041 3202.5383 0.24657321
9 17 25488.367 3208.0376 0.24650605
9 18 25478.15 3213.6902 0.24643359
9 19 25467.398 3219.3945 0.24635571
9 20 25456.197 3225.07 0.24627246
9 21 25444.715 3230.596 0.24618454
9 22 25433.168 3235.8667 0.24609353
9 23 25421.764 3240.7905 0.24600151
9 24 25410.678 3245.3093 0.2459106
9 25 25400.068 3249.4043 0.24582249
9 26 25390.084 3253.0916 0.2457385
9 27 25380.861 3256.4182 0.24565989
9 28 25372.512 3259.4683 0.24558778
9 29 25365.098 3262.3723 0.24552298
9 30 25358.633 3265.3088 0.24546556
9 31 25353.07 3268.4963 0.24541463
9 32 25348.314 3272.1738 0.24536835
9 33 25344.238 3276.5796 0.24532412
9 34 25340.69 3281.9321 0.24527884
9 35 25337.508 3288.4084 0.245229
9 36 25334.533 3296.1191 0.24517106
9 37 25331.625 3305.08 0.24510185
9 38 25328.639 3315.199 0.2450195
9 39 25325.525 3326.295 0.24492374
9 40 25322.24 3338.1716 0.24481596
9 41 25318.748 3350.7188 0.2446983
9 42 25314.994 3363.9663 0.24457252
9 43 25310.902 3378.0164 0.24443854
9 44 25306.383 3392.9092 0.2442934
9 45 25301.389 3408.553 0.2441315
9 46 25295.96 3424.7742 0.24394672
9 47 25290.256 3441.418 0.24373572
9 48 25284.516 3458.4072 0.24350065
9 49 25279.031 3475.7268 0.24324931
9 50 25274.088 3493.3713 0.24299324
9 51 25269.922 3511.292 0.24274446
9 52 25266.695 3529.352 0.24251224
9 53 25264.465 3547.2996 0.24230109
9 54 25263.178 3564.7766 0.24211065
9 55 25262.705 3581.3857 0.24193761
9 56 25262.867 3596.7925 0.24177828
9 57 25263.486 3610.8047 0.24163061
9 58 25264.404 3623.3796 0.24149469
9 59 25265.492 3634.5715 0.24137148
9 60 25266.635 3644.4717 0.24126083
9 61 25267.787 3653.1877 0.24115993
9 62 25268.82 3660.85 0.24106401
9 63 25269.676 3667.6177 0.24096836
9 64 25270.32 3673.6575 0.24087052
9 65 25270.748 3679.112 0.2407708
9 66 25270.977 3684.0688 0.2406713
9 67 25271.037 3688.5505 0.24057452
9 68 25270.97 3692.5276 0.24048263
9 69 25270.814 3695.9456 0.24039747
9 70 25270.623 3698.7573 0.24032097
9 71 25270.373 3700.9458 0.24025494
9 72 25270.137 3702.533 0.24020079
9 73 25269.957 3703.5706 0.240159
9 74 25269.771 3704.1204 0.24012913
9 75 25269.51 3704.2346 0.24010998
9 76 25269.201 3703.9443 0.24010001
9 77 25268.838 3703.2634 0.24009763
9 78 25268.447 3702.2021 0.24010132
9 79 25268.004 3700.78 0.24010956
9 80 25267.508 3699.0303 0.24012086
9 81 25267.01 3696.9941 0.24013387
9 82 25266.55 3694.7085 0.24014771
9 83 25266.146 3692.1973 0.24016221
9 84 25265.797 3689.4685 0.24017784
9 85 25265.504 3686.5244 0.24019548
9 86 25265.24 3683.376 0.24021603
9 87 25265.031 3680.0557 0.24024008
9 88 25264.736 3676.6216 0.24026772
9 89 25264.35 3673.148 0.24029848
9 90 25263.807 3669.7183 0.2403314
9 91 25263.045 3666.395 0.24036533
9 92 25262.004 3663.2202 0.24039923
9 93 25260.639 3660.2117 0.24043229
9 94 25258.914 3657.372 0.24046403
9 95 25256.816 3654.701 0.2404941
9 96 25254.35 3652.2026 0.24052215
9 97 25251.545 3649.8882 0.24054763
9 98 25248.443 3647.7659 0.24057001
9 99 25245.082 3645.8333 0.2405889
9 100 25241.477 3644.0713 0.24060418
9 101 25237.64 3642.4478 0.24061595
9 102 25233.588 3640.9275 0.24062443
9 103 25229.35 3639.482 0.24062979
9 104 25224.977 3638.0925 0.24063219
9 105 25220.525 3636.7505 0.24063177
9 106 25216.072 3635.4526 0.24062864
9 107 25211.678 3634.1997 0.24062312
9 108 25207.375 3632.9958 0.24061579
9 109 25203.182 3631.848 0.24060757
9 110 25199.104 3630.765 0.24059954
9 111 25195.137 3629.7546 0.24059242
9 112 25191.275 3628.823 0.24058646
9 113 25187.516 3627.9714 0.2405815
9 114 25183.861 3627.197 0.24057719
9 115 25180.314 3626.4924 0.24057327
9 116 25176.873 3625.8474 0.2405696
9 117 25173.53 3625.2456 0.24056624
9 118 25170.275 3624.6775 0.24056344
9 119 25167.102 3624.1428 0.24056157
9 120 25164.008 3623.624 0.240561
9 121 25161.002 3623.126 0.2405618
9 122 25158.098 3622.6616 0.2405637
9 123 25155.305 3622.2327 0.24056621
9 124 25152.617 3621.8394 0.24056868
9 125 25150.0 3621.4639 0.24057068
9 126 25147.41 3621.1235 0.24057199
9 127 25144.818 3620.818 0.2405726
9 128 25142.15 3620.541 0.24057256
9 129 25139.383 3620.2417 0.24057193
9 130 25136.51 3619.9456 0.24057081
9 131 25133.545 3619.6204 0.24056931
9 132 25130.512 3619.2463 0.24056748
9 133 25127.45 3618.8374 0.24056533
9 134 25124.36 3618.3853 0.24056293
9 135 25121.352 3617.8735 0.24056053
9 136 25118.42 3617.2817 0.2405586
9 137 25115.594 3616.5881 0.24055745
9 138 25112.893 3615.774 0.2405568
9 139 25110.326 3614.8271 0.24055551
9 140 25107.893 3613.746 0.24055183
9 141 25105.584 3612.5398 0.24054429
9 142 25103.393 3611.226 0.24053235
9 143 25101.31 3609.8284 0.24051674
9 144 25099.332 3608.3752 0.2404991
9 145 25097.465 3606.888 0.24048151
9 146 25095.719 3605.3865 0.24046594
9 147 25094.11 3603.9277 0.2404541
9 148 25092.648 3602.5186 0.24044733
9 149 25091.338 3601.1753 0.24044654
9 150 25090.158 3599.9036 0.24045183
9 151 25089.08 3598.7012 0.24046218
9 152 25088.064 3597.564 0.24047568
9 153 25087.07 3596.4888 0.24049008
9 154 25086.111 3595.4756 0.24050355
9 155 25085.125 3594.527 0.24051528
9 156 25084.2 3593.6482 0.24052536
9 157 25083.324 3592.8462 0.24053445
9 158 25082.512 3592.1287 0.24054325
9 159 25081.756 3591.5044 0.2405522
9 160 25081.05 3590.9807 0.24056138
9 161 25080.371 3590.5623 0.24057053
9 162 25079.73 3590.2498 0.24057928
9 163 25079.004 3590.039 0.2405872
9 164 25078.2 3589.9216 0.240594
9 165 25077.291 3589.886 0.2405995
9 166 25076.264 3589.919 0.2406037
9 167 25075.111 3590.0051 0.24060677
9 168 25073.828 3590.1318 0.24060898
9 169 25072.414 3590.2927 0.2406107
9 170 25070.875 3590.47 0.24061228
9 171 25069.225 3590.6787 0.24061401
9 172 25067.49 3590.9192 0.24061596
9 173 25065.697 3591.188 0.24061805
9 174 25063.883 3591.4558 0.24062005
9 175 25062.05 3591.6943 0.24062175
9 176 25060.209 3591.9011 0.24062295
9 177 25058.316 3592.0898 0.24062355
9 178 25056.373 3592.2937 0.24062352
9 179 25054.404 3592.5327 0.24062288
9 180 25052.38 3592.7893 0.24062176
9 181 25050.305 3593.076 0.24062027
9 182 25048.176 3593.379 0.24061853
9 183 25046.01 3593.6943 0.24061644
9 184 25043.816 3594.0254 0.24061362
9 185 25041.613 3594.3628 0.24060932
9 186 25039.406 3594.678 0.2406028
9 187 25037.2 3594.9978 0.24059375
9 188 25035.047 3595.325 0.2405826
9 189 25032.98 3595.6204 0.24057057
9 190 25031.033 3595.9 0.24055931
9 191 25029.22 3596.146 0.24055043
9 192 25027.543 3596.3533 0.24054514
9 193 25025.975 3596.5457 0.24054393
9 194 25024.48 3596.7524 0.24054648
9 195 25023.04 3596.9802 0.24055183
9 196 25021.627 3597.2092 0.24055862
9 197 25020.19 3597.437 0.2405653
9 198 25018.752 3597.6277 0.24057029
9 199 25017.34 3597.7993 0.24057218
9 200 25015.975 3597.9326 0.24057005
9 201 25014.662 3598.059 0.24056365
9 202 25013.404 3598.2249 0.24055354
9 203 25012.137 3598.411 0.24054074
9 204 25010.918 3598.6055 0.2405263
9 205 25009.752 3598.7766 0.24051103
9 206 25008.662 3598.9636 0.24049556
9 207 25007.617 3599.147 0.24048054
9 208 25006.6 3599.323 0.24046665
9 209 25005.637 3599.5117 0.24045454
9 210 25004.727 3599.661 0.24044457
9 211 25003.867 3599.7744 0.24043676
9 212 25003.016 3599.9243 0.24043083
9 213 25002.115 3600.0679 0.24042626
9 214 25001.188 3600.2258 0.24042256
9 215 25000.203 3600.4202 0.24041937
9 216 24999.178 3600.6277 0.24041659
9 217 24998.1 3600.8154 0.24041423
9 218 24996.955 3601.0352 0.24041232
9 219 24995.719 3601.2861 0.24041058
9 220 24994.38 3601.572 0.2404083
9 221 24992.947 3601.8762 0.24040452
9 222 24991.45 3602.2185 0.24039833
9 223 24989.947 3602.5952 0.24038932
9 224 24988.498 3602.981 0.24037765
9 225 24987.12 3603.335 0.24036406
9 226 24985.81 3603.7227 0.24034958
9 227 24984.559 3604.1482 0.24033506
9 228 24983.332 3604.6248 0.240321
9 229 24982.152 3605.1584 0.2403073
9 230 24980.97 3605.7468 0.2402936
9 231 24979.848 3606.377 0.24027944
9 232 24978.783 3607.04 0.24026449
9 233 24977.812 3607.7202 0.24024878
9 234 24976.957 3608.4019 0.24023263
9 235 24976.229 3609.0332 0.24021655
9 236 24975.629 3609.63 0.24020115
9 237 24975.156 3610.1934 0.24018706
9 238 24974.799 3610.7275 0.24017489
9 239 24974.543 3611.2458 0.24016502
9 240 24974.367 3611.799 0.24015751
9 241 24974.256 3612.4114 0.24015208
9 242 24974.174 3613.1099 0.24014816
9 243 24974.145 3613.9082 0.24014524
9 244 24974.086 3614.8064 0.24014302
9 245 24973.97 3615.7944 0.24014157
9 246 24973.77 3616.854 0.24014108
9 247 24973.46 3617.9658 0.2401416
9 248 24973.027 3619.1133 0.2401427
9 249 24972.467 3620.2883 0.2401435
9 250 24971.781 3621.4944 0.24014299
9 251 24970.98 3622.7373 0.24014065
9 252 24970.068 3624.0278 0.24013683
9 253 24969.035 3625.3772 0.24013263
9 254 24967.842 3626.793 0.2401294
9 255 24966.432 3628.2744 0.24012786
9 256 24964.748 3629.8066 0.24012773
9 257 24962.764 3631.3584 0.24012774
9 258 24960.496 3632.9211 0.24012642
9 259 24958.01 3634.4324 0.24012277
9 260 24955.389 3635.8618 0.24011673
9 261 24952.725 3637.188 0.24010903
9 262 24950.025 3638.4 0.24010076
9 263 24947.354 3639.4956 0.24009286
9 264 24944.738 3640.4788 0.24008584
9 265 24942.178 3641.3542 0.24007964
9 266 24939.564 3642.126 0.2400738
9 267 24937.014 3642.7957 0.24006777
9 268 24934.559 3643.3643 0.24006121
9 269 24932.262 3643.8335 0.24005416
9 270 24930.174 3644.207 0.24004701
9 271 24928.328 3644.492 0.24004024
9 272 24926.734 3644.6978 0.24003431
9 273 24925.385 3644.834 0.24002945
9 274 24924.252 3644.9094 0.24002567
9 275 24923.305 3644.9297 0.24002276
9 276 24922.506 3644.895 0.24002047
9 277 24921.816 3644.7986 0.24001858
9 278 24921.205 3644.6257 0.24001691
9 279 24920.627 3644.3518 0.24001537
9 280 24920.107 3643.944 0.24001393
9 281 24919.64 3643.3667 0.24001263
9 282 24919.12 3642.587 0.24001162
9 283 24918.54 3641.5825 0.24001123
9 284 24917.93 3640.3457 0.24001198
9 285 24917.31 3638.8857 0.24001445
9 286 24916.74 3637.2266 0.24001922
9 287 24916.201 3635.403 0.24002674
9 288 24915.64 3633.4583 0.24003726
9 289 24915.053 3631.4438 0.24005076
9 290 24914.453 3629.4092 0.24006696
9 291 24913.895 3627.4321 0.2400853
9 292 24913.385 3625.5452 0.24010502
9 293 24912.947 3623.8018 0.24012515
9 294 24912.557 3622.2478 0.24014476
9 295 24912.21 3620.918 0.24016294
9 296 24911.914 3619.8289 0.24017896
9 297 24911.643 3618.9773 0.24019228
9 298 24911.42 3618.341 0.24020271
9 299 24911.25 3617.8833 0.2402104
9 300 24911.113 3617.5596 0.2402159
9 301 24910.959 3617.3271 0.24021998
9 302 24910.758 3617.1484 0.24022353
9 303 24910.537 3616.9873 0.2402273
9 304 24910.307 3616.8508 0.24023162
9 305 24910.059 3616.6982 0.24023646
9 306 24909.773 3616.5159 0.2402415
