3 0 10492.266 2320.4487 0.803623
3 1 10492.927 2320.3264 0.8035997
3 2 10493.557 2320.2156 0.8035772
3 3 10494.221 2320.0874 0.8035554
3 4 10494.936 2319.9368 0.80353445
3 5 10495.702 2319.8145 0.8035145
3 6 10496.523 2319.7063 0.8034962
3 7 10497.427 2319.6365 0.8034804
3 8 10498.386 2319.5864 0.80346787
3 9 10499.415 2319.5693 0.80345905
3 10 10500.522 2319.5867 0.8034535
3 11 10501.709 2319.621 0.80345035
3 12 10502.968 2319.686 0.8034482
3 13 10504.289 2319.7524 0.8034457
3 14 10505.639 2319.8042 0.8034421
3 15 10507.044 2319.86 0.80343765
3 16 10508.496 2319.9421 0.80343306
3 17 10509.919 2320.0002 0.8034296
3 18 10511.422 2320.0193 0.80342835
3 19 10513.039 2320.0212 0.8034299
3 20 10514.845 2320.047 0.803434
3 21 10516.888 2320.11 0.8034398
3 22 10519.162 2320.2092 0.8034457
3 23 10521.593 2320.2734 0.8034502
3 24 10524.052 2320.304 0.80345243
3 25 10526.405 2320.295 0.80345196
3 26 10528.553 2320.2495 0.80344945
3 27 10530.443 2320.1873 0.8034463
3 28 10532.08 2320.09 0.80344397
3 29 10533.509 2320.008 0.8034436
3 30 10534.804 2319.944 0.8034453
3 31 10536.053 2319.913 0.8034483
3 32 10537.251 2319.8977 0.8034519
3 33 10538.509 2319.8662 0.80345535
3 34 10539.799 2319.8005 0.8034584
3 35 10541.127 2319.732 0.80346084
3 36 10542.402 2319.7014 0.8034621
3 37 10543.603 2319.6519 0.8034615
3 38 10544.703 2319.615 0.8034588
3 39 10545.688 2319.6099 0.80345476
3 40 10546.548 2319.6199 0.8034508
3 41 10547.274 2319.6294 0.8034493
3 42 10547.857 2319.6199 0.80345255
3 43 10548.281 2319.5771 0.8034627
3 44 10548.534 2319.5496 0.80348045
3 45 10548.615 2319.485 0.8035051
3 46 10548.539 2319.425 0.8035342
3 47 10548.339 2319.403 0.8035638
3 48 10548.06 2319.4167 0.8035896
3 49 10547.753 2319.4443 0.80360824
3 50 10547.458 2319.495 0.80361825
3 51 10547.209 2319.5454 0.8036205
3 52 10547.012 2319.6118 0.80361813
3 53 10546.84 2319.6445 0.8036155
3 54 10546.721 2319.6365 0.80361694
3 55 10546.609 2319.5852 0.8036254
3 56 10546.45 2319.5137 0.80364203
3 57 10546.24 2319.4072 0.8036659
3 58 10545.98 2319.318 0.8036943
3 59 10545.695 2319.2747 0.80372375
3 60 10545.385 2319.2942 0.8037507
3 61 10545.119 2319.3818 0.8037724
3 62 10544.878 2319.5308 0.80378723
3 63 10544.687 2319.7292 0.803795
3 64 10544.496 2319.9487 0.8037968
3 65 10544.354 2320.2031 0.8037955
3 66 10544.233 2320.479 0.80379486
3 67 10544.158 2320.7942 0.80379915
3 68 10544.104 2321.071 0.8038115
3 69 10543.998 2321.3296 0.8038332
3 70 10543.861 2321.555 0.803863
3 71 10543.805 2321.7427 0.8038977
3 72 10543.816 2321.9563 0.8039332
3 73 10543.916 2322.2131 0.80396616
3 74 10544.097 2322.5261 0.80399454
3 75 10544.313 2322.9124 0.80401754
3 76 10544.588 2323.3853 0.8040353
3 77 10544.861 2323.9463 0.8040484
3 78 10545.089 2324.5762 0.80405766
3 79 10545.269 2325.2476 0.8040643
3 80 10545.3955 2325.9346 0.80406934
3 81 10545.495 2326.5774 0.80407363
3 82 10545.539 2327.1824 0.80407757
3 83 10545.531 2327.7676 0.80408084
3 84 10545.555 2328.3176 0.804083
3 85 10545.629 2328.8923 0.8040832
3 86 10545.757 2329.5295 0.8040806
3 87 10545.912 2330.2612 0.80407435
3 88 10546.125 2331.1057 0.804064
3 89 10546.397 2332.0627 0.80404973
3 90 10546.721 2333.1145 0.8040324
3 91 10547.085 2334.228 0.8040129
3 92 10547.424 2335.3628 0.8039923
3 93 10547.748 2336.5366 0.80397105
3 94 10548.123 2337.6738 0.8039495
3 95 10548.554 2338.758 0.8039275
3 96 10549.043 2339.8286 0.8039052
3 97 10549.592 2340.8657 0.803883
3 98 10550.17 2341.8655 0.80386144
3 99 10550.803 2342.8308 0.8038408
3 100 10551.487 2343.781 0.8038212
3 101 10552.194 2344.713 0.80380255
3 102 10552.926 2345.649 0.8037848
3 103 10553.748 2346.6174 0.8037686
3 104 10554.666 2347.6008 0.80375487
3 105 10555.74 2348.5635 0.80374444
3 106 10557.042 2349.526 0.8037377
3 107 10558.647 2350.5378 0.80373454
3 108 10560.629 2351.6455 0.8037344
3 109 10563.049 2352.9058 0.80373657
3 110 10565.948 2354.3672 0.8037403
3 111 10569.333 2356.0505 0.80374485
3 112 10573.168 2357.9353 0.8037493
3 113 10577.369 2359.958 0.80375266
3 114 10581.809 2362.0293 0.8037541
3 115 10586.329 2364.0425 0.8037532
3 116 10590.785 2365.8972 0.8037505
3 117 10595.016 2367.5203 0.80374724
3 118 10598.926 2368.8757 0.80374414
3 119 10602.473 2369.963 0.803741
3 120 10605.654 2370.806 0.8037362
3 121 10608.489 2371.4404 0.80372787
3 122 10611.002 2371.9019 0.80371463
3 123 10613.213 2372.2236 0.803697
3 124 10615.139 2372.4407 0.8036767
3 125 10616.8 2372.592 0.8036565
3 126 10618.222 2372.7214 0.803639
3 127 10619.438 2372.834 0.8036261
3 128 10620.487 2372.98 0.8036191
3 129 10621.406 2373.1592 0.8036184
3 130 10622.225 2373.3684 0.8036233
3 131 10622.975 2373.5938 0.80363226
3 132 10623.672 2373.8013 0.8036427
3 133 10624.314 2373.9734 0.8036517
3 134 10624.901 2374.1091 0.8036567
3 135 10625.459 2374.2058 0.8036565
3 136 10625.981 2374.2625 0.8036514
3 137 10626.448 2374.2993 0.8036428
3 138 10626.958 2374.297 0.80363226
3 139 10627.524 2374.2595 0.803621
3 140 10628.118 2374.1885 0.80360925
3 141 10628.7295 2374.1252 0.8035969
3 142 10629.34 2374.0986 0.80358374
3 143 10629.89 2374.1067 0.8035695
3 144 10630.339 2374.096 0.80355394
3 145 10630.638 2374.051 0.8035365
3 146 10630.74 2373.9502 0.8035147
3 147 10630.614 2373.8044 0.8034803
3 148 10630.243 2373.587 0.8034037
3 149 10629.619 2373.2585 0.80320036
3 150 10628.751 2372.766 0.80268925
3 151 10627.667 2372.0505 0.80157906
3 152 10626.414 2371.061 0.79950535
3 153 10625.046 2369.774 0.796095
3 154 10623.599 2368.2073 0.7910173
3 155 10622.117 2366.436 0.78401595
3 156 10620.577 2364.5898 0.77493876
3 157 10618.989 2362.907 0.76376647
3 158 10617.423 2361.682 0.75061804
3 159 10615.986 2361.2026 0.7357134
3 160 10614.777 2361.653 0.71930104
3 161 10613.871 2363.1028 0.70158607
3 162 10613.288 2365.5603 0.68270063
3 163 10612.977 2369.011 0.6627318
3 164 10612.814 2373.4055 0.64178777
3 165 10612.63 2378.6243 0.6200573
3 166 10612.226 2384.4624 0.59782755
3 167 10611.389 2390.6504 0.57545346
3 168 10609.894 2396.9058 0.5533027
3 169 10607.52 2402.9888 0.53171086
3 170 10604.083 2408.7312 0.5109689
3 171 10599.491 2414.0344 0.49133244
3 172 10593.778 2418.847 0.47301397
3 173 10587.083 2423.1418 0.4561342
3 174 10579.58 2426.9114 0.44066155
3 175 10571.411 2430.1724 0.42639604
3 176 10562.671 2432.9749 0.4130186
3 177 10553.426 2435.3992 0.4001775
3 178 10543.763 2437.5415 0.38756928
3 179 10533.821 2439.4932 0.37498933
3 180 10523.782 2441.319 0.36234763
3 181 10513.862 2443.0413 0.34965757
3 182 10504.28 2444.6384 0.33700925
3 183 10495.218 2446.0576 0.32453912
3 184 10486.799 2447.2346 0.3124029
3 185 10479.074 2448.1152 0.30075464
3 186 10472.0205 2448.6685 0.28973117
3 187 10465.543 2448.8918 0.2794423
3 188 10459.5 2448.8105 0.2699651
3 189 10453.734 2448.4702 0.26134184
3 190 10448.1 2447.9326 0.25358006
3 191 10442.496 2447.2659 0.24665539
3 192 10436.8125 2446.5383 0.24051791
3 193 10431.068 2445.8152 0.23510057
3 194 10425.298 2445.148 0.23032713
3 195 10419.545 2444.564 0.22611888
3 196 10413.966 2444.0696 0.22240147
3 197 10408.703 2443.6606 0.2191122
3 198 10403.9 2443.3325 0.21620373
3 199 10399.66 2443.0837 0.21364069
3 200 10396.02 2442.915 0.21139148
3 201 10392.942 2442.8247 0.20942284
3 202 10390.343 2442.807 0.20770185
3 203 10388.125 2442.8523 0.20620205
3 204 10386.213 2442.9495 0.2049076
3 205 10384.567 2443.0833 0.2038117
3 206 10383.183 2443.2463 0.20291063
3 207 10382.075 2443.425 0.20219702
3 208 10381.2705 2443.6272 0.2016558
3 209 10380.789 2443.796 0.20126402
3 210 10380.631 2443.9968 0.20099363
3 211 10380.768 2444.2153 0.20081569
3 212 10381.141 2444.4646 0.20070422
3 213 10381.664 2444.6892 0.20063832
3 214 10382.239 2444.854 0.20060265
3 215 10382.823 2444.9314 0.20058651
3 216 10383.337 2444.9128 0.20058256
3 217 10383.745 2444.8076 0.2005857
3 218 10384.031 2444.636 0.2005925
3 219 10384.208 2444.4233 0.2006009
3 220 10384.337 2444.1968 0.20060965
3 221 10384.434 2443.9753 0.20061776
3 222 10384.588 2443.7964 0.20062429
3 223 10384.82 2443.6726 0.20062838
3 224 10385.133 2443.601 0.20062952
3 225 10385.519 2443.571 0.20062754
3 226 10385.978 2443.5593 0.2006225
3 227 10386.518 2443.582 0.20061436
3 228 10387.152 2443.5916 0.20060281
3 229 10387.89 2443.6074 0.20058747
3 230 10388.72 2443.649 0.20056853
3 231 10389.614 2443.6926 0.20054723
3 232 10390.531 2443.701 0.2005257
3 233 10391.4 2443.6724 0.20050615
3 234 10392.178 2443.6052 0.20048986
3 235 10392.826 2443.5005 0.20047681
3 236 10393.335 2443.3613 0.20046622
3 237 10393.715 2443.2058 0.20045747
3 238 10393.993 2443.0188 0.20045081
3 239 10394.198 2442.8555 0.20044705
3 240 10394.346 2442.729 0.20044675
3 241 10394.442 2442.6394 0.20044939
3 242 10394.488 2442.5845 0.20045342
3 243 10394.509 2442.5623 0.20045699
3 244 10394.475 2442.5737 0.20045894
3 245 10394.383 2442.6187 0.20045921
3 246 10394.242 2442.6802 0.20045853
3 247 10394.054 2442.7754 0.20045777
3 248 10393.889 2442.9055 0.20045756
3 249 10393.774 2443.071 0.20045814
3 250 10393.662 2443.2454 0.20045957
3 251 10393.504 2443.382 0.20046201
3 252 10393.36 2443.4854 0.20046574
3 253 10393.221 2443.556 0.20047078
3 254 10393.117 2443.594 0.20047669
3 255 10393.017 2443.6165 0.2004825
3 256 10392.967 2443.6055 0.20048703
3 257 10392.993 2443.5637 0.2004895
3 258 10393.068 2443.5413 0.20048974
3 259 10393.172 2443.497 0.20048805
3 260 10393.333 2443.4656 0.20048493
3 261 10393.554 2443.468 0.20048095
3 262 10393.832 2443.504 0.20047686
3 263 10394.166 2443.5708 0.20047368
3 264 10394.558 2443.655 0.20047271
3 265 10395.006 2443.733 0.20047504
3 266 10395.418 2443.7769 0.2004811
3 267 10395.775 2443.8018 0.20049025
3 268 10396.049 2443.789 0.20050071
3 269 10396.269 2443.7397 0.20051014
3 270 10396.431 2443.6523 0.20051634
3 271 10396.527 2443.5576 0.20051797
3 272 10396.555 2443.4993 0.20051497
3 273 10396.516 2443.4592 0.2005086
3 274 10396.419 2443.4556 0.20050085
3 275 10396.269 2443.4868 0.20049386
3 276 10396.092 2443.5332 0.20048928
3 277 10395.864 2443.609 0.2004878
3 278 10395.588 2443.7234 0.20048907
3 279 10395.261 2443.854 0.2004919
3 280 10394.884 2443.9536 0.20049486
3 281 10394.459 2444.0217 0.20049687
3 282 10393.993 2444.0583 0.20049754
3 283 10393.575 2444.13 0.20049714
3 284 10393.1 2444.2332 0.2004961
3 285 10392.623 2444.37 0.2004945
3 286 10392.153 2444.54 0.2004917
3 287 10391.657 2444.726 0.20048657
3 288 10391.116 2444.9458 0.20047778
3 289 10390.556 2445.168 0.20046435
3 290 10390.035 2445.3564 0.2004461
3 291 10389.57 2445.5076 0.20042366
3 292 10389.171 2445.6213 0.20039804
3 293 10388.845 2445.7014 0.20036988
3 294 10388.591 2445.75 0.20033889
3 295 10388.397 2445.7827 0.20030443
3 296 10388.258 2445.7832 0.20026688
3 297 10388.144 2445.7507 0.2002286
3 298 10388.078 2445.7283 0.20019391
3 299 10388.048 2445.6716 0.20016792
3 300 10388.064 2445.584 0.20015514
3 301 10388.008 2445.4656 0.20015843
3 302 10387.893 2445.2979 0.2001788
3 303 10387.71 2445.0955 0.20021594
3 304 10387.458 2444.8503 0.2002688
3 305 10387.146 2444.5635 0.20033625
3 306 10386.78 2444.2402 0.20041716
3 307 10386.389 2443.8835 0.20051049
3 308 10385.945 2443.51 0.20061506
3 309 10385.533 2443.1028 0.20072949
3 310 10385.144 2442.7175 0.20085175
3 311 10384.805 2442.369 0.20097883
3 312 10384.465 2442.0562 0.20110655
3 313 10384.208 2441.7764 0.20123006
3 314 10384.008 2441.5278 0.20134468
3 315 10383.866 2441.313 0.20144682
3 316 10383.791 2441.136 0.2015346
3 317 10383.783 2440.9983 0.20160791
3 318 10383.837 2440.88 0.20166786
3 319 10383.946 2440.7996 0.20171611
3 320 10384.084 2440.7556 0.20175451
3 321 10384.277 2440.7473 0.20178492
3 322 10384.439 2440.75 0.20180923
3 323 10384.546 2440.717 0.20182927
3 324 10384.632 2440.653 0.2018468
3 325 10384.666 2440.5752 0.20186317
3 326 10384.735 2440.519 0.20187926
3 327 10384.85 2440.4788 0.20189525
3 328 10384.906 2440.4653 0.20191085
3 329 10384.962 2440.4385 0.20192564
3 330 10385.064 2440.3936 0.20193945
3 331 10385.144 2440.3857 0.20195274
3 332 10385.174 2440.3828 0.20196633
3 333 10385.146 2440.348 0.20198089
3 334 10385.06 2440.2961 0.20199631
3 335 10384.917 2440.2544 0.20201124
3 336 10384.748 2440.251 0.20202313
3 337 10384.527 2440.3062 0.20202889
3 338 10384.351 2440.4326 0.2020258
3 339 10384.194 2440.633 0.20201239
3 340 10384.12 2440.9014 0.20198853
3 341 10384.106 2441.2273 0.20195504
3 342 10384.173 2441.6028 0.20191315
3 343 10384.354 2442.0234 0.20186436
3 344 10384.681 2442.487 0.2018105
3 345 10385.172 2442.9944 0.20175353
3 346 10385.818 2443.548 0.20169517
3 347 10386.591 2444.1516 0.2016366
3 348 10387.444 2444.8088 0.20157829
3 349 10388.325 2445.5288 0.20152009
3 350 10389.186 2446.3335 0.20146126
3 351 10389.973 2447.2632 0.20140095
3 352 10390.7 2448.373 0.20133881
3 353 10391.346 2449.72 0.20127562
3 354 10391.874 2451.3464 0.20121352
3 355 10392.254 2453.2705 0.20115572
3 356 10392.47 2455.485 0.20110565
3 357 10392.532 2457.9646 0.20106605
3 358 10392.471 2460.6782 0.20103812
3 359 10392.332 2463.6042 0.2010214
3 360 10392.166 2466.7427 0.20101385
3 361 10392.036 2470.1235 0.20101243
3 362 10391.96 2473.8047 0.20101398
3 363 10391.9375 2477.861 0.20101592
3 364 10391.965 2482.364 0.20101668
3 365 10392.02 2487.3567 0.20101564
3 366 10392.059 2492.8337 0.20101272
3 367 10392.016 2498.7332 0.20100814
3 368 10391.913 2504.9443 0.20100218
3 369 10391.741 2511.3318 0.20099515
3 370 10391.514 2517.7566 0.20098741
3 371 10391.241 2524.0933 0.2009794
3 372 10390.924 2530.237 0.20097147
3 373 10390.585 2536.1157 0.20096403
3 374 10390.211 2541.7068 0.20095755
3 375 10389.814 2547.045 0.20095254
3 376 10389.47 2552.2068 0.20094961
3 377 10389.098 2557.2808 0.20094928
3 378 10388.667 2562.349 0.20095177
3 379 10388.179 2567.4756 0.2009568
3 380 10387.667 2572.6965 0.20096347
3 381 10387.201 2578.0164 0.20097043
3 382 10386.79 2583.4033 0.20097624
3 383 10386.304 2588.789 0.20097978
3 384 10385.743 2594.083 0.20098047
3 385 10385.059 2599.1904 0.2009783
3 386 10384.195 2604.0298 0.20097384
3 387 10383.1 2608.5454 0.20096804
3 388 10381.72 2612.7131 0.20096205
3 389 10380.019 2616.5408 0.20095696
3 390 10377.981 2620.067 0.20095362
3 391 10375.629 2623.359 0.20095259
3 392 10373.014 2626.5115 0.20095417
3 393 10370.202 2629.6208 0.20095827
3 394 10367.248 2632.8157 0.20096427
3 395 10364.175 2636.132 0.20097095
3 396 10360.9795 2639.5776 0.20097663
3 397 10357.651 2643.0974 0.20097972
3 398 10354.195 2646.5955 0.20097932
3 399 10350.635 2649.9695 0.20097537
3 400 10347.007 2653.1462 0.20096861
3 401 10343.33 2656.0962 0.20096017
3 402 10339.604 2658.8293 0.2009512
3 403 10335.854 2661.379 0.20094265
3 404 10332.055 2663.7888 0.20093527
3 405 10328.24 2666.109 0.20092957
3 406 10324.503 2668.398 0.2009258
3 407 10320.877 2670.6697 0.20092386
3 408 10317.3955 2672.999 0.20092344
3 409 10314.065 2675.408 0.20092416
3 410 10310.868 2677.8997 0.2009257
3 411 10307.765 2680.4604 0.20092791
3 412 10304.699 2683.066 0.20093079
3 413 10301.692 2685.6868 0.20093425
3 414 10298.654 2688.3042 0.20093808
3 415 10295.566 2690.875 0.20094192
3 416 10292.43 2693.368 0.2009454
3 417 10289.269 2695.7544 0.2009482
3 418 10286.093 2698.0168 0.20095013
3 419 10283.003 2700.1545 0.2009512
3 420 10280.048 2702.1858 0.20095152
3 421 10277.287 2704.1372 0.20095117
3 422 10274.765 2706.03 0.20095022
3 423 10272.495 2707.8684 0.2009487
3 424 10270.463 2709.6428 0.20094682
3 425 10268.623 2711.3384 0.20094489
3 426 10266.905 2712.947 0.20094314
3 427 10265.2295 2714.473 0.20094171
3 428 10263.602 2715.93 0.20094056
3 429 10261.925 2717.336 0.2009397
3 430 10260.223 2718.7065 0.2009394
3 431 10258.493 2720.0637 0.2009403
3 432 10256.813 2721.4402 0.20094328
3 433 10255.199 2722.853 0.20094922
3 434 10253.668 2724.3152 0.20095849
3 435 10252.234 2725.8484 0.20097052
3 436 10250.906 2727.4722 0.20098382
3 437 10249.679 2729.192 0.20099655
3 438 10248.535 2730.986 0.20100708
3 439 10247.462 2732.808 0.20101464
3 440 10246.454 2734.6396 0.20101932
3 441 10245.519 2736.4126 0.20102194
3 442 10244.674 2738.114 0.20102358
3 443 10243.943 2739.7595 0.20102535
3 444 10243.352 2741.3845 0.20102824
3 445 10242.915 2743.0613 0.20103292
3 446 10242.638 2744.8523 0.20103957
3 447 10242.507 2746.8086 0.2010477
3 448 10242.495 2748.9473 0.20105633
3 449 10242.56 2751.2515 0.20106412
3 450 10242.673 2753.6812 0.20106995
3 451 10242.81 2756.1877 0.20107323
3 452 10242.923 2758.7468 0.20107417
3 453 10242.983 2761.3557 0.20107359
3 454 10243.018 2764.0134 0.20107254
3 455 10242.998 2766.7256 0.20107178
3 456 10242.968 2769.4927 0.2010714
3 457 10242.987 2772.3 0.20107086
3 458 10243.029 2775.122 0.20106934
3 459 10243.056 2777.8838 0.20106626
3 460 10243.116 2780.5483 0.20106164
3 461 10243.198 2783.0686 0.20105621
3 462 10243.221 2785.4207 0.20105106
3 463 10243.215 2787.6013 0.20104708
3 464 10243.204 2789.6199 0.20104457
3 465 10243.25 2791.4868 0.20104325
3 466 10243.321 2793.208 0.20104255
3 467 10243.362 2794.7844 0.2010419
3 468 10243.375 2796.2166 0.20104106
3 469 10243.3545 2797.5103 0.20104
3 470 10243.386 2798.6797 0.20103891
3 471 10243.471 2799.743 0.20103796
3 472 10243.583 2800.717 0.20103727
3 473 10243.751 2801.615 0.20103689
3 474 10243.978 2802.4458 0.20103677
3 475 10244.253 2803.2178 0.2010368
3 476 10244.516 2803.9375 0.20103663
3 477 10244.754 2804.607 0.20103583
3 478 10244.945 2805.2205 0.20103402
3 479 10245.109 2805.7678 0.2010311
3 480 10245.223 2806.2393 0.20102724
3 481 10245.308 2806.631 0.20102283
3 482 10245.34 2806.9468 0.20101835
3 483 10245.362 2807.1956 0.2010143
3 484 10245.409 2807.3901 0.20101115
3 485 10245.49 2807.5466 0.20100938
3 486 10245.556 2807.6729 0.20100923
3 487 10245.607 2807.7832 0.20101063
3 488 10245.686 2807.8882 0.20101307
3 489 10245.822 2808.0115 0.20101582
3 490 10246.013 2808.1677 0.20101812
3 491 10246.167 2808.3606 0.20101951
3 492 10246.268 2808.5889 0.20101993
3 493 10246.339 2808.806 0.20101975
3 494 10246.353 2809.0774 0.2010196
3 495 10246.421 2809.4011 0.20102012
3 496 10246.536 2809.8113 0.20102172
3 497 10246.703 2810.332 0.20102447
3 498 10246.897 2810.9712 0.20102814
3 499 10247.148 2811.7183 0.20103215
3 500 10247.396 2812.5493 0.20103586
3 501 10247.592 2813.4153 0.20103869
3 502 10247.736 2814.3035 0.20104036
3 503 10247.832 2815.1465 0.20104107
3 504 10247.904 2815.9224 0.20104146
3 505 10247.928 2816.6257 0.20104226
3 506 10247.972 2817.268 0.20104393
3 507 10248.043 2817.8848 0.20104638
3 508 10248.164 2818.4617 0.20104897
3 509 10248.341 2819.043 0.20105092
3 510 10248.574 2819.6401 0.20105173
3 511 10248.855 2820.211 0.2010513
3 512 10249.093 2820.742 0.20104988
3 513 10249.414 2821.2275 0.20104773
3 514 10249.786 2821.661 0.20104502
3 515 10250.185 2822.0374 0.20104183
3 516 10250.637 2822.3552 0.20103823
3 517 10251.146 2822.6162 0.2010343
3 518 10251.713 2822.8242 0.20103022
3 519 10252.291 2822.9863 0.20102622
3 520 10252.892 2823.11 0.2010225
3 521 10253.515 2823.1982 0.20101936
3 522 10254.185 2823.25 0.20101698
3 523 10254.859 2823.266 0.20101546
3 524 10255.586 2823.2646 0.20101482
3 525 10256.335 2823.229 0.20101495
3 526 10257.138 2823.1943 0.20101574
3 527 10257.996 2823.1753 0.2010172
3 528 10258.829 2823.1387 0.20101944
3 529 10259.635 2823.0703 0.20102261
3 530 10260.416 2822.9807 0.20102683
3 531 10261.26 2822.927 0.20103197
3 532 10262.206 2822.9065 0.2010377
3 533 10263.3125 2822.8992 0.20104367
3 534 10264.6455 2822.8533 0.20104952
3 535 10266.278 2822.774 0.20105511
3 536 10268.276 2822.6433 0.2010602
3 537 10270.676 2822.4666 0.20106451
3 538 10273.464 2822.2087 0.2010677
3 539 10276.577 2821.8237 0.20106971
3 540 10279.926 2821.2612 0.20107102
3 541 10283.414 2820.4824 0.2010726
3 542 10286.983 2819.4734 0.20107539
3 543 10290.588 2818.2456 0.20107974
3 544 10294.21 2816.8242 0.20108518
3 545 10297.881 2815.2332 0.20109071
3 546 10301.485 2813.489 0.2010954
3 547 10304.995 2811.6045 0.20109881
3 548 10308.346 2809.5938 0.201101
3 549 10311.487 2807.4695 0.2011024
3 550 10314.3955 2805.2334 0.20110366
3 551 10317.079 2802.8738 0.20110562
3 552 10319.575 2800.3762 0.20110929
3 553 10321.933 2797.7405 0.20111549
3 554 10324.207 2794.99 0.20112461
3 555 10326.454 2792.1663 0.2011364
3 556 10328.642 2789.3176 0.20115003
3 557 10330.86 2786.5217 0.20116441
3 558 10333.113 2783.7727 0.20117842
3 559 10335.313 2781.08 0.20119098
3 560 10337.455 2778.4321 0.20120099
3 561 10339.524 2775.8008 0.20120744
3 562 10341.504 2773.0762 0.20120975
3 563 10343.378 2770.1865 0.20120816
3 564 10345.145 2767.031 0.20120372
3 565 10346.815 2763.5432 0.20119815
3 566 10348.423 2759.7085 0.20119317
3 567 10350.009 2755.5627 0.20119016
3 568 10351.542 2751.1782 0.20118977
3 569 10353.155 2746.6404 0.20119208
3 570 10354.823 2742.033 0.2011967
3 571 10356.545 2737.4343 0.20120294
3 572 10358.287 2732.9138 0.20121002
3 573 10360.078 2728.5146 0.20121725
3 574 10361.788 2724.2378 0.20122448
3 575 10363.447 2720.0361 0.20123217
3 576 10365.079 2715.8347 0.20124123
3 577 10366.662 2711.5627 0.20125239
3 578 10368.315 2707.1746 0.2012655
3 579 10370.06 2702.6462 0.20127949
3 580 10371.921 2697.9592 0.20129275
3 581 10373.891 2693.0916 0.20130387
3 582 10375.935 2688.0227 0.2013122
3 583 10378.004 2682.7478 0.20131792
3 584 10380.115 2677.288 0.20132196
3 585 10382.147 2671.691 0.20132571
3 586 10384.123 2666.02 0.20133084
3 587 10386.04 2660.3296 0.20133892
3 588 10387.8955 2654.7078 0.20135088
3 589 10389.722 2649.1626 0.2013664
3 590 10391.491 2643.7097 0.20138355
3 591 10393.207 2638.3467 0.20139915
3 592 10394.91 2633.0662 0.2014096
3 593 10396.641 2627.8633 0.20141192
3 594 10398.419 2622.739 0.20140485
3 595 10400.135 2617.6995 0.20138928
3 596 10401.788 2612.759 0.20136777
3 597 10403.339 2607.9426 0.2013435
3 598 10404.753 2603.277 0.20131916
3 599 10406.007 2598.7659 0.20129618
3 600 10407.088 2594.3647 0.20127499
3 601 10407.995 2589.9768 0.20125549
3 602 10408.741 2585.4746 0.20123763
3 603 10409.351 2580.7444 0.20122182
3 604 10409.8545 2575.727 0.20120877
3 605 10410.293 2570.443 0.20119935
3 606 10410.6875 2564.9893 0.20119455
3 607 10411.061 2559.507 0.20119548
3 608 10411.462 2554.1416 0.20120373
3 609 10411.888 2549.004 0.20122194
3 610 10412.289 2544.1558 0.20125365
3 611 10412.64 2539.6133 0.20130222
3 612 10412.969 2535.363 0.20136882
3 613 10413.304 2531.3792 0.20145121
3 614 10413.691 2527.6353 0.20154391
3 615 10414.139 2524.1084 0.2016397
3 616 10414.639 2520.7795 0.2017311
3 617 10415.186 2517.6335 0.20181148
3 618 10415.785 2514.6533 0.20187575
3 619 10416.41 2511.815 0.20192114
3 620 10417.056 2509.086 0.20194751
3 621 10417.7295 2506.4348 0.20195708
3 622 10418.372 2503.8464 0.20195334
3 623 10419.035 2501.3213 0.20193984
3 624 10419.738 2498.8684 0.20191923
3 625 10420.393 2496.4956 0.20189297
3 626 10421.045 2494.1968 0.20186158
3 627 10421.765 2491.949 0.2018253
3 628 10422.601 2489.7356 0.20178485
3 629 10423.611 2487.5593 0.20174164
3 630 10424.849 2485.4304 0.20169774
3 631 10426.351 2483.368 0.20165545
3 632 10428.128 2481.3894 0.20161688
3 633 10430.158 2479.4956 0.20158382
3 634 10432.392 2477.6638 0.20155764
3 635 10434.754 2475.8547 0.20153946
3 636 10437.161 2474.0442 0.20153001
3 637 10439.476 2472.1555 0.20152949
3 638 10441.678 2470.1497 0.20153715
3 639 10443.725 2468.009 0.20155096
3 640 10445.607 2465.7402 0.20156756
3 641 10447.354 2463.3652 0.20158263
3 642 10449.042 2460.9119 0.20159179
3 643 10450.72 2458.4036 0.20159157
3 644 10452.531 2455.8586 0.20158
3 645 10454.579 2453.3 0.20155665
3 646 10456.941 2450.8206 0.20152201
3 647 10459.655 2448.4678 0.20147702
3 648 10462.709 2446.3257 0.20142275
3 649 10466.065 2444.4626 0.20136054
3 650 10469.695 2442.9192 0.20129241
3 651 10473.602 2441.7043 0.20122148
3 652 10477.821 2440.7979 0.2011519
3 653 10482.409 2440.158 0.2010882
3 654 10487.409 2439.7297 0.20103417
3 655 10492.841 2439.4526 0.20099215
3 656 10498.6875 2439.2654 0.20096274
3 657 10504.9 2439.1267 0.20094487
3 658 10511.4 2439.0063 0.20093623
3 659 10518.083 2438.8699 0.20093362
3 660 10524.829 2438.7002 0.2009338
3 661 10531.576 2438.5007 0.20093435
3 662 10538.161 2438.2854 0.2009343
3 663 10544.501 2438.0605 0.20093416
3 664 10550.546 2437.8538 0.20093523
3 665 10556.288 2437.6726 0.20093873
3 666 10561.749 2437.5256 0.20094524
3 667 10566.968 2437.399 0.20095472
3 668 10571.99 2437.2844 0.2009669
3 669 10576.862 2437.1443 0.20098166
3 670 10581.629 2437.024 0.20099922
3 671 10586.323 2436.9258 0.20102006
3 672 10590.952 2436.7969 0.20104483
3 673 10595.499 2436.6702 0.20107417
3 674 10599.934 2436.5786 0.20110872
3 675 10604.236 2436.5068 0.2011492
3 676 10608.414 2436.442 0.2011963
3 677 10612.505 2436.414 0.20125055
3 678 10616.539 2436.406 0.20131208
3 679 10620.548 2436.4194 0.2013805
3 680 10624.581 2436.4155 0.2014548
3 681 10628.634 2436.4573 0.2015333
3 682 10632.674 2436.535 0.20161387
3 683 10636.655 2436.661 0.20169431
3 684 10640.566 2436.8394 0.20177284
3 685 10644.387 2437.0667 0.20184845
3 686 10648.095 2437.3345 0.20192087
3 687 10651.679 2437.6208 0.2019901
3 688 10655.141 2437.9436 0.20205563
3 689 10658.494 2438.2793 0.20211579
3 690 10661.759 2438.5784 0.2021675
3 691 10664.944 2438.8418 0.20220678
3 692 10668.049 2439.0674 0.20222957
3 693 10671.05 2439.244 0.20223269
3 694 10673.914 2439.3875 0.2022145
3 695 10676.601 2439.492 0.2021756
3 696 10679.073 2439.5476 0.20211907
3 697 10681.3 2439.545 0.20205034
3 698 10683.266 2439.481 0.20197682
3 699 10684.972 2439.3635 0.20190692
3 700 10686.446 2439.2227 0.2018486
3 701 10687.734 2439.0798 0.20180777
3 702 10688.892 2438.994 0.20178711
3 703 10689.972 2439.014 0.2017856
3 704 10691.025 2439.1943 0.20179892
3 705 10692.052 2439.5815 0.20182066
3 706 10693.106 2440.1982 0.2018438
3 707 10694.212 2441.034 0.20186225
3 708 10695.314 2442.0464 0.20187192
3 709 10696.361 2443.1797 0.20187129
3 710 10697.423 2444.3826 0.20186128
3 711 10698.48 2445.6086 0.20184436
3 712 10699.506 2446.8599 0.20182337
3 713 10700.509 2448.116 0.20180027
3 714 10701.439 2449.4045 0.20177564
3 715 10702.311 2450.7114 0.2017489
3 716 10703.099 2451.9644 0.201719
3 717 10703.791 2453.1584 0.20168534
3 718 10704.387 2454.2617 0.2016482
3 719 10704.8955 2455.253 0.20160876
3 720 10705.33 2456.123 0.2015685
3 721 10705.71 2456.8772 0.20152864
3 722 10706.042 2457.5312 0.20148987
3 723 10706.349 2458.1062 0.20145246
3 724 10706.655 2458.623 0.20141669
3 725 10707.018 2459.116 0.201383
3 726 10707.33 2459.5706 0.20135213
3 727 10707.621 2460.06 0.20132484
3 728 10707.957 2460.6191 0.20130141
3 729 10708.346 2461.2876 0.20128141
3 730 10708.762 2462.0886 0.2012636
3 731 10709.233 2463.0225 0.20124644
3 732 10709.67 2464.0657 0.20122868
3 733 10710.134 2465.1746 0.20120987
3 734 10710.54 2466.303 0.20119035
3 735 10710.924 2467.3801 0.2011711
3 736 10711.252 2468.3916 0.20115365
3 737 10711.563 2469.319 0.20113996
3 738 10711.893 2470.1653 0.20113212
3 739 10712.187 2470.9482 0.20113173
3 740 10712.52 2471.705 0.20113927
3 741 10712.876 2472.4402 0.20115373
3 742 10713.28 2473.2107 0.20117287
3 743 10713.696 2474.0227 0.20119391
3 744 10714.089 2474.8906 0.20121406
3 745 10714.428 2475.831 0.20123093
3 746 10714.726 2476.8533 0.20124273
3 747 10715.042 2477.9495 0.2012484
3 748 10715.386 2479.0784 0.20124769
3 749 10715.778 2480.2446 0.20124114
3 750 10716.146 2481.3545 0.20122989
3 751 10716.538 2482.4272 0.20121545
3 752 10716.927 2483.466 0.20119937
3 753 10717.366 2484.4758 0.201183
3 754 10717.834 2485.47 0.20116726
3 755 10718.282 2486.4512 0.20115238
3 756 10718.678 2487.4465 0.20113805
3 757 10718.993 2488.4075 0.2011236
3 758 10719.209 2489.3152 0.20110852
3 759 10719.311 2490.182 0.2010928
3 760 10719.3 2490.991 0.20107703
3 761 10719.19 2491.7354 0.20106211
3 762 10719.003 2492.4204 0.20104879
3 763 10718.783 2493.0789 0.20103723
3 764 10718.509 2493.7273 0.20102702
3 765 10718.258 2494.4255 0.20101759
3 766 10718.026 2495.2017 0.20100868
3 767 10717.845 2496.0676 0.20100075
3 768 10717.633 2497.0151 0.2009947
3 769 10717.371 2498.018 0.20099144
3 770 10717.081 2499.0403 0.20099135
3 771 10716.737 2500.068 0.20099425
3 772 10716.36 2501.0427 0.20099963
3 773 10716.031 2501.9775 0.20100696
3 774 10715.752 2502.869 0.20101595
3 775 10715.497 2503.7397 0.20102648
3 776 10715.292 2504.5767 0.20103851
3 777 10715.059 2505.4197 0.20105195
3 778 10714.7705 2506.301 0.20106678
3 779 10714.486 2507.2217 0.20108329
3 780 10714.251 2508.1584 0.20110217
3 781 10714.068 2509.093 0.20112415
3 782 10713.912 2509.9822 0.20114921
3 783 10713.812 2510.7969 0.2011762
3 784 10713.766 2511.5103 0.20120306
3 785 10713.7705 2512.1018 0.20122787
3 786 10713.789 2512.5613 0.20124948
3 787 10713.828 2512.8909 0.2012677
3 788 10713.863 2513.1033 0.20128301
3 789 10713.951 2513.2192 0.20129615
3 790 10714.091 2513.2625 0.20130791
3 791 10714.252 2513.2583 0.20131892
3 792 10714.356 2513.2131 0.20132962
3 793 10714.437 2513.1223 0.20134027
3 794 10714.49 2512.9846 0.20135099
3 795 10714.488 2512.7893 0.20136161
3 796 10714.429 2512.524 0.20137157
3 797 10714.367 2512.1821 0.20137979
3 798 10714.353 2511.7632 0.20138526
3 799 10714.363 2511.2627 0.20138821
3 800 10714.426 2510.6619 0.20139132
3 801 10714.545 2509.9258 0.20140032
3 802 10714.719 2509.021 0.20142315
3 803 10714.841 2507.944 0.20146799
3 804 10714.899 2506.7463 0.2015402
3 805 10714.858 2505.5322 0.20163943
3 806 10714.695 2504.424 0.20175819
3 807 10714.399 2503.5164 0.20188297
3 808 10713.977 2502.844 0.20199737
3 809 10713.436 2502.3777 0.20208608
3 810 10712.793 2502.0442 0.20213784
3 811 10712.075 2501.7556 0.20214605
3 812 10711.33 2501.3933 0.20210755
3 813 10710.563 2500.936 0.2020221
3 814 10709.855 2500.3716 0.20189452
3 815 10709.233 2499.7275 0.2017373
3 816 10708.705 2499.055 0.20157042
3 817 10708.262 2498.4084 0.20141682
3 818 10707.855 2497.8633 0.20129593
3 819 10707.508 2497.477 0.20121925
3 820 10707.157 2497.297 0.20118938
3 821 10706.751 2497.3584 0.20120196
3 822 10706.287 2497.6768 0.20124857
3 823 10705.773 2498.2473 0.20131952
3 824 10705.239 2499.048 0.20140599
3 825 10704.657 2500.05 0.20150153
3 826 10704.102 2501.2258 0.20160241
3 827 10703.599 2502.5508 0.20170732
3 828 10703.154 2503.9995 0.20181632
3 829 10702.698 2505.5405 0.20193
3 830 10702.245 2507.1365 0.20204854
3 831 10701.818 2508.733 0.20217137
3 832 10701.442 2510.2783 0.20229703
3 833 10701.116 2511.7395 0.20242359
3 834 10700.84 2513.0916 0.20254904
3 835 10700.519 2514.3237 0.20267178
3 836 10700.17 2515.438 0.20279078
3 837 10699.794 2516.4465 0.20290552
3 838 10699.467 2517.3665 0.20301583
3 839 10699.164 2518.217 0.20312168
3 840 10698.912 2519.0166 0.2032232
3 841 10698.711 2519.7805 0.20332095
3 842 10698.483 2520.5305 0.20341605
3 843 10698.213 2521.3108 0.20351014
3 844 10697.92 2522.1611 0.203605
3 845 10697.584 2523.1118 0.20370229
3 846 10697.284 2524.166 0.2038032
3 847 10697.005 2525.296 0.20390838
3 848 10696.678 2526.453 0.20401812
3 849 10696.327 2527.5742 0.20413291
3 850 10695.934 2528.6013 0.20425473
3 851 10695.527 2529.496 0.20438775
3 852 10695.141 2530.244 0.20453846
3 853 10694.807 2530.8477 0.20471404
3 854 10694.4375 2531.3196 0.2049201
3 855 10694.019 2531.6726 0.2051593
3 856 10693.602 2531.915 0.20543198
3 857 10693.238 2532.0496 0.20573749
3 858 10692.935 2532.0767 0.2060739
3 859 10692.684 2532.002 0.2064359
3 860 10692.479 2531.8425 0.20681287
3 861 10692.299 2531.6213 0.20718935
3 862 10692.174 2531.3604 0.20754847
3 863 10692.008 2531.085 0.20787656
3 864 10691.822 2530.8132 0.20816664
3 865 10691.674 2530.5613 0.2084195
3 866 10691.581 2530.3457 0.2086422
3 867 10691.552 2530.1445 0.20884545
3 868 10691.6045 2529.962 0.2090412
3 869 10691.756 2529.7969 0.20924099
3 870 10692.02 2529.6628 0.20945528
3 871 10692.397 2529.5623 0.20969293
3 872 10692.877 2529.4956 0.20996071
3 873 10693.431 2529.4353 0.21026276
3 874 10694.041 2529.3435 0.21059975
3 875 10694.72 2529.273 0.21096648
3 876 10695.506 2529.2231 0.21134575
3 877 10696.491 2529.2205 0.21170074
3 878 10697.81 2529.2646 0.21197489
3 879 10699.583 2529.386 0.21210712
3 880 10701.874 2529.5986 0.21205774
3 881 10704.668 2529.895 0.211828
3 882 10707.898 2530.2476 0.21145895
3 883 10711.478 2530.6196 0.21101204
3 884 10715.327 2531.0044 0.21054655
3 885 10719.385 2531.3555 0.21010628
3 886 10723.594 2531.6553 0.20971744
3 887 10727.8955 2531.9192 0.20939231
3 888 10732.257 2532.1472 0.20913406
3 889 10736.645 2532.3357 0.2089406
3 890 10741.036 2532.4763 0.20880769
3 891 10745.487 2532.5613 0.20873114
3 892 10749.991 2532.5913 0.2087073
3 893 10754.524 2532.5957 0.20873234
3 894 10759.022 2532.6035 0.20880055
3 895 10763.364 2532.7175 0.20890324
3 896 10767.427 2533.045 0.20902835
3 897 10771.089 2533.7012 0.20916153
3 898 10774.254 2534.793 0.20928818
3 899 10776.866 2536.4116 0.20939535
3 900 10778.916 2538.6357 0.20947349
3 901 10780.437 2541.5293 0.20951724
3 902 10781.494 2545.1345 0.2095257
3 903 10782.174 2549.4592 0.20950212
3 904 10782.563 2554.4707 0.20945315
3 905 10782.742 2560.1008 0.20938769
3 906 10782.773 2566.2546 0.20931563
3 907 10782.704 2572.8213 0.20924677
3 908 10782.575 2579.6807 0.20919006
3 909 10782.399 2586.7036 0.20915307
3 910 10782.197 2593.7544 0.20914151
3 911 10781.936 2600.6948 0.20915842
3 912 10781.621 2607.3977 0.20920376
3 913 10781.25 2613.7622 0.20927402
3 914 10780.853 2619.724 0.2093626
3 915 10780.475 2625.26 0.20946074
3 916 10780.172 2630.3845 0.20955922
3 917 10779.921 2635.1433 0.20965001
3 918 10779.724 2639.5989 0.2097273
3 919 10779.556 2643.8115 0.2097878
3 920 10779.445 2647.8162 0.20983028
3 921 10779.392 2651.6077 0.20985514
3 922 10779.391 2655.1438 0.20986402
3 923 10779.443 2658.3684 0.2098595
3 924 10779.441 2661.2434 0.20984457
3 925 10779.412 2663.7698 0.20982194
3 926 10779.426 2665.9866 0.20979352
3 927 10779.403 2667.9531 0.20976028
3 928 10779.339 2669.728 0.20972246
3 929 10779.255 2671.3574 0.20968013
3 930 10779.185 2672.8772 0.2096335
3 931 10779.162 2674.3162 0.20958324
3 932 10779.182 2675.7031 0.20953043
3 933 10779.243 2677.0532 0.20947658
3 934 10779.327 2678.3853 0.20942335
3 935 10779.352 2679.6987 0.20937239
3 936 10779.323 2680.967 0.20932503
3 937 10779.27 2682.1826 0.20928228
3 938 10779.162 2683.3074 0.20924467
3 939 10779.006 2684.3064 0.2092123
3 940 10778.925 2685.1572 0.20918484
3 941 10778.905 2685.8567 0.2091613
3 942 10778.955 2686.4214 0.20914002
3 943 10779.08 2686.88 0.20911884
3 944 10779.273 2687.2637 0.20909567
3 945 10779.522 2687.6023 0.20906919
3 946 10779.796 2687.9119 0.20903935
3 947 10780.117 2688.1926 0.20900731
3 948 10780.425 2688.4585 0.20897508
3 949 10780.675 2688.7273 0.20894481
3 950 10780.867 2689.0234 0.20891853
3 951 10781.008 2689.3054 0.20889811
3 952 10781.096 2689.556 0.20888557
3 953 10781.1 2689.775 0.20888337
3 954 10781.052 2689.9612 0.2088946
3 955 10780.953 2690.1091 0.20892224
3 956 10780.802 2690.222 0.20896772
3 957 10780.623 2690.363 0.20902868
3 958 10780.391 2690.579 0.20909798
3 959 10780.106 2690.9187 0.2091654
3 960 10779.793 2691.405 0.2092216
3 961 10779.526 2692.024 0.20926175
3 962 10779.31 2692.731 0.20928635
3 963 10779.1455 2693.4685 0.20929958
3 964 10779.039 2694.176 0.20930666
3 965 10779.013 2694.838 0.20931184
3 966 10779.038 2695.443 0.20931762
3 967 10779.132 2695.994 0.20932493
3 968 10779.308 2696.497 0.20933369
3 969 10779.579 2696.9639 0.20934345
3 970 10779.962 2697.399 0.20935379
3 971 10780.47 2697.8164 0.20936449
3 972 10781.113 2698.23 0.2093755
3 973 10781.907 2698.632 0.20938681
3 974 10782.878 2698.985 0.20939831
3 975 10784.066 2699.3015 0.20940997
3 976 10785.529 2699.5676 0.20942196
3 977 10787.324 2699.7764 0.20943488
3 978 10789.487 2699.927 0.20944972
3 979 10792.029 2700.0322 0.20946772
3 980 10794.93 2700.1199 0.20948993
3 981 10798.139 2700.2239 0.20951669
3 982 10801.587 2700.4214 0.20954755
3 983 10805.186 2700.792 0.20958139
3 984 10808.836 2701.4253 0.20961685
3 985 10812.472 2702.4138 0.20965259
3 986 10815.959 2703.8389 0.20968726
3 987 10819.22 2705.7576 0.20971963
3 988 10822.198 2708.1892 0.20974858
3 989 10824.863 2711.107 0.20977335
3 990 10827.21 2714.4377 0.20979358
3 991 10829.253 2718.071 0.20980917
3 992 10831.023 2721.8743 0.20981985
3 993 10832.562 2725.709 0.20982486
3 994 10833.904 2729.4392 0.20982295
3 995 10835.078 2732.9377 0.20981313
3 996 10836.099 2736.0925 0.20979567
3 997 10836.973 2738.8186 0.2097725
3 998 10837.712 2741.0715 0.20974676
3 999 10838.342 2742.8545 0.20972171
3 1000 10838.891 2744.2107 0.20969982
3 1001 10839.407 2745.2102 0.20968235
3 1002 10839.866 2745.934 0.20966958
3 1003 10840.35 2746.4644 0.2096611
3 1004 10840.861 2746.8796 0.20965613
3 1005 10841.422 2747.257 0.20965393
3 1006 10842.037 2747.6677 0.2096542
3 1007 10842.604 2748.1511 0.20965756
3 1008 10843.093 2748.7322 0.20966554
3 1009 10843.525 2749.4143 0.20968
3 1010 10843.893 2750.1816 0.20970231
3 1011 10844.1875 2751.0046 0.20973265
3 1012 10844.408 2751.8467 0.20976985
3 1013 10844.5625 2752.674 0.2098118
3 1014 10844.687 2753.45 0.20985606
3 1015 10844.755 2754.159 0.2099003
3 1016 10844.775 2754.805 0.2099426
3 1017 10844.852 2755.4077 0.20998144
3 1018 10845.002 2755.995 0.21001591
3 1019 10845.205 2756.5586 0.21004574
3 1020 10845.462 2757.1619 0.21007143
3 1021 10845.773 2757.816 0.210094
3 1022 10846.112 2758.5112 0.21011484
3 1023 10846.504 2759.222 0.21013544
3 1024 10846.944 2759.9695 0.21015763
3 1025 10847.432 2760.6829 0.21018316
3 1026 10847.896 2761.3762 0.21021277
3 1027 10848.306 2762.031 0.21024467
3 1028 10848.727 2762.7173 0.21027377
3 1029 10849.199 2763.4395 0.21029288
3 1030 10849.73 2764.2048 0.21029545
3 1031 10850.291 2765.0105 0.21027823
3 1032 10850.907 2765.835 0.2102419
3 1033 10851.5205 2766.6956 0.21019006
3 1034 10852.086 2767.5645 0.21012746
3 1035 10852.599 2768.4163 0.2100585
3 1036 10853.059 2769.2747 0.20998603
3 1037 10853.46 2770.1497 0.20991041
3 1038 10853.792 2771.0583 0.20982921
3 1039 10854.045 2771.9978 0.20973825
3 1040 10854.213 2772.8948 0.20963371
3 1041 10854.297 2773.737 0.20951419
3 1042 10854.3 2774.493 0.20938164
3 1043 10854.225 2775.1394 0.20924103
3 1044 10854.063 2775.665 0.20909914
3 1045 10853.8 2776.0693 0.20896319
3 1046 10853.405 2776.3608 0.20883982
3 1047 10852.855 2776.5547 0.20873454
3 1048 10852.141 2776.6704 0.2086514
3 1049 10851.272 2776.733 0.20859289
3 1050 10850.2705 2776.757 0.20856027
3 1051 10849.155 2776.7622 0.2085537
3 1052 10847.934 2776.7468 0.20857252
3 1053 10846.601 2776.7021 0.20861524
3 1054 10845.161 2776.6052 0.20867962
3 1055 10843.643 2776.471 0.20876251
3 1056 10842.095 2776.294 0.20885992
3 1057 10840.521 2776.0725 0.20896687
3 1058 10839.033 2775.7983 0.2090777
3 1059 10837.677 2775.453 0.20918657
3 1060 10836.484 2775.0176 0.2092881
3 1061 10835.476 2774.491 0.2093781
3 1062 10834.653 2773.897 0.20945385
3 1063 10834.004 2773.2786 0.2095143
3 1064 10833.501 2772.6929 0.20955986
3 1065 10833.107 2772.1902 0.20959215
3 1066 10832.781 2771.799 0.20961368
3 1067 10832.478 2771.524 0.20962743
3 1068 10832.181 2771.351 0.20963639
3 1069 10831.825 2771.2554 0.20964314
3 1070 10831.386 2771.2131 0.20964955
3 1071 10830.8545 2771.1924 0.20965657
3 1072 10830.24 2771.2102 0.20966431
3 1073 10829.559 2771.2078 0.20967245
3 1074 10828.849 2771.219 0.20968048
3 1075 10828.082 2771.1975 0.20968813
3 1076 10827.308 2771.1406 0.20969535
3 1077 10826.5625 2771.0442 0.2097024
3 1078 10825.889 2770.9038 0.20970963
3 1079 10825.285 2770.7266 0.20971741
3 1080 10824.792 2770.5176 0.20972596
3 1081 10824.433 2770.2915 0.20973493
3 1082 10824.209 2770.0825 0.20974536
3 1083 10824.102 2769.9202 0.2097565
3 1084 10824.069 2769.8218 0.20976901
3 1085 10824.0625 2769.7908 0.20978408
3 1086 10824.071 2769.8171 0.2098033
3 1087 10824.026 2769.8684 0.20982844
3 1088 10823.927 2769.9587 0.20986098
3 1089 10823.799 2770.073 0.20990168
3 1090 10823.617 2770.1562 0.20995016
3 1091 10823.381 2770.2437 0.21000497
3 1092 10823.175 2770.3684 0.21006367
3 1093 10823.018 2770.5117 0.21012336
3 1094 10822.89 2770.6902 0.21018119
3 1095 10822.819 2770.9014 0.21023457
3 1096 10822.803 2771.0776 0.21028137
3 1097 10822.751 2771.2336 0.21032016
3 1098 10822.755 2771.352 0.21035036
3 1099 10822.784 2771.448 0.21037234
3 1100 10822.824 2771.5776 0.21038717
3 1101 10822.886 2771.671 0.21039629
3 1102 10822.986 2771.7354 0.21040128
3 1103 10823.145 2771.7861 0.21040373
3 1104 10823.306 2771.8494 0.21040528
3 1105 10823.414 2771.8774 0.21040754
3 1106 10823.464 2771.8687 0.21041183
3 1107 10823.486 2771.8416 0.21041888
3 1108 10823.46 2771.7983 0.2104287
3 1109 10823.417 2771.771 0.21044078
3 1110 10823.424 2771.7893 0.21045433
3 1111 10823.429 2771.844 0.21046855
3 1112 10823.41 2771.9446 0.2104827
3 1113 10823.347 2772.1074 0.21049629
3 1114 10823.238 2772.3513 0.21050905
3 1115 10823.115 2772.6904 0.2105211
3 1116 10822.937 2773.1306 0.21053308
3 1117 10822.709 2773.672 0.2105459
3 1118 10822.435 2774.3162 0.21056047
3 1119 10822.133 2775.0693 0.2105774
3 1120 10821.799 2775.9426 0.21059676
3 1121 10821.492 2776.948 0.21061821
3 1122 10821.132 2778.0962 0.21064113
3 1123 10820.846 2779.4028 0.21066475
3 1124 10820.608 2780.9006 0.21068831
3 1125 10820.395 2782.6536 0.21071106
3 1126 10820.232 2784.7551 0.21073224
3 1127 10820.126 2787.3115 0.21075118
3 1128 10820.075 2790.4194 0.21076754
3 1129 10820.027 2794.1519 0.21078141
3 1130 10819.928 2798.555 0.21079317
3 1131 10819.746 2803.6497 0.21080332
3 1132 10819.505 2809.4282 0.2108123
3 1133 10819.184 2815.8535 0.21082069
3 1134 10818.777 2822.8647 0.21082936
3 1135 10818.29 2830.3916 0.21083933
3 1136 10817.742 2838.3706 0.21085125
3 1137 10817.145 2846.7505 0.21086499
3 1138 10816.52 2855.4844 0.2108794
3 1139 10815.85 2864.5183 0.21089248
3 1140 10815.2 2873.7854 0.21090181
3 1141 10814.517 2883.2124 0.21090521
3 1142 10813.811 2892.7302 0.21090163
3 1143 10813.102 2902.2776 0.21089174
3 1144 10812.445 2911.7517 0.2108776
3 1145 10811.846 2921.1052 0.21086118
3 1146 10811.321 2930.2273 0.21084246
3 1147 10810.854 2939.0002 0.21081898
3 1148 10810.465 2947.3423 0.210787
3 1149 10810.169 2955.238 0.21074371
3 1150 10809.964 2962.7373 0.2106885
3 1151 10809.828 2969.9312 0.21062292
3 1152 10809.746 2976.9197 0.21054955
3 1153 10809.692 2983.7932 0.2104712
3 1154 10809.588 2990.6123 0.21039107
3 1155 10809.426 2997.414 0.21031307
3 1156 10809.195 3004.1787 0.21024138
3 1157 10808.886 3010.876 0.21017957
3 1158 10808.493 3017.4563 0.21012922
3 1159 10808.016 3023.8694 0.21008895
3 1160 10807.45 3030.0645 0.21005453
3 1161 10806.782 3035.991 0.21002018
3 1162 10805.976 3041.5999 0.20998126
3 1163 10804.976 3046.8496 0.20993671
3 1164 10803.707 3051.7124 0.20989016
3 1165 10802.091 3056.1777 0.20984888
3 1166 10800.055 3060.2517 0.20982125
3 1167 10797.549 3063.9543 0.20981386
3 1168 10794.556 3067.3203 0.20982924
3 1169 10791.098 3070.398 0.20986508
3 1170 10787.238 3073.2468 0.2099152
3 1171 10783.076 3075.932 0.20997187
3 1172 10778.744 3078.519 0.2100285
3 1173 10774.395 3081.0603 0.21008132
3 1174 10770.172 3083.614 0.21012957
3 1175 10766.188 3086.2551 0.21017425
3 1176 10762.497 3089.0469 0.21021675
3 1177 10759.092 3092.0244 0.21025817
3 1178 10755.929 3095.1792 0.21029939
3 1179 10752.957 3098.466 0.2103418
3 1180 10750.141 3101.8462 0.21038766
3 1181 10747.471 3105.3257 0.21043958
3 1182 10744.956 3108.965 0.21049902
3 1183 10742.6045 3112.856 0.21056487
3 1184 10740.406 3117.077 0.21063349
3 1185 10738.334 3121.6604 0.21070018
3 1186 10736.341 3126.5938 0.21076128
3 1187 10734.375 3131.8464 0.21081538
3 1188 10732.335 3137.394 0.21086334
3 1189 10730.202 3143.2197 0.21090713
3 1190 10727.919 3149.3015 0.21094862
3 1191 10725.43 3155.5994 0.21098824
3 1192 10722.681 3162.054 0.21102463
3 1193 10719.611 3168.591 0.21105519
3 1194 10716.152 3175.1301 0.21107747
3 1195 10712.239 3181.593 0.21109056
3 1196 10707.846 3187.9116 0.2110958
3 1197 10703.013 3194.035 0.21109614
3 1198 10697.846 3199.94 0.21109492
3 1199 10692.479 3205.6443 0.21109459
3 1200 10687.011 3211.2148 0.21109638
3 1201 10681.509 3216.741 0.21110046
3 1202 10676.061 3222.3486 0.2111066
3 1203 10670.691 3228.0908 0.2111143
3 1204 10665.466 3234.0115 0.21112299
3 1205 10660.46 3240.115 0.21113206
3 1206 10655.75 3246.3682 0.21114127
3 1207 10651.4 3252.7139 0.21115093
3 1208 10647.46 3259.0723 0.21116175
3 1209 10643.954 3265.3662 0.21117425
3 1210 10640.88 3271.5337 0.21118829
3 1211 10638.199 3277.5034 0.21120289
3 1212 10635.848 3283.1975 0.21121672
3 1213 10633.754 3288.543 0.21122876
3 1214 10631.858 3293.4934 0.21123867
3 1215 10630.126 3298.0474 0.21124679
3 1216 10628.55 3302.2449 0.21125366
3 1217 10627.138 3306.1458 0.21125971
3 1218 10625.902 3309.805 0.21126519
3 1219 10624.854 3313.2605 0.21127038
3 1220 10623.997 3316.533 0.21127583
3 1221 10623.33 3319.6318 0.21128239
3 1222 10622.843 3322.5576 0.21129091
3 1223 10622.517 3325.3022 0.21130195
3 1224 10622.323 3327.8584 0.21131568
3 1225 10622.233 3330.2344 0.21133196
3 1226 10622.222 3332.4668 0.21135032
3 1227 10622.265 3334.6184 0.21136989
3 1228 10622.352 3336.7476 0.2113893
3 1229 10622.463 3338.9375 0.21140698
3 1230 10622.564 3341.1838 0.21142149
3 1231 10622.608 3343.4778 0.21143204
3 1232 10622.597 3345.7893 0.21143848
3 1233 10622.5625 3348.05 0.21144123
3 1234 10622.541 3350.2659 0.21144107
3 1235 10622.573 3352.4111 0.21143872
3 1236 10622.662 3354.4631 0.21143477
3 1237 10622.78 3356.4036 0.2114296
3 1238 10622.957 3358.2244 0.2114233
3 1239 10623.19 3359.9294 0.21141571
3 1240 10623.456 3361.5286 0.21140656
3 1241 10623.675 3363.029 0.21139562
3 1242 10623.834 3364.4302 0.21138294
3 1243 10623.921 3365.7256 0.211369
3 1244 10623.935 3366.91 0.21135455
3 1245 10623.891 3367.984 0.21134043
3 1246 10623.798 3368.9526 0.21132714
3 1247 10623.65 3369.8218 0.21131486
3 1248 10623.476 3370.5938 0.21130362
3 1249 10623.311 3371.2698 0.21129356
3 1250 10623.217 3371.8562 0.21128513
3 1251 10623.173 3372.3684 0.21127893
3 1252 10623.18 3372.832 0.21127541
3 1253 10623.237 3373.2632 0.21127474
3 1254 10623.345 3373.6782 0.21127664
3 1255 10623.479 3374.054 0.21128054
3 1256 10623.667 3374.3914 0.21128577
3 1257 10623.832 3374.673 0.21129164
3 1258 10623.967 3374.8896 0.21129763
3 1259 10624.043 3375.0405 0.2113035
3 1260 10624.094 3375.133 0.21130927
3 1261 10624.165 3375.183 0.21131508
3 1262 10624.289 3375.1987 0.21132106
3 1263 10624.468 3375.1824 0.21132718
3 1264 10624.6875 3375.152 0.21133326
3 1265 10624.957 3375.1382 0.21133903
3 1266 10625.231 3375.124 0.21134435
3 1267 10625.455 3375.0789 0.21134922
3 1268 10625.65 3375.0164 0.21135373
3 1269 10625.816 3374.92 0.21135801
3 1270 10626.001 3374.8555 0.21136202
3 1271 10626.132 3374.829 0.21136563
3 1272 10626.208 3374.8494 0.21136859
3 1273 10626.229 3374.927 0.21137083
3 1274 10626.223 3375.072 0.21137266
3 1275 10626.164 3375.296 0.21137476
3 1276 10626.052 3375.6196 0.2113779
3 1277 10625.967 3376.0774 0.21138269
3 1278 10625.955 3376.7192 0.21138938
3 1279 10625.995 3377.6064 0.21139796
3 1280 10626.098 3378.8 0.21140814
3 1281 10626.285 3380.3386 0.21141937
3 1282 10626.583 3382.2148 0.2114307
3 1283 10627.025 3384.3606 0.21144077
3 1284 10627.653 3386.655 0.2114481
3 1285 10628.52 3388.9507 0.21145143
3 1286 10629.681 3391.1074 0.21145016
3 1287 10631.186 3393.0193 0.21144463
3 1288 10633.053 3394.6228 0.21143603
3 1289 10635.252 3395.8906 0.2114261
3 1290 10637.697 3396.8145 0.2114167
3 1291 10640.26 3397.3862 0.2114094
3 1292 10642.792 3397.5781 0.21140498
3 1293 10645.161 3397.3298 0.21140343
3 1294 10647.274 3396.546 0.21140409
3 1295 10649.092 3395.1143 0.21140605
3 1296 10650.619 3392.9358 0.2114086
3 1297 10651.891 3389.9436 0.2114114
3 1298 10652.951 3386.0925 0.21141477
3 1299 10653.843 3381.3318 0.21141975
3 1300 10654.604 3375.598 0.21142823
3 1301 10655.274 3368.8406 0.21144262
3 1302 10655.89 3361.0623 0.21146505
3 1303 10656.482 3352.342 0.21149623
3 1304 10657.133 3342.83 0.21153507
3 1305 10657.853 3332.7222 0.21157894
3 1306 10658.661 3322.229 0.21162489
3 1307 10659.564 3311.5576 0.21167062
3 1308 10660.556 3300.902 0.21171485
3 1309 10661.62 3290.4338 0.2117569
3 1310 10662.717 3280.2854 0.21179616
3 1311 10663.872 3270.5327 0.2118317
3 1312 10665.056 3261.194 0.2118626
3 1313 10666.217 3252.2468 0.21188833
3 1314 10667.332 3243.6606 0.21190906
3 1315 10668.402 3235.424 0.21192513
3 1316 10669.423 3227.5493 0.21193661
3 1317 10670.392 3220.055 0.21194299
3 1318 10671.397 3212.9434 0.21194363
3 1319 10672.429 3206.189 0.21193829
3 1320 10673.4375 3199.7473 0.21192737
3 1321 10674.373 3193.5786 0.21191178
3 1322 10675.255 3187.667 0.21189265
3 1323 10676.065 3182.0203 0.21187103
3 1324 10676.798 3176.6487 0.21184795
3 1325 10677.454 3171.5437 0.21182445
3 1326 10678.042 3166.6726 0.21180148
3 1327 10678.569 3161.982 0.21177973
3 1328 10679.042 3157.4045 0.2117595
3 1329 10679.488 3152.8657 0.2117411
3 1330 10679.882 3148.3003 0.21172534
3 1331 10680.225 3143.6445 0.21171352
3 1332 10680.514 3138.8787 0.21170695
3 1333 10680.748 3134.0156 0.21170622
3 1334 10680.928 3129.082 0.21171074
3 1335 10681.127 3124.0908 0.2117189
3 1336 10681.398 3119.031 0.21172895
3 1337 10681.725 3113.88 0.21173963
3 1338 10682.121 3108.6272 0.21175057
3 1339 10682.616 3103.295 0.21176183
3 1340 10683.241 3097.9333 0.21177335
3 1341 10684.02 3092.6353 0.21178456
3 1342 10684.963 3087.4429 0.21179461
3 1343 10686.065 3082.388 0.2118029
3 1344 10687.305 3077.4753 0.21180941
3 1345 10688.649 3072.6995 0.21181472
3 1346 10690.06 3068.0642 0.21181968
3 1347 10691.492 3063.592 0.21182503
3 1348 10692.966 3059.3137 0.21183108
3 1349 10694.386 3055.24 0.21183762
3 1350 10695.778 3051.3389 0.21184422
3 1351 10697.114 3047.5337 0.21185051
3 1352 10698.392 3043.7273 0.21185651
3 1353 10699.692 3039.836 0.21186273
3 1354 10701.065 3035.8176 0.2118699
3 1355 10702.564 3031.681 0.21187851
3 1356 10704.254 3027.4778 0.2118885
3 1357 10706.199 3023.2834 0.21189903
3 1358 10708.446 3019.1714 0.21190864
3 1359 10711.0 3015.192 0.21191584
3 1360 10713.814 3011.3652 0.21191967
3 1361 10716.802 3007.6846 0.21192005
3 1362 10719.85 3004.1265 0.21191771
3 1363 10722.908 3000.6597 0.21191385
3 1364 10725.848 2997.2485 0.21190988
3 1365 10728.627 2993.8562 0.21190704
3 1366 10731.24 2990.4856 0.21190627
3 1367 10733.718 2987.08 0.21190777
3 1368 10736.106 2983.714 0.21191092
3 1369 10738.465 2980.4014 0.21191432
3 1370 10740.805 2977.1704 0.21191645
3 1371 10743.145 2974.045 0.21191654
3 1372 10745.406 2971.0525 0.21191503
3 1373 10747.525 2968.235 0.21191354
3 1374 10749.434 2965.644 0.21191405
3 1375 10751.088 2963.3235 0.21191807
3 1376 10752.475 2961.2864 0.21192616
3 1377 10753.61 2959.5012 0.21193807
3 1378 10754.532 2957.8994 0.21195327
3 1379 10755.287 2956.3994 0.21197142
3 1380 10755.923 2954.931 0.21199241
3 1381 10756.488 2953.439 0.21201602
3 1382 10757.031 2951.913 0.21204168
3 1383 10757.52 2950.373 0.21206859
3 1384 10758.063 2948.8853 0.21209574
3 1385 10758.654 2947.4429 0.21212204
3 1386 10759.296 2946.0647 0.21214628
3 1387 10759.992 2944.7605 0.2121673
3 1388 10760.754 2943.535 0.2121842
3 1389 10761.601 2942.3953 0.21219654
3 1390 10762.557 2941.3518 0.21220417
3 1391 10763.642 2940.4104 0.21220686
3 1392 10764.854 2939.5623 0.21220414
3 1393 10766.157 2938.7742 0.2121957
3 1394 10767.47 2938.0037 0.21218191
3 1395 10768.698 2937.163 0.21216445
3 1396 10769.779 2936.2502 0.21214595
3 1397 10770.68 2935.2686 0.21212927
3 1398 10771.407 2934.2598 0.21211648
3 1399 10771.998 2933.2412 0.2121086
3 1400 10772.492 2932.3018 0.21210557
3 1401 10772.915 2931.4854 0.2121067
3 1402 10773.272 2930.82 0.2121108
3 1403 10773.567 2930.3171 0.21211636
3 1404 10773.794 2929.9756 0.2121218
3 1405 10773.933 2929.7896 0.21212581
3 1406 10773.96 2929.7573 0.21212757
3 1407 10773.863 2929.8818 0.2121266
3 1408 10773.649 2930.165 0.2121226
3 1409 10773.355 2930.5986 0.21211538
3 1410 10773.033 2931.1562 0.21210499
3 1411 10772.695 2931.7998 0.21209222
3 1412 10772.416 2932.4912 0.2120786
3 1413 10772.205 2933.182 0.21206613
3 1414 10772.057 2933.8323 0.21205658
3 1415 10771.936 2934.4265 0.21205083
3 1416 10771.868 2934.9563 0.21204866
3 1417 10771.827 2935.4229 0.21204907
3 1418 10771.739 2935.8352 0.2120508
3 1419 10771.617 2936.2048 0.21205287
3 1420 10771.543 2936.5376 0.21205471
3 1421 10771.435 2936.8333 0.21205603
3 1422 10771.329 2937.0923 0.2120566
3 1423 10771.18 2937.333 0.21205626
3 1424 10771.066 2937.5376 0.21205492
3 1425 10771.002 2937.707 0.21205264
3 1426 10770.965 2937.8416 0.21204971
3 1427 10770.979 2937.9395 0.21204643
3 1428 10770.979 2937.9976 0.21204306
3 1429 10771.007 2938.0183 0.21203978
3 1430 10771.007 2938.0708 0.21203679
3 1431 10771.008 2938.1208 0.21203433
3 1432 10771.03 2938.1377 0.21203268
3 1433 10771.101 2938.1538 0.21203193
3 1434 10771.128 2938.203 0.21203199
3 1435 10771.106 2938.2695 0.2120326
3 1436 10771.057 2938.374 0.21203354
3 1437 10770.954 2938.5164 0.2120347
3 1438 10770.805 2938.6748 0.21203615
3 1439 10770.687 2938.8167 0.21203794
3 1440 10770.59 2938.9746 0.21203998
3 1441 10770.516 2939.1204 0.212042
3 1442 10770.461 2939.2346 0.21204364
3 1443 10770.454 2939.3318 0.21204458
3 1444 10770.46 2939.3975 0.21204458
3 1445 10770.44 2939.4827 0.21204354
3 1446 10770.44 2939.5605 0.21204145
3 1447 10770.472 2939.602 0.21203844
3 1448 10770.535 2939.626 0.21203473
3 1449 10770.577 2939.6704 0.21203059
3 1450 10770.651 2939.7178 0.21202631
3 1451 10770.75 2939.7327 0.21202217
3 1452 10770.791 2939.7327 0.21201834
3 1453 10770.812 2939.7268 0.21201497
3 1454 10770.779 2939.7146 0.21201214
3 1455 10770.766 2939.721 0.21200994
3 1456 10770.697 2939.7485 0.21200843
3 1457 10770.684 2939.8018 0.21200764
3 1458 10770.679 2939.841 0.21200758
3 1459 10770.692 2939.8853 0.21200828
3 1460 10770.686 2939.9624 0.21200971
3 1461 10770.631 2940.0703 0.21201186
3 1462 10770.557 2940.1724 0.2120147
3 1463 10770.518 2940.25 0.21201818
3 1464 10770.423 2940.2986 0.21202219
3 1465 10770.305 2940.364 0.21202661
3 1466 10770.191 2940.4846 0.21203125
3 1467 10770.102 2940.6453 0.21203576
3 1468 10770.063 2940.852 0.2120396
3 1469 10770.027 2941.081 0.2120422
3 1470 10770.038 2941.3481 0.21204312
3 1471 10770.106 2941.5964 0.2120423
3 1472 10770.227 2941.8071 0.21203999
3 1473 10770.393 2941.9973 0.21203671
3 1474 10770.585 2942.1497 0.2120331
