1 0 5585.0605 3067.394 0.1855662
1 1 5586.8135 3075.6333 0.18551464
1 2 5588.602 3083.9048 0.18545793
1 3 5590.427 3092.17 0.18539359
1 4 5592.2705 3100.3406 0.18531905
1 5 5594.1143 3108.313 0.18522984
1 6 5595.9463 3116.0078 0.18511751
1 7 5597.7603 3123.3813 0.18497102
1 8 5599.554 3130.4097 0.18478328
1 9 5601.3315 3137.07 0.18455802
1 10 5603.1074 3143.3257 0.18431082
1 11 5604.903 3149.1375 0.18406433
1 12 5606.737 3154.4949 0.18384121
1 13 5608.6235 3159.4324 0.18365803
1 14 5610.5737 3164.013 0.18352187
1 15 5612.592 3168.3027 0.18343078
1 16 5614.669 3172.3667 0.18337728
1 17 5616.7803 3176.2798 0.1833521
1 18 5618.8887 3180.1309 0.18334629
1 19 5620.956 3183.9946 0.18335178
1 20 5622.9526 3187.8894 0.18336146
1 21 5624.8545 3191.7776 0.18336938
1 22 5626.6484 3195.6133 0.18337119
1 23 5628.339 3199.3694 0.1833636
1 24 5629.952 3203.034 0.18334351
1 25 5631.525 3206.6143 0.18330745
1 26 5633.0874 3210.1458 0.1832522
1 27 5634.635 3213.6829 0.18317656
1 28 5636.143 3217.284 0.18308279
1 29 5637.5645 3220.996 0.18297644
1 30 5638.8477 3224.8433 0.1828645
1 31 5639.956 3228.8162 0.18275331
1 32 5640.878 3232.867 0.1826473
1 33 5641.632 3236.9138 0.18254912
1 34 5642.2573 3240.8577 0.18246019
1 35 5642.806 3244.6057 0.18238124
1 36 5643.3296 3248.0945 0.18231232
1 37 5643.86 3251.2983 0.18225278
1 38 5644.4307 3254.2256 0.18220147
1 39 5645.0596 3256.9058 0.18215713
1 40 5645.7617 3259.377 0.18211845
1 41 5646.5493 3261.682 0.18208426
1 42 5647.437 3263.8662 0.18205401
1 43 5648.447 3265.9778 0.18202835
1 44 5649.6104 3268.057 0.18200876
1 45 5650.96 3270.1145 0.18199602
1 46 5652.509 3272.1252 0.18198894
1 47 5654.247 3274.0479 0.18198442
1 48 5656.166 3275.8481 0.18197879
1 49 5658.2837 3277.5044 0.18196926
1 50 5660.6475 3278.9978 0.18195453
1 51 5663.311 3280.309 0.18193507
1 52 5666.31 3281.4238 0.18191265
1 53 5669.652 3282.3403 0.18188971
1 54 5673.3154 3283.0706 0.18186882
1 55 5677.267 3283.6375 0.18185203
1 56 5681.4707 3284.0688 0.18184039
1 57 5685.8945 3284.3926 0.18183365
1 58 5690.5063 3284.636 0.18183066
1 59 5695.2666 3284.8237 0.18183002
1 60 5700.1265 3284.977 0.1818306
1 61 5705.031 3285.112 0.18183169
1 62 5709.9243 3285.2373 0.1818329
1 63 5714.761 3285.3547 0.18183401
1 64 5719.5107 3285.4683 0.18183503
1 65 5724.1577 3285.5737 0.181836
1 66 5728.7007 3285.6792 0.1818279
1 67 5733.142 3285.7878 0.18181762
1 68 5737.485 3285.9055 0.18180636
1 69 5741.72 3286.0312 0.1817964
1 70 5745.813 3286.1616 0.18178941
1 71 5749.722 3286.3 0.18178579
1 72 5753.445 3286.448 0.18178497
1 73 5757.026 3286.6047 0.1817861
1 74 5760.5337 3286.7651 0.18178853
1 75 5764.037 3286.9292 0.1817919
1 76 5767.6006 3287.1023 0.18179585
1 77 5771.2764 3287.294 0.1817999
1 78 5775.0986 3287.5203 0.1818036
1 79 5779.0825 3287.801 0.18180665
1 80 5783.2285 3288.1602 0.18180914
1 81 5787.531 3288.6255 0.18181138
1 82 5791.9854 3289.228 0.18181369
1 83 5796.594 3290.0005 0.18181606
1 84 5801.3633 3290.974 0.18181787
1 85 5806.2974 3292.1772 0.18181786
1 86 5811.395 3293.6343 0.18181437
1 87 5816.6445 3295.363 0.18180597
1 88 5822.019 3297.3691 0.18179213
1 89 5827.4814 3299.6382 0.18177351
1 90 5832.9883 3302.1326 0.18175173
1 91 5838.5015 3304.795 0.18172865
1 92 5843.992 3307.5623 0.18170579
1 93 5849.4443 3310.3826 0.181684
1 94 5854.841 3313.219 0.18166354
1 95 5860.14 3316.0283 0.18164432
1 96 5865.288 3318.7783 0.18162619
1 97 5870.267 3321.4385 0.1816091
1 98 5875.106 3324.013 0.18159308
1 99 5879.8413 3326.54 0.1815781
1 100 5884.4937 3329.074 0.18156397
1 101 5889.0625 3331.6697 0.1815503
1 102 5893.5254 3334.3716 0.18153624
1 103 5897.844 3337.2053 0.18152054
1 104 5901.975 3340.1726 0.18150185
1 105 5905.8794 3343.2556 0.18147954
1 106 5909.5317 3346.4307 0.18145432
1 107 5912.926 3349.6929 0.18142794
1 108 5916.0767 3353.08 0.18140243
1 109 5919.0215 3356.6687 0.18137896
1 110 5921.8105 3360.533 0.1813572
1 111 5924.4927 3364.7078 0.1813355
1 112 5927.1025 3369.1885 0.18131159
1 113 5929.653 3373.9568 0.18128367
1 114 5932.1353 3378.9875 0.18125105
1 115 5934.5312 3384.235 0.18121427
1 116 5936.8203 3389.6235 0.18117465
1 117 5938.986 3395.0544 0.18113361
1 118 5941.02 3400.428 0.18109243
1 119 5942.9243 3405.595 0.18105243
1 120 5944.7085 3410.4397 0.18101527
1 121 5946.3804 3415.0117 0.1809827
1 122 5947.9473 3419.37 0.1809558
1 123 5949.4233 3423.5217 0.18093455
1 124 5950.841 3427.5132 0.18091784
1 125 5952.246 3431.4265 0.18090379
1 126 5953.6855 3435.3467 0.18089023
1 127 5955.1953 3439.3376 0.18087526
1 128 5956.796 3443.4343 0.18085752
1 129 5958.4854 3447.6472 0.18083635
1 130 5960.2407 3451.9688 0.18081161
1 131 5962.02 3456.3735 0.18078361
1 132 5963.7744 3460.816 0.18075308
1 133 5965.465 3465.2224 0.18072103
1 134 5967.077 3469.4932 0.18068855
1 135 5968.6255 3473.5198 0.18065661
1 136 5970.1484 3477.2114 0.1806262
1 137 5971.6895 3480.5132 0.18059835
1 138 5973.3057 3483.4097 0.180574
1 139 5975.0483 3485.9175 0.18055394
1 140 5976.9644 3488.0728 0.18053873
1 141 5979.098 3489.9143 0.18052879
1 142 5981.4854 3491.4756 0.18052433
1 143 5984.1494 3492.7869 0.1805251
1 144 5987.095 3493.8848 0.18052997
1 145 5990.2935 3494.8145 0.18053684
1 146 5993.6846 3495.622 0.18054314
1 147 5997.2134 3496.3452 0.1805468
1 148 6000.8813 3497.0085 0.18054725
1 149 6004.7476 3497.6301 0.18054582
1 150 6008.8965 3498.2288 0.18054563
1 151 6013.395 3498.8206 0.18055072
1 152 6018.2734 3499.4282 0.18056418
1 153 6023.519 3500.0544 0.18058571
1 154 6029.094 3500.7036 0.18061072
1 155 6034.9546 3501.3782 0.180632
1 156 6041.043 3502.0813 0.18064263
1 157 6047.1978 3502.818 0.18063745
1 158 6053.143 3503.5933 0.18061315
1 159 6058.6626 3504.4043 0.1805689
1 160 6063.663 3505.2312 0.18050747
1 161 6068.11 3506.0444 0.18043533
1 162 6071.997 3506.7983 0.18036191
1 163 6075.33 3507.477 0.18029824
1 164 6078.1187 3508.1313 0.18025465
1 165 6080.375 3508.8906 0.18023784
1 166 6082.196 3509.9165 0.18024908
1 167 6083.7285 3511.3396 0.18028508
1 168 6084.9746 3513.2234 0.1803404
1 169 6085.8403 3515.5493 0.18040949
1 170 6086.283 3518.2295 0.1804874
1 171 6086.3203 3521.1567 0.18056934
1 172 6086.0186 3524.256 0.18065041
1 173 6085.469 3527.5034 0.18072592
1 174 6084.756 3530.9082 0.1807926
1 175 6083.932 3534.4907 0.18085021
1 176 6083.023 3538.266 0.18090132
1 177 6082.04 3542.239 0.18094942
1 178 6080.998 3546.4014 0.18099684
1 179 6079.9175 3550.7327 0.18104418
1 180 6078.824 3555.2043 0.18109117
1 181 6077.735 3559.785 0.18113725
1 182 6076.669 3564.4424 0.18118109
1 183 6075.6465 3569.1423 0.18121977
1 184 6074.697 3573.8445 0.18124865
1 185 6073.8584 3578.505 0.1812632
1 186 6073.1704 3583.081 0.18126176
1 187 6072.6616 3587.5378 0.18124728
1 188 6072.3423 3591.8552 0.18122609
1 189 6072.2065 3596.0352 0.18120505
1 190 6072.2305 3600.104 0.18118864
1 191 6072.3755 3604.1074 0.18117741
1 192 6072.592 3608.098 0.18116778
1 193 6072.8228 3612.1216 0.18115357
1 194 6073.0146 3616.1975 0.18112852
1 195 6073.126 3620.2925 0.18108895
1 196 6073.1387 3624.3374 0.18103495
1 197 6073.0605 3628.2742 0.1809698
1 198 6072.926 3632.0657 0.18089856
1 199 6072.792 3635.6653 0.18082637
1 200 6072.753 3639.0127 0.1807574
1 201 6072.9316 3642.0552 0.18069476
1 202 6073.4463 3644.7659 0.18064079
1 203 6074.376 3647.1418 0.1805974
1 204 6075.766 3649.1907 0.180566
1 205 6077.644 3650.926 0.18054709
1 206 6080.0283 3652.369 0.18054001
1 207 6082.9165 3653.547 0.18054298
1 208 6086.268 3654.4797 0.1805537
1 209 6090.0137 3655.1475 0.18057002
1 210 6094.1084 3655.483 0.18059039
1 211 6098.558 3655.4043 0.18061373
1 212 6103.3945 3654.8494 0.18063901
1 213 6108.6357 3653.7834 0.1806652
1 214 6114.2744 3652.194 0.18069176
1 215 6120.28 3650.096 0.18071952
1 216 6126.611 3647.542 0.18075077
1 217 6133.2314 3644.613 0.18078856
1 218 6140.114 3641.3723 0.1808356
1 219 6147.1963 3637.86 0.1808935
1 220 6154.3438 3634.1453 0.1809624
1 221 6161.43 3630.3364 0.18104099
1 222 6168.3916 3626.5334 0.18112642
1 223 6175.1636 3622.8005 0.18121476
1 224 6181.671 3619.1743 0.18130219
1 225 6187.8677 3615.6636 0.18138607
1 226 6193.737 3612.2449 0.18146539
1 227 6199.275 3608.871 0.18154022
1 228 6204.486 3605.4785 0.18161102
1 229 6209.3843 3601.9766 0.18167798
1 230 6214.003 3598.2458 0.1817411
1 231 6218.3975 3594.1826 0.18180057
1 232 6222.6416 3589.7517 0.1818575
1 233 6226.8135 3584.9812 0.18191431
1 234 6230.9805 3579.9036 0.18197443
1 235 6235.1924 3574.5188 0.18204111
1 236 6239.4766 3568.814 0.18211646
1 237 6243.8403 3562.7947 0.18220103
1 238 6248.2744 3556.5005 0.18229404
1 239 6252.7554 3550.0005 0.18239406
1 240 6257.253 3543.3787 0.18249933
1 241 6261.7383 3536.7175 0.18260805
1 242 6266.2046 3530.0703 0.1827185
1 243 6270.6724 3523.464 0.18282928
1 244 6275.1787 3516.8948 0.18293959
1 245 6279.738 3510.3723 0.18304949
1 246 6284.336 3503.9246 0.18315944
1 247 6288.973 3497.5432 0.18326937
1 248 6293.6885 3491.1628 0.1833784
1 249 6298.6123 3484.6921 0.18348566
1 250 6303.937 3478.0425 0.18359166
1 251 6309.763 3471.1414 0.18369888
1 252 6316.0996 3463.9365 0.18381095
1 253 6322.9404 3456.3965 0.18393116
1 254 6330.196 3448.5103 0.18406127
1 255 6337.7246 3440.282 0.18420102
1 256 6345.5254 3431.7231 0.18434845
1 257 6353.6934 3422.8413 0.18450075
1 258 6362.953 3413.6208 0.18465538
1 259 6372.69 3404.027 0.1848108
1 260 6382.913 3394.0518 0.18496671
1 261 6393.639 3383.7363 0.18512377
1 262 6404.117 3373.1309 0.18528302
1 263 6415.0815 3362.2546 0.18544519
1 264 6426.543 3351.0947 0.18561025
1 265 6438.507 3339.6265 0.18577768
1 266 6450.964 3327.8342 0.18594721
1 267 6463.8755 3315.7312 0.18611932
1 268 6477.156 3303.3774 0.18629484
1 269 6490.3486 3291.1829 0.1864742
1 270 6503.1226 3279.237 0.1866568
1 271 6515.729 3267.407 0.18684058
1 272 6528.211 3255.9087 0.18702179
1 273 6540.372 3244.8296 0.18719588
1 274 6552.17 3234.1423 0.1873591
1 275 6563.6733 3223.7388 0.18751019
1 276 6574.99 3213.487 0.18765073
1 277 6586.1685 3203.2847 0.18778385
1 278 6597.1587 3193.0774 0.18791255
1 279 6607.8843 3182.8477 0.18803833
1 280 6618.3154 3172.5857 0.18816082
1 281 6628.281 3162.2637 0.18827853
1 282 6637.675 3151.8418 0.1883902
1 283 6646.5845 3141.2979 0.18849613
1 284 6655.029 3130.6487 0.18859847
1 285 6663.0083 3119.946 0.1887001
1 286 6670.7554 3109.2583 0.18880305
1 287 6678.3496 3098.6587 0.18890779
1 288 6685.588 3088.2205 0.18901348
1 289 6692.404 3078.014 0.18911865
1 290 6698.802 3068.1123 0.1892219
1 291 6704.832 3058.5967 0.18932237
1 292 6710.5664 3049.5237 0.18941993
1 293 6716.07 3040.8804 0.18951467
1 294 6721.306 3033.1626 0.18960594
1 295 6726.2114 3025.2527 0.18969184
1 296 6730.8457 3017.6643 0.18977
1 297 6735.253 3010.3518 0.18983866
1 298 6739.4087 3003.2354 0.18989754
1 299 6743.3306 2996.2073 0.18994811
1 300 6747.0854 2989.178 0.1899936
1 301 6750.7603 2982.114 0.19003847
1 302 6754.4263 2975.047 0.1900872
1 303 6758.125 2968.0688 0.19014287
1 304 6761.8735 2961.308 0.19020642
1 305 6765.676 2954.8806 0.1902768
1 306 6769.529 2948.835 0.1903516
1 307 6773.4224 2943.1497 0.19042768
1 308 6777.343 2937.7844 0.19050145
1 309 6781.2944 2932.7217 0.19056934
1 310 6785.3164 2927.9585 0.1906282
1 311 6789.468 2923.4922 0.1906761
1 312 6793.8013 2919.3176 0.19071276
1 313 6798.3447 2915.4255 0.19073965
1 314 6803.102 2911.794 0.19075933
1 315 6808.066 2908.3813 0.19077478
1 316 6813.2446 2905.136 0.19078875
1 317 6818.6636 2902.0168 0.1908034
1 318 6824.341 2899.006 0.19082022
1 319 6830.2607 2896.1062 0.19084018
1 320 6836.355 2893.3376 0.19086385
1 321 6842.523 2890.7373 0.19089134
1 322 6848.6953 2888.3416 0.19092217
1 323 6854.857 2886.165 0.19095537
1 324 6861.0186 2884.2053 0.19099003
1 325 6867.203 2882.5276 0.19102609
1 326 6873.4414 2881.2686 0.19106454
1 327 6879.768 2880.4917 0.19110659
1 328 6886.2173 2880.11 0.19115227
1 329 6892.8203 2879.9858 0.19119988
1 330 6899.601 2880.1062 0.19124694
1 331 6906.5664 2880.552 0.19129166
1 332 6913.6875 2881.373 0.19133316
1 333 6920.883 2882.5671 0.19137068
1 334 6928.026 2884.0793 0.19140278
1 335 6934.3726 2885.809 0.1914276
1 336 6940.2627 2887.629 0.19144358
1 337 6945.681 2889.404 0.19145007
1 338 6950.629 2891.0107 0.19144748
1 339 6955.8096 2892.3447 0.19143708
1 340 6960.531 2893.3242 0.19142084
1 341 6964.7744 2893.891 0.19140127
1 342 6968.5444 2894.0095 0.19138135
1 343 6971.867 2893.6667 0.19136408
1 344 6974.7905 2892.8772 0.19135185
1 345 6977.3755 2891.6929 0.19134586
1 346 6979.681 2890.2043 0.19134614
1 347 6981.7563 2888.5176 0.19135198
1 348 6983.6533 2886.7153 0.19136222
1 349 6985.4434 2884.837 0.19137575
1 350 6987.221 2882.8796 0.19139206
1 351 6989.0923 2880.819 0.19141188
1 352 6991.1587 2878.648 0.19143713
1 353 6993.5024 2876.4172 0.19146957
1 354 6996.1743 2874.244 0.19150914
1 355 6999.185 2872.279 0.19155335
1 356 7002.5117 2870.6619 0.19159815
1 357 7006.1084 2869.486 0.19163974
1 358 7009.926 2868.7834 0.19167592
1 359 7013.9277 2868.5276 0.1917064
1 360 7018.1 2868.665 0.19173232
1 361 7022.444 2869.1516 0.19175526
1 362 7026.957 2869.9592 0.19177602
1 363 7031.6055 2871.058 0.19179347
1 364 7036.3013 2872.3967 0.19180445
1 365 7040.914 2873.8987 0.19180499
1 366 7045.308 2875.4731 0.19179218
1 367 7049.3735 2877.0295 0.19176534
1 368 7053.0444 2878.491 0.19172598
1 369 7056.301 2879.8022 0.19167687
1 370 7059.166 2880.933 0.19162104
1 371 7061.68 2881.8762 0.1915612
1 372 7063.8657 2882.641 0.19149983
1 373 7065.7217 2883.2473 0.19143899
1 374 7067.244 2883.719 0.19138023
1 375 7068.448 2884.0813 0.19132417
1 376 7069.376 2884.359 0.19127035
1 377 7070.089 2884.574 0.19121759
1 378 7070.6562 2884.7427 0.19116454
1 379 7071.1455 2884.875 0.19111045
1 380 7071.6167 2884.9758 0.19105577
1 381 7072.1245 2885.0496 0.19100232
1 382 7072.7207 2885.1045 0.19095272
1 383 7073.452 2885.1526 0.19090953
1 384 7074.3516 2885.2131 0.19087453
1 385 7075.425 2885.292 0.19084853
1 386 7076.646 2885.3918 0.19083144
1 387 7077.9644 2885.5098 0.19082221
1 388 7079.312 2885.6426 0.1908188
1 389 7080.623 2885.79 0.1908183
1 390 7081.844 2885.9539 0.19081795
1 391 7082.938 2886.1348 0.19081646
1 392 7083.886 2886.332 0.19081461
1 393 7084.687 2886.5413 0.19081502
1 394 7085.352 2886.7595 0.19082099
1 395 7085.9 2886.9827 0.19083527
1 396 7086.3496 2887.1946 0.19085895
1 397 7086.7173 2887.395 0.19089122
1 398 7087.015 2887.5774 0.19092996
1 399 7087.255 2887.736 0.19097291
1 400 7087.45 2887.869 0.19101855
1 401 7087.614 2887.9775 0.19106613
1 402 7087.76 2888.067 0.191115
1 403 7087.9004 2888.1418 0.19116424
1 404 7088.0454 2888.2046 0.19121283
1 405 7088.202 2888.2546 0.19126008
1 406 7088.384 2888.2917 0.19130531
1 407 7088.618 2888.3225 0.19134709
1 408 7088.946 2888.3552 0.19138302
1 409 7089.4087 2888.4065 0.19141053
1 410 7090.037 2888.4849 0.19142841
1 411 7090.8413 2888.5928 0.19143748
1 412 7091.809 2888.73 0.19143972
1 413 7092.908 2888.896 0.19143696
1 414 7094.0933 2889.0894 0.19143048
1 415 7095.314 2889.3037 0.19142134
1 416 7096.52 2889.5266 0.19141091
1 417 7097.6685 2889.7476 0.19140072
1 418 7098.7285 2889.9436 0.19139184
1 419 7099.6807 2890.091 0.19138457
1 420 7100.5225 2890.158 0.19137861
1 421 7101.2695 2890.1099 0.19137362
1 422 7101.9556 2889.9224 0.1913697
1 423 7102.6343 2889.5889 0.19136745
1 424 7103.3726 2889.1199 0.19136761
1 425 7104.24 2888.5308 0.19137046
1 426 7105.2925 2887.8262 0.19137539
1 427 7106.5625 2886.9917 0.19138126
1 428 7108.089 2886.0005 0.19138725
1 429 7109.951 2884.8274 0.19139358
1 430 7112.2114 2883.4607 0.19140154
1 431 7114.837 2881.9155 0.19141285
1 432 7117.758 2880.246 0.19142893
1 433 7120.959 2878.544 0.19145016
1 434 7124.4663 2876.9229 0.19147566
1 435 7128.2896 2875.4944 0.19150354
1 436 7132.4033 2874.3438 0.19153148
1 437 7136.7476 2873.5154 0.1915571
1 438 7141.2407 2873.0127 0.19157858
1 439 7145.7935 2872.8113 0.19159542
1 440 7150.3203 2872.8748 0.19160883
1 441 7154.7495 2873.162 0.1916212
1 442 7159.0273 2873.623 0.19163497
1 443 7163.1196 2874.192 0.19165154
1 444 7167.009 2874.7856 0.19167104
1 445 7170.686 2875.3162 0.19169284
1 446 7174.1426 2875.7112 0.19171628
1 447 7177.388 2875.9365 0.19174087
1 448 7180.4717 2876.0164 0.19176613
1 449 7183.4707 2876.0378 0.19179149
1 450 7186.448 2876.1218 0.19181626
1 451 7189.4067 2876.337 0.19183977
1 452 7192.279 2876.6934 0.19186136
1 453 7194.962 2877.1614 0.19188043
1 454 7197.375 2877.6912 0.19189645
1 455 7199.4883 2878.2275 0.19190916
1 456 7201.308 2878.723 0.19191867
1 457 7202.845 2879.144 0.19192538
1 458 7204.1006 2879.4768 0.19192985
1 459 7205.0796 2879.7227 0.1919327
1 460 7205.802 2879.8933 0.1919344
1 461 7206.306 2880.0056 0.1919354
1 462 7206.6396 2880.0757 0.19193597
1 463 7206.8496 2880.118 0.19193628
1 464 7206.976 2880.1423 0.19193645
1 465 7207.0493 2880.1565 0.19193652
1 466 7207.091 2880.1636 0.19193657
1 467 7207.1133 2880.1672 0.19193658
1 468 7207.125 2880.1672 0.1919366
1 469 7207.133 2880.1672 0.1919366
1 470 7207.133 2880.1672 0.1919366
1 471 7207.133 2880.1672 0.1919366
1 472 7207.133 2880.1672 0.1919366
1 473 7207.133 2880.1672 0.1919366
1 474 7207.133 2880.1672 0.1919366
1 475 7207.133 2880.1672 0.1919366
1 476 7207.133 2880.1672 0.1919366
1 477 7207.133 2880.1672 0.1919366
1 478 7207.133 2880.1672 0.1919366
1 479 7207.133 2880.1672 0.1919366
1 480 7207.133 2880.1672 0.1919366
1 481 7207.129 2880.1672 0.19193165
1 482 7207.108 2880.1804 0.19191036
1 483 7207.0405 2880.194 0.19184928
1 484 7206.881 2880.177 0.19172348
1 485 7206.582 2880.067 0.19152264
1 486 7206.1113 2879.776 0.19125782
1 487 7205.4634 2879.2073 0.19095287
1 488 7204.687 2878.2966 0.1906344
1 489 7203.958 2877.0847 0.19033386
1 490 7203.534 2875.751 0.19009618
1 491 7203.5825 2874.5232 0.1899795
1 492 7204.174 2873.5845 0.19004172
1 493 7205.3477 2873.0132 0.19032535
1 494 7207.011 2872.7742 0.19085114
1 495 7209.038 2872.7979 0.19161968
1 496 7211.486 2873.0576 0.19261195
1 497 7214.4307 2873.5469 0.19378671
1 498 7217.788 2874.2449 0.19508554
1 499 7221.416 2875.1118 0.1964536
1 500 7225.292 2876.072 0.19786501
1 501 7229.4785 2877.014 0.19933243
1 502 7233.9775 2877.844 0.20089409
1 503 7238.6914 2878.531 0.20258771
1 504 7243.4297 2879.0867 0.20442542
1 505 7247.403 2879.5376 0.20637839
1 506 7250.939 2879.924 0.20837645
1 507 7254.0264 2880.3262 0.2103247
1 508 7256.6406 2880.8684 0.21213204
1 509 7258.765 2881.6487 0.21374026
1 510 7260.3613 2882.7197 0.21514024
1 511 7261.4385 2884.1309 0.21636622
1 512 7262.7744 2885.8838 0.21747
1 513 7263.5996 2887.9177 0.21848734
1 514 7263.899 2890.1702 0.21941465
1 515 7263.669 2892.5789 0.22020975
1 516 7262.933 2895.031 0.22081894
1 517 7261.7515 2897.3452 0.22121796
1 518 7260.22 2899.3376 0.22144
1 519 7258.452 2900.9226 0.22156698
1 520 7256.558 2902.1377 0.2216871
1 521 7254.637 2903.0525 0.22185066
1 522 7252.7725 2903.6807 0.2220572
1 523 7251.021 2904.0024 0.22227566
1 524 7249.4116 2904.021 0.2224678
1 525 7247.9487 2903.7915 0.22259094
1 526 7246.6294 2903.4414 0.22259593
1 527 7245.4565 2903.1511 0.22244653
1 528 7244.4517 2903.092 0.22215137
1 529 7243.652 2903.373 0.22177204
1 530 7243.0977 2904.075 0.22139244
1 531 7242.8145 2905.2834 0.22107306
1 532 7242.8047 2906.9473 0.22082564
1 533 7243.052 2908.906 0.2206221
1 534 7243.529 2911.1272 0.22042453
1 535 7244.2114 2913.68 0.22021002
1 536 7245.084 2916.6025 0.2199762
1 537 7246.1377 2919.8806 0.21973251
1 538 7247.3726 2923.4548 0.2194898
1 539 7248.793 2927.2378 0.21925554
1 540 7250.403 2931.13 0.21903442
1 541 7252.202 2934.9639 0.2188316
1 542 7254.1846 2938.521 0.21865493
1 543 7256.3354 2941.6768 0.21851386
1 544 7258.623 2944.4758 0.21841605
1 545 7260.9844 2946.8481 0.21836568
1 546 7263.3237 2948.7 0.21836478
1 547 7265.532 2950.068 0.21841514
1 548 7267.5073 2950.9438 0.21852028
1 549 7269.154 2951.3088 0.21868835
1 550 7270.3984 2951.1465 0.21893519
1 551 7271.2114 2950.719 0.21922643
1 552 7271.6206 2950.1194 0.21973515
1 553 7271.693 2949.1174 0.22035557
1 554 7271.504 2947.6501 0.22110897
1 555 7271.127 2945.7488 0.22200045
1 556 7270.646 2943.535 0.22302753
1 557 7270.168 2941.1982 0.2241764
1 558 7269.8047 2938.9336 0.22541715
1 559 7269.6343 2936.8833 0.22670789
1 560 7269.6855 2935.093 0.22800744
1 561 7269.962 2933.5403 0.22928727
1 562 7270.464 2932.211 0.23053543
1 563 7271.196 2931.11 0.2317513
1 564 7272.1626 2930.235 0.2329384
1 565 7273.3564 2929.5535 0.23410387
1 566 7274.747 2928.92 0.23526502
1 567 7276.287 2928.0715 0.23645604
1 568 7277.9297 2926.8098 0.23772688
1 569 7279.642 2925.1548 0.2391313
1 570 7281.4043 2923.2498 0.24070793
1 571 7283.192 2921.1355 0.24246316
1 572 7284.9595 2918.7585 0.24436887
1 573 7286.565 2916.092 0.246385
1 574 7287.7896 2913.1538 0.24849704
1 575 7288.595 2910.0059 0.25074083
1 576 7289.114 2906.8203 0.25319445
1 577 7289.428 2904.9102 0.2559415
1 578 7289.6675 2903.9426 0.25901252
1 579 7290.0645 2904.1123 0.26231572
1 580 7291.472 2905.616 0.26560837
1 581 7293.286 2908.3938 0.2685663
1 582 7295.8296 2912.7146 0.2709153
1 583 7298.917 2918.2036 0.27250817
1 584 7302.426 2924.5728 0.2733002
1 585 7306.4033 2931.708 0.27330306
1 586 7310.817 2939.3833 0.27260664
1 587 7315.6367 2947.5679 0.2714382
1 588 7320.2505 2955.8152 0.2701527
1 589 7325.311 2964.4058 0.26912352
1 590 7330.794 2972.8613 0.2686168
1 591 7336.63 2981.5112 0.26873416
1 592 7342.7114 2990.0972 0.26943016
1 593 7348.936 2998.6099 0.27055952
1 594 7355.2095 3007.073 0.27192092
1 595 7361.419 3015.4404 0.27329305
1 596 7367.48 3023.665 0.27447096
1 597 7373.3164 3031.744 0.27531317
1 598 7378.8667 3039.66 0.2757958
1 599 7384.121 3047.3733 0.27604505
1 600 7389.0854 3054.8435 0.27631202
1 601 7393.7656 3062.034 0.27688652
1 602 7398.225 3068.971 0.27799267
1 603 7402.5815 3075.7917 0.2797089
1 604 7406.931 3082.651 0.2819247
1 605 7411.319 3089.6182 0.28435442
1 606 7415.7744 3096.668 0.2866437
1 607 7420.3086 3103.7224 0.28853363
1 608 7424.8994 3110.7405 0.2899654
1 609 7429.5195 3117.7476 0.29104644
1 610 7434.154 3124.7747 0.2919216
1 611 7438.793 3131.8215 0.29266298
1 612 7443.407 3138.8682 0.2932536
1 613 7447.973 3145.8855 0.29364508
1 614 7452.4644 3152.8464 0.29381815
1 615 7456.867 3159.7358 0.29380032
1 616 7461.18 3166.553 0.29364768
1 617 7465.407 3173.3108 0.29341915
1 618 7469.5503 3180.0327 0.2931611
1 619 7473.5957 3186.7136 0.2929036
1 620 7477.5 3193.292 0.29266304
1 621 7481.2056 3199.7188 0.29244697
1 622 7484.6865 3206.0015 0.29225877
1 623 7487.9536 3212.1526 0.29209957
1 624 7491.0312 3218.182 0.29196703
1 625 7493.952 3224.1213 0.29185382
1 626 7496.76 3230.0154 0.29174796
1 627 7499.4995 3235.9019 0.29163617
1 628 7502.208 3241.8008 0.29150775
1 629 7504.908 3247.7202 0.29135782
1 630 7507.6255 3253.6677 0.2911887
1 631 7510.3696 3259.6587 0.29100832
1 632 7513.1523 3265.716 0.29082632
1 633 7515.9756 3271.8633 0.29065013
1 634 7518.826 3278.112 0.29048333
1 635 7521.676 3284.4512 0.29032534
1 636 7524.4854 3290.8442 0.29017118
1 637 7527.214 3297.2432 0.2900125
1 638 7529.8237 3303.5999 0.289842
1 639 7532.2847 3309.8716 0.28965792
1 640 7534.5767 3316.0176 0.2894641
1 641 7536.6885 3321.997 0.2892666
1 642 7538.616 3327.7747 0.2890714
1 643 7540.358 3333.3296 0.2888846
1 644 7541.915 3338.638 0.2887126
1 645 7543.2925 3343.6562 0.28856042
1 646 7544.499 3348.3774 0.28843012
1 647 7545.544 3352.839 0.28832066
1 648 7546.44 3356.8608 0.28822973
1 649 7547.203 3360.28 0.28815556
1 650 7547.8604 3363.0974 0.28809744
1 651 7548.445 3365.2734 0.2880553
1 652 7548.9966 3366.9126 0.28802827
1 653 7549.554 3368.111 0.28801116
1 654 7550.1475 3368.8813 0.28798616
1 655 7550.787 3369.4482 0.28791302
1 656 7551.459 3369.8704 0.28773215
1 657 7552.132 3370.0046 0.28739253
1 658 7552.7686 3369.9001 0.28688928
1 659 7553.34 3369.6936 0.28627768
1 660 7553.8286 3369.5378 0.28564954
1 661 7554.225 3369.5525 0.28509086
1 662 7554.5244 3369.795 0.28464842
1 663 7554.7246 3370.2751 0.2843186
1 664 7554.8257 3370.9888 0.28406072
1 665 7554.8296 3371.922 0.28382602
1 666 7554.7437 3373.0364 0.28358123
1 667 7554.58 3374.2646 0.283312
1 668 7554.3584 3375.5303 0.2830125
1 669 7554.1 3376.755 0.2826769
1 670 7553.8247 3377.8875 0.2822985
1 671 7553.5435 3378.8926 0.28187498
1 672 7553.2705 3379.7554 0.28141496
1 673 7553.009 3380.4775 0.2809405
1 674 7552.7607 3381.0762 0.28048238
1 675 7552.519 3381.5745 0.2800719
1 676 7552.273 3381.9817 0.27973357
1 677 7552.008 3382.2805 0.27947992
1 678 7551.718 3382.4412 0.2793093
1 679 7551.4033 3382.4514 0.2792077
1 680 7551.0664 3382.3381 0.27915424
1 681 7550.7056 3382.1711 0.27912816
1 682 7550.3135 3382.0579 0.27911514
1 683 7549.881 3382.1208 0.27911007
1 684 7549.395 3382.4548 0.27911514
1 685 7548.841 3383.098 0.27913493
1 686 7548.206 3384.0422 0.27917206
1 687 7547.4854 3385.2725 0.27922657
1 688 7546.6826 3386.7864 0.27929744
1 689 7545.8135 3388.5918 0.2793831
1 690 7544.9014 3390.6904 0.2794795
1 691 7543.9697 3393.071 0.27957916
1 692 7543.04 3395.7117 0.27967316
1 693 7542.1294 3398.587 0.27975446
1 694 7541.248 3401.6663 0.2798196
1 695 7540.4014 3404.9011 0.27986816
1 696 7539.5947 3408.2217 0.27990088
1 697 7538.833 3411.5754 0.27991855
1 698 7538.118 3414.9766 0.2799217
1 699 7537.4404 3418.5068 0.27991095
1 700 7536.7773 3422.2703 0.2798874
1 701 7536.0957 3426.3413 0.279853
1 702 7535.357 3430.7402 0.27981046
1 703 7534.537 3435.441 0.27976364
1 704 7533.6294 3440.3896 0.27971742
1 705 7532.6426 3445.5144 0.27967688
1 706 7531.596 3450.7065 0.27964592
1 707 7530.513 3455.8147 0.27962595
1 708 7529.4175 3460.7466 0.27961558
1 709 7528.3193 3465.4763 0.27961108
1 710 7527.2344 3469.9866 0.27960798
1 711 7526.1606 3474.2478 0.2796039
1 712 7525.084 3478.2415 0.2796007
1 713 7523.982 3481.9663 0.27960443
1 714 7522.829 3485.4387 0.2796227
1 715 7521.603 3488.6902 0.27966174
1 716 7520.286 3491.7664 0.27972546
1 717 7518.8677 3494.7195 0.27981576
1 718 7517.3457 3497.5957 0.2799333
1 719 7515.732 3500.4177 0.28007665
1 720 7514.0527 3503.1704 0.28024134
1 721 7512.3555 3505.8037 0.28041926
1 722 7510.6953 3508.262 0.28059998
1 723 7509.1084 3510.5261 0.28077295
1 724 7507.5938 3512.6309 0.28092986
1 725 7506.116 3514.6484 0.2810664
1 726 7504.6235 3516.6716 0.2811827
1 727 7503.066 3518.8044 0.28128266
1 728 7501.402 3521.1362 0.28137285
1 729 7499.604 3523.7705 0.28146186
1 730 7497.6597 3526.8335 0.28155982
1 731 7495.571 3530.3728 0.281677
1 732 7493.3496 3534.3804 0.28182244
1 733 7491.015 3538.8862 0.28200197
1 734 7488.5903 3543.9475 0.28221515
1 735 7486.0986 3550.1545 0.28245258
1 736 7483.5576 3556.8462 0.28269708
1 737 7480.9736 3563.992 0.28292945
1 738 7478.3413 3571.6123 0.2831357
1 739 7475.6455 3579.7996 0.28331253
1 740 7472.8735 3588.4783 0.28346735
1 741 7470.0186 3597.658 0.2836132
1 742 7467.077 3607.3281 0.28376055
1 743 7464.0464 3616.7517 0.28391162
1 744 7460.924 3626.6306 0.28405833
1 745 7457.726 3636.8298 0.28418347
1 746 7454.4995 3647.1985 0.28426448
1 747 7451.2803 3657.6445 0.28428182
1 748 7448.075 3668.0964 0.28423095
1 749 7444.8545 3678.4866 0.28412983
1 750 7441.589 3688.7744 0.28400958
1 751 7438.2686 3698.957 0.28388953
1 752 7434.888 3709.075 0.28376105
1 753 7431.431 3719.207 0.2835981
1 754 7427.8604 3729.4482 0.28338423
1 755 7424.1235 3739.873 0.28313255
1 756 7420.159 3750.518 0.28288853
1 757 7415.3223 3761.582 0.28272286
1 758 7409.989 3773.248 0.282724
1 759 7404.8867 3785.5203 0.28299645
1 760 7399.355 3798.1006 0.28366262
1 761 7393.351 3810.85 0.28485313
1 762 7386.864 3823.9111 0.2866691
1 763 7379.9575 3837.1577 0.28912306
1 764 7372.8 3850.3418 0.29209504
1 765 7365.609 3863.3057 0.29533824
1 766 7358.535 3876.0679 0.29853624
1 767 7351.639 3888.653 0.3013861
1 768 7344.9707 3901.0518 0.3036727
1 769 7339.103 3913.2012 0.3053075
1 770 7333.059 3925.0276 0.3063217
1 771 7327.3374 3936.6074 0.3068255
1 772 7321.938 3947.9941 0.30695674
1 773 7316.849 3959.1326 0.30683738
1 774 7312.0635 3969.9216 0.30654532
1 775 7307.5923 3980.3025 0.30610687
1 776 7303.4517 3990.3625 0.30550972
1 777 7299.6265 4000.1777 0.3047293
1 778 7296.068 4009.7644 0.30375695
1 779 7292.708 4019.1829 0.30262032
1 780 7289.46 4028.5667 0.30138576
1 781 7286.212 4038.0923 0.3001382
1 782 7282.839 4047.878 0.2989488
1 783 7279.223 4057.9568 0.29784992
1 784 7275.2725 4068.3408 0.29683453
1 785 7270.2524 4079.5889 0.2958824
1 786 7264.767 4091.208 0.29499853
1 787 7258.798 4102.643 0.29423577
1 788 7252.3022 4115.0493 0.2936822
1 789 7245.2017 4127.962 0.29341856
1 790 7237.457 4141.423 0.29347935
1 791 7229.076 4155.3945 0.29384902
1 792 7221.0117 4169.106 0.29448974
1 793 7212.352 4183.2607 0.2953677
1 794 7203.252 4197.378 0.29645073
1 795 7194.1035 4210.3574 0.29768056
1 796 7185.882 4222.2007 0.29894787
1 797 7178.399 4232.743 0.30009955
1 798 7171.139 4242.656 0.30097625
1 799 7164.266 4251.7935 0.30145404
1 800 7157.752 4260.334 0.3014763
1 801 7151.0693 4268.3145 0.3010772
1 802 7144.82 4276.2563 0.30037752
1 803 7138.9883 4283.7725 0.2995289
1 804 7133.4575 4291.35 0.29863304
1 805 7128.055 4298.505 0.297699
1 806 7122.6504 4305.5737 0.29666927
1 807 7117.1733 4312.7256 0.29548573
1 808 7111.593 4320.0244 0.29414347
1 809 7105.9023 4327.4956 0.2927003
1 810 7100.1245 4335.137 0.29124796
1 811 7094.3135 4342.8994 0.289874
1 812 7088.531 4350.7036 0.28863877
1 813 7082.828 4358.496 0.28757253
1 814 7077.2163 4366.245 0.28668356
1 815 7071.6626 4373.9614 0.2859688
1 816 7066.099 4381.687 0.28542152
1 817 7060.437 4389.4854 0.28503254
1 818 7054.5933 4397.4204 0.28478834
1 819 7048.529 4405.491 0.28467306
1 820 7042.292 4413.5933 0.28467384
1 821 7035.985 4421.623 0.28478155
1 822 7029.669 4429.5537 0.2849845
1 823 7023.3135 4437.4106 0.28526172
1 824 7016.802 4445.266 0.28558174
1 825 7010.0586 4453.1934 0.28590307
1 826 7003.0796 4461.228 0.28617388
1 827 6995.862 4469.3955 0.2863404
1 828 6988.39 4477.712 0.28636912
1 829 6980.669 4486.1543 0.28626716
1 830 6972.733 4494.6636 0.28607938
1 831 6964.6426 4503.1543 0.28586355
1 832 6956.4795 4511.5156 0.285665
1 833 6948.3496 4519.6206 0.28550717
1 834 6940.371 4527.3687 0.28539658
1 835 6932.6416 4534.7314 0.28533098
1 836 6925.2285 4541.213 0.28530192
1 837 6918.2017 4547.3145 0.28529453
1 838 6911.6245 4553.01 0.28529158
1 839 6905.5176 4558.2935 0.28528202
1 840 6899.846 4563.7803 0.28526595
1 841 6894.525 4568.869 0.28525123
1 842 6889.479 4573.543 0.28524473
1 843 6884.71 4577.785 0.2852451
1 844 6880.8843 4580.93 0.28524166
1 845 6876.852 4584.2935 0.28522035
1 846 6873.2173 4587.2173 0.28517243
1 847 6869.999 4589.7114 0.2850998
1 848 6867.1836 4591.801 0.28501248
1 849 6864.7095 4593.5386 0.28492108
1 850 6862.467 4595.0107 0.28482974
1 851 6860.315 4596.3306 0.2847347
1 852 6858.0996 4597.616 0.28462908
1 853 6855.6763 4598.971 0.2845097
1 854 6852.9585 4600.48 0.28438002
1 855 6849.9355 4602.2153 0.28424704
1 856 6846.6255 4604.2354 0.28411588
1 857 6843.0317 4606.5767 0.2839873
1 858 6839.1523 4609.241 0.28385907
1 859 6835.0063 4612.1978 0.283728
1 860 6830.6426 4615.388 0.28359142
1 861 6826.131 4618.7417 0.28344804
1 862 6821.547 4622.189 0.2832996
1 863 6816.956 4625.6665 0.28315148
1 864 6812.4033 4629.124 0.28301045
1 865 6807.913 4632.534 0.282881
1 866 6803.496 4635.8794 0.2827632
1 867 6799.1567 4639.1523 0.2826544
1 868 6794.8975 4642.352 0.28255245
1 869 6790.7275 4645.4766 0.28245795
1 870 6786.684 4648.5137 0.28237325
1 871 6782.817 4651.4336 0.28230053
1 872 6779.141 4654.21 0.282241
1 873 6775.6284 4656.8486 0.2821948
1 874 6772.237 4659.3843 0.28216144
1 875 6768.93 4661.8594 0.2821394
1 876 6765.7017 4664.299 0.28212547
1 877 6762.5947 4666.6914 0.28211516
1 878 6759.684 4668.987 0.28210422
1 879 6757.0234 4671.121 0.28209078
1 880 6754.6343 4673.045 0.2820759
1 881 6752.524 4674.732 0.28206187
1 882 6750.6943 4676.1763 0.28204978
1 883 6749.143 4677.3867 0.2820387
1 884 6747.8643 4678.383 0.28202698
1 885 6746.8604 4679.184 0.28201383
1 886 6746.1406 4679.8003 0.28199908
1 887 6745.708 4680.2324 0.28198195
1 888 6745.536 4680.485 0.28196084
1 889 6745.5703 4680.5796 0.28193486
1 890 6745.7417 4680.5625 0.28190547
1 891 6745.9805 4680.4927 0.28187603
1 892 6746.2295 4680.4243 0.2818497
1 893 6746.4595 4680.3906 0.2818281
1 894 6746.6772 4680.396 0.2818117
1 895 6746.9067 4680.4185 0.28180203
1 896 6747.1743 4680.437 0.28180248
1 897 6747.481 4680.43 0.2818169
1 898 6747.8115 4680.399 0.28184697
1 899 6748.1494 4680.3525 0.281891
1 900 6748.503 4680.3013 0.28194562
1 901 6748.8794 4680.245 0.28200793
1 902 6749.2905 4680.184 0.28207567
1 903 6749.7354 4680.1133 0.28214574
1 904 6750.203 4680.0527 0.28221315
1 905 6750.678 4680.0054 0.2822723
1 906 6751.153 4679.9756 0.28231955
1 907 6751.619 4679.9604 0.28235468
1 908 6752.082 4679.952 0.28238043
1 909 6752.551 4679.946 0.28240055
1 910 6753.0234 4679.931 0.2824182
1 911 6753.4863 4679.9116 0.28243524
1 912 6753.9136 4679.899 0.2824525
1 913 6754.277 4679.9146 0.2824703
1 914 6754.5537 4679.9736 0.28248888
1 915 6754.747 4680.075 0.2825076
1 916 6754.89 4680.1953 0.28252417
1 917 6755.04 4680.299 0.28253493
1 918 6755.261 4680.337 0.28253675
1 919 6755.605 4680.271 0.28252906
1 920 6756.0903 4680.0854 0.28251475
1 921 6756.6934 4679.7935 0.282499
1 922 6757.3535 4679.435 0.28248718
1 923 6757.993 4679.0635 0.2824835
1 924 6758.5425 4678.7275 0.28249016
1 925 6758.9546 4678.461 0.28250763
1 926 6759.209 4678.2783 0.28253502
1 927 6759.3066 4678.182 0.2825707
1 928 6759.2607 4678.1655 0.28261313
1 929 6759.0923 4678.218 0.28266093
1 930 6758.829 4678.3228 0.28271288
1 931 6758.5 4678.465 0.28276783
1 932 6758.1323 4678.6284 0.2828246
1 933 6757.752 4678.799 0.282882
