1 2 7402.7841797 3200.8139648 0.2061847 
1 3 7405.5126953 3214.6499023 0.2061632 
1 4 7405.5126953 3214.6499023 0.2061632 
1 5 7408.6191406 3226.7817383 0.2060128 
1 6 7411.6289062 3237.2644043 0.2059408 
1 7 7414.1596680 3247.7536621 0.2058456 
1 8 7416.3652344 3257.8225098 0.2058077 
1 9 7418.7714844 3267.0429688 0.2056689 
1 10 7421.5488281 3275.0744629 0.2054515 
1 11 7423.1982422 3283.0202637 0.2053449 
1 12 7423.6894531 3291.4602051 0.2054142 
1 13 7431.4868164 3299.1264648 0.2041051 
1 14 7433.3525391 3305.1904297 0.2040015 
1 15 7435.6250000 3310.5488281 0.2039443 
1 16 7439.6899414 3317.0080566 0.2034612 
1 17 7441.5234375 3321.5664062 0.2035525 
1 18 7443.6499023 3324.9135742 0.2036169 
1 19 7445.4936523 3328.0014648 0.2036806 
1 20 7448.3681641 3330.9663086 0.2036722 
1 21 7451.1035156 3334.3623047 0.2037012 
1 22 7453.4643555 3338.1337891 0.2037105 
1 23 7455.2685547 3342.2255859 0.2037605 
1 24 7457.0595703 3347.3408203 0.2038296 
1 25 7458.8710938 3352.6542969 0.2037981 
1 26 7460.8955078 3357.9047852 0.2037536 
1 27 7462.8320312 3362.8395996 0.2037499 
1 28 7465.4487305 3367.3613281 0.2036756 
1 29 7465.4487305 3367.3613281 0.2036756 
1 30 7468.0107422 3371.6059570 0.2035467 
1 31 7470.5473633 3375.5957031 0.2033890 
1 32 7472.9091797 3380.3381348 0.2031951 
1 33 7475.1391602 3385.1733398 0.2029978 
1 34 7476.7426758 3390.0476074 0.2028340 
1 35 7477.1899414 3395.0263672 0.2028463 
1 36 7478.3198242 3400.6052246 0.2026563 
1 37 7478.5083008 3405.5073242 0.2026100 
1 38 7479.0078125 3409.9377441 0.2025393 
1 39 7479.8544922 3413.6562500 0.2024326 
1 40 7480.4921875 3416.6125488 0.2024045 
1 41 7481.3164062 3419.2458496 0.2023821 
1 42 7482.1733398 3421.7053223 0.2023471 
1 43 7483.2954102 3424.3164062 0.2022806 
1 44 7484.0029297 3426.6704102 0.2022714 
1 45 7485.3476562 3428.8774414 0.2022432 
1 46 7486.5986328 3430.9135742 0.2022291 
1 47 7487.9531250 3432.9682617 0.2021852 
1 48 7489.5581055 3435.3559570 0.2021313 
1 49 7491.3388672 3437.8708496 0.2021435 
1 50 7493.1660156 3440.4147949 0.2022608 
1 51 7496.3159180 3442.6518555 0.2022416 
1 52 7499.6416016 3444.7226562 0.2022232 
1 53 7503.3247070 3446.7036133 0.2021493 
1 54 7503.3046875 3446.6896973 0.2021577 
1 55 7507.2031250 3448.1652832 0.2021104 
1 56 7511.7812500 3448.8681641 0.2020278 
1 57 7516.5615234 3449.2548828 0.2020391 
1 58 7521.7470703 3449.5888672 0.2020193 
1 59 7527.1660156 3449.7177734 0.2019971 
1 60 7532.6411133 3450.0415039 0.2019981 
1 61 7537.7197266 3450.0786133 0.2020430 
1 62 7543.3486328 3450.1425781 0.2020503 
1 63 7549.2294922 3450.1015625 0.2020398 
1 64 7555.1992188 3450.2773438 0.2020157 
1 65 7560.5400391 3450.4658203 0.2020559 
1 66 7566.0947266 3450.6735840 0.2020348 
1 67 7571.2685547 3450.6625977 0.2020407 
1 68 7576.1616211 3450.8156738 0.2020395 
1 69 7580.9511719 3450.8605957 0.2020504 
1 70 7585.8061523 3451.1713867 0.2020117 
1 71 7590.7202148 3451.2500000 0.2019773 
1 72 7595.4531250 3451.4343262 0.2019581 
1 73 7600.0366211 3451.6018066 0.2019504 
1 74 7604.3437500 3451.9194336 0.2019619 
1 75 7608.4042969 3451.8510742 0.2019862 
1 76 7612.4892578 3452.0144043 0.2020042 
1 77 7616.8212891 3452.3117676 0.2019831 
1 78 7621.3159180 3452.5844727 0.2019909 
1 79 7621.3159180 3452.5844727 0.2019909 
1 80 7625.8994141 3452.7416992 0.2020076 
1 81 7630.5102539 3452.9250488 0.2020204 
1 82 7635.4482422 3453.2353516 0.2020164 
1 83 7640.4980469 3453.6469727 0.2020141 
1 84 7645.5688477 3454.1523438 0.2020095 
1 85 7650.5815430 3454.8242188 0.2020169 
1 86 7655.7026367 3455.7416992 0.2020153 
1 87 7661.1298828 3456.9030762 0.2020170 
1 88 7666.6987305 3458.5161133 0.2020445 
1 89 7672.6347656 3460.2087402 0.2020305 
1 90 7678.7885742 3462.5270996 0.2020255 
1 91 7685.0395508 3465.0869141 0.2020184 
1 92 7691.5942383 3467.9780273 0.2019607 
1 93 7698.3911133 3471.4360352 0.2019088 
1 94 7704.6235352 3475.2670898 0.2018833 
1 95 7710.5468750 3478.6816406 0.2018542 
1 96 7716.7866211 3482.0849609 0.2018428 
1 97 7722.7050781 3485.1806641 0.2018188 
1 98 7728.5458984 3488.0439453 0.2018055 
1 99 7734.5195312 3491.2861328 0.2017924 
1 100 7740.3217773 3494.4821777 0.2017596 
1 101 7746.2504883 3497.5825195 0.2017499 
1 102 7752.4267578 3500.8728027 0.2017298 
1 103 7758.9892578 3504.1027832 0.2017162 
1 104 7758.9965820 3504.1003418 0.2017158 
1 105 7765.1948242 3507.6865234 0.2016988 
1 106 7770.3471680 3511.1230469 0.2016569 
1 107 7774.8608398 3514.7141113 0.2016929 
1 108 7779.2705078 3518.8156738 0.2016555 
1 109 7783.0703125 3522.7072754 0.2015763 
1 110 7786.4946289 3526.2358398 0.2015711 
1 111 7789.9521484 3530.3588867 0.2014833 
1 112 7792.7148438 3533.6918945 0.2014747 
1 113 7795.2416992 3537.3229980 0.2014867 
1 114 7797.7792969 3541.6311035 0.2014798 
1 115 7800.7597656 3546.4367676 0.2014507 
1 116 7803.8027344 3552.3388672 0.2014352 
1 117 7806.9492188 3559.2119141 0.2013918 
1 118 7809.9052734 3566.5629883 0.2012933 
1 119 7812.4370117 3573.7951660 0.2012669 
1 120 7814.8681641 3580.6806641 0.2012042 
1 121 7817.1767578 3586.8452148 0.2011548 
1 122 7819.1987305 3592.5622559 0.2011173 
1 123 7820.9794922 3598.1042480 0.2010969 
1 124 7822.8750000 3603.1669922 0.2010104 
1 125 7824.5820312 3607.7551270 0.2009837 
1 126 7826.1855469 3612.3505859 0.2009893 
1 127 7827.7871094 3616.8239746 0.2010213 
1 128 7830.0288086 3621.4501953 0.2009820 
1 129 7830.0312500 3621.4511719 0.2009801 
1 130 7831.8564453 3626.2988281 0.2009870 
1 131 7833.9624023 3631.5649414 0.2009573 
1 132 7836.1757812 3636.9663086 0.2009042 
1 133 7838.2885742 3642.0944824 0.2008959 
1 134 7840.8710938 3647.3481445 0.2008431 
1 135 7843.2377930 3652.5786133 0.2008123 
1 136 7845.4804688 3657.9238281 0.2007661 
1 137 7846.9853516 3663.1604004 0.2007148 
1 138 7848.2446289 3667.9221191 0.2006861 
1 139 7849.8754883 3672.3732910 0.2006565 
1 140 7851.4550781 3676.3544922 0.2006259 
1 141 7853.2675781 3679.4211426 0.2005866 
1 142 7855.2495117 3681.3693848 0.2005674 
1 143 7857.5498047 3683.0056152 0.2005665 
1 144 7860.0810547 3684.3891602 0.2005638 
1 145 7862.7128906 3685.5017090 0.2005556 
1 146 7866.0361328 3686.1437988 0.2005576 
1 147 7869.6582031 3686.5515137 0.2005816 
1 148 7873.6840820 3686.9624023 0.2006143 
1 149 7877.9536133 3687.5063477 0.2006233 
1 150 7882.2099609 3688.1423340 0.2006533 
1 151 7887.0078125 3688.8652344 0.2006491 
1 152 7892.2368164 3689.8427734 0.2005827 
1 153 7897.9287109 3690.5568848 0.2005815 
1 154 7897.9287109 3690.5568848 0.2005815 
1 155 7903.9404297 3691.3256836 0.2005797 
1 156 7910.5927734 3692.2243652 0.2005854 
1 157 7917.2514648 3692.8662109 0.2007306 
1 158 7924.7197266 3693.4907227 0.2007711 
1 159 7932.2504883 3693.7424316 0.2009383 
1 160 7940.1171875 3695.1469727 0.2007734 
1 161 7948.2949219 3696.2072754 0.2006101 
1 162 7956.2802734 3696.9187012 0.2006989 
1 163 7963.6943359 3698.0122070 0.2006869 
1 164 7971.6333008 3699.8291016 0.2003064 
1 165 7977.2216797 3701.4025879 0.2001957 
1 166 7980.4599609 3701.9116211 0.2002707 
1 167 7983.0048828 3702.5629883 0.2000731 
1 168 7983.6074219 3702.6225586 0.2000000 
1 169 7983.1005859 3702.3740234 0.2002106 
1 170 7983.1279297 3702.5664062 0.2003313 
1 171 7982.6933594 3703.3500977 0.2004486 
1 172 7982.1977539 3705.4560547 0.2005298 
1 173 7981.0517578 3708.8928223 0.2005991 
1 174 7979.2749023 3713.7065430 0.2007227 
1 175 7977.0605469 3719.0454102 0.2008468 
1 176 7974.9975586 3724.6455078 0.2009547 
1 177 7973.3051758 3730.2211914 0.2009966 
1 178 7971.7958984 3735.7539062 0.2010840 
1 179 7971.7651367 3735.7563477 0.2010884 
1 180 7970.8085938 3741.3061523 0.2010229 
1 181 7969.3359375 3746.0244141 0.2010761 
1 182 7966.8842773 3751.0329590 0.2012974 
1 183 7965.5986328 3756.4670410 0.2012850 
1 184 7964.4975586 3761.7319336 0.2012947 
1 185 7963.1879883 3766.7844238 0.2013716 
1 186 7961.7919922 3772.0349121 0.2014106 
1 187 7960.6337891 3777.4758301 0.2014737 
1 188 7959.2280273 3782.6918945 0.2015184 
1 189 7958.3798828 3787.8762207 0.2015299 
1 190 7958.1811523 3793.0180664 0.2014304 
1 191 7959.0063477 3797.6899414 0.2012534 
1 192 7959.3012695 3802.4118652 0.2012287 
1 193 7959.5219727 3806.4370117 0.2012404 
1 194 7959.7563477 3810.2514648 0.2012935 
1 195 7960.3935547 3814.3198242 0.2012997 
1 196 7961.0737305 3818.8735352 0.2013111 
1 197 7961.1083984 3823.4240723 0.2013376 
1 198 7961.3593750 3828.2939453 0.2013124 
1 199 7962.1044922 3833.7324219 0.2010870 
1 200 7961.6889648 3838.7111816 0.2010111 
1 201 7961.5566406 3843.7233887 0.2009094 
1 202 7961.4018555 3849.0551758 0.2007974 
1 203 7961.4702148 3853.6013184 0.2007006 
1 204 7961.4702148 3853.6013184 0.2007006 
1 205 7962.0253906 3857.3156738 0.2006058 
1 206 7962.6313477 3859.8830566 0.2005765 
1 207 7963.9311523 3861.5419922 0.2005332 
1 208 7965.6816406 3862.6323242 0.2005338 
1 209 7968.2280273 3863.4575195 0.2005582 
1 210 7971.8022461 3864.0769043 0.2005823 
1 211 7975.9130859 3864.6240234 0.2006244 
1 212 7980.7202148 3865.2934570 0.2006507 
1 213 7986.2109375 3865.5847168 0.2006862 
1 214 7992.6367188 3865.9375000 0.2006898 
1 215 7999.1552734 3865.7958984 0.2007251 
1 216 8006.0292969 3864.9548340 0.2007748 
1 217 8012.9716797 3863.4990234 0.2008118 
1 218 8020.4453125 3860.9907227 0.2008445 
1 219 8027.8808594 3857.6435547 0.2008430 
1 220 8035.6357422 3853.4873047 0.2008550 
1 221 8043.2709961 3848.1784668 0.2009113 
1 222 8051.1386719 3842.7968750 0.2010275 
1 223 8059.2050781 3836.9189453 0.2010997 
1 224 8067.6025391 3830.9169922 0.2012207 
1 225 8076.3955078 3825.4050293 0.2013453 
1 226 8085.0820312 3820.0156250 0.2014414 
1 227 8093.1909180 3815.1564941 0.2015895 
1 228 8100.2226562 3810.8613281 0.2017092 
1 229 8100.2226562 3810.8613281 0.2017092 
1 230 8106.4023438 3806.8051758 0.2017835 
1 231 8111.9360352 3803.1225586 0.2018873 
1 232 8117.0019531 3799.3029785 0.2019522 
1 233 8121.1660156 3794.9326172 0.2020079 
1 234 8124.9946289 3790.7670898 0.2020945 
1 235 8128.8012695 3786.3168945 0.2021385 
1 236 8132.8271484 3781.3122559 0.2021826 
1 237 8137.3125000 3775.6337891 0.2022272 
1 238 8141.8818359 3768.6462402 0.2022748 
1 239 8146.4477539 3760.6650391 0.2023748 
1 240 8151.1083984 3752.3994141 0.2025228 
1 241 8155.7998047 3744.2185059 0.2026371 
1 242 8160.5302734 3736.1877441 0.2027579 
1 243 8165.3457031 3728.0449219 0.2028847 
1 244 8170.1484375 3720.0986328 0.2030196 
1 245 8174.6621094 3712.4196777 0.2031489 
1 246 8178.8173828 3705.0754395 0.2032700 
1 247 8183.0224609 3697.8281250 0.2034018 
1 248 8187.4018555 3690.9582520 0.2035254 
1 249 8192.5693359 3683.4780273 0.2036143 
1 250 8197.9335938 3675.7434082 0.2037411 
1 251 8203.8681641 3667.3073730 0.2038652 
1 252 8209.8964844 3658.1762695 0.2040267 
1 253 8216.0410156 3649.1967773 0.2041723 
1 254 8216.0410156 3649.1967773 0.2041723 
1 255 8222.5341797 3640.0783691 0.2043151 
1 256 8229.4257812 3630.8613281 0.2044231 
1 257 8236.6357422 3620.8913574 0.2046161 
1 258 8244.6943359 3610.9858398 0.2047907 
1 259 8253.7636719 3600.7041016 0.2049972 
1 260 8264.2314453 3589.7109375 0.2051584 
1 261 8274.9941406 3578.3459473 0.2053829 
1 262 8286.3798828 3567.4538574 0.2055293 
1 263 8297.7363281 3555.3698730 0.2056774 
1 264 8308.9394531 3543.3613281 0.2058596 
1 265 8320.1679688 3531.4077148 0.2060282 
1 266 8331.6875000 3518.9023438 0.2062168 
1 267 8344.0527344 3505.0859375 0.2063875 
1 268 8357.7138672 3490.8100586 0.2066115 
1 269 8372.8525391 3477.2001953 0.2068135 
1 270 8388.4707031 3463.6591797 0.2069897 
1 271 8404.7470703 3448.9545898 0.2071530 
1 272 8420.0751953 3433.3110352 0.2073464 
1 273 8435.3808594 3418.2070312 0.2076079 
1 274 8451.3808594 3403.1442871 0.2078227 
1 275 8466.0927734 3388.0275879 0.2080022 
1 276 8479.1201172 3374.4741211 0.2082524 
1 277 8491.5136719 3362.2641602 0.2084391 
1 278 8504.0683594 3350.3369141 0.2086257 
1 279 8504.0683594 3350.3369141 0.2086257 
1 280 8516.9814453 3338.2387695 0.2087962 
1 281 8530.0429688 3326.3535156 0.2089158 
1 282 8543.1650391 3312.8793945 0.2090428 
1 283 8556.1523438 3300.5751953 0.2092547 
1 284 8567.4453125 3289.1379395 0.2093408 
1 285 8577.9824219 3276.7529297 0.2094954 
1 286 8586.4902344 3266.5029297 0.2096076 
1 287 8593.9638672 3254.6367188 0.2096480 
1 288 8602.5957031 3241.5864258 0.2097580 
1 289 8612.3496094 3228.2778320 0.2098309 
1 290 8621.4345703 3215.3901367 0.2100164 
1 291 8627.5117188 3203.9465332 0.2101578 
1 292 8632.3906250 3192.7939453 0.2102723 
1 293 8637.2548828 3181.2890625 0.2103630 
1 294 8641.7880859 3169.8442383 0.2104773 
1 295 8645.9648438 3159.7539062 0.2106175 
1 296 8650.4882812 3151.0371094 0.2106706 
1 297 8656.3564453 3140.5251465 0.2107490 
1 298 8662.4013672 3131.3842773 0.2108983 
1 299 8667.4160156 3124.1330566 0.2110055 
1 300 8672.1181641 3117.8129883 0.2110821 
1 301 8677.1494141 3111.0009766 0.2110861 
1 302 8681.0390625 3102.4506836 0.2111110 
1 303 8684.5986328 3093.2019043 0.2111774 
1 304 8684.5986328 3093.2019043 0.2111774 
1 305 8688.4433594 3083.3483887 0.2112014 
1 306 8693.1074219 3073.0107422 0.2112601 
1 307 8697.6025391 3064.0083008 0.2113893 
1 308 8701.8759766 3056.3071289 0.2114846 
1 309 8705.6923828 3049.7158203 0.2116047 
1 310 8709.4472656 3043.1972656 0.2116762 
1 311 8714.0000000 3036.7597656 0.2117707 
1 312 8718.6367188 3031.8576660 0.2118706 
1 313 8722.4062500 3027.4482422 0.2119263 
1 314 8726.2148438 3024.8310547 0.2119691 
1 315 8730.1181641 3020.6733398 0.2119981 
1 316 8734.8261719 3016.0354004 0.2119821 
1 317 8741.2138672 3012.4785156 0.2119668 
1 318 8747.6455078 3009.1452637 0.2119922 
1 319 8754.3222656 3006.6501465 0.2119807 
1 320 8760.6923828 3003.1767578 0.2120064 
1 321 8765.9521484 2999.9345703 0.2120277 
1 322 8771.5253906 2996.1892090 0.2120553 
1 323 8777.6738281 2992.3793945 0.2120789 
1 324 8786.2021484 2989.7145996 0.2121146 
1 325 8795.0527344 2987.7575684 0.2121730 
1 326 8803.2158203 2984.7294922 0.2121781 
1 327 8811.7558594 2981.9140625 0.2122780 
1 328 8819.8427734 2980.3266602 0.2123095 
1 329 8819.8398438 2980.3422852 0.2123087 
1 330 8827.3984375 2978.5000000 0.2123567 
1 331 8834.6015625 2977.5302734 0.2124129 
1 332 8842.1982422 2977.2856445 0.2124602 
1 333 8849.5195312 2977.2463379 0.2126292 
1 334 8857.4306641 2977.9716797 0.2126413 
1 335 8865.8046875 2980.2138672 0.2126527 
1 336 8874.0585938 2983.0053711 0.2126076 
1 337 8882.7460938 2986.0009766 0.2127789 
1 338 8891.4931641 2989.0246582 0.2127566 
1 339 8899.9228516 2991.9995117 0.2127989 
1 340 8906.6699219 2994.2812500 0.2127490 
1 341 8912.6865234 2996.0915527 0.2127543 
1 342 8917.8281250 2997.5874023 0.2127060 
1 343 8922.2890625 2998.4511719 0.2126772 
1 344 8925.9296875 2998.7114258 0.2126508 
1 345 8928.4824219 2998.4729004 0.2126082 
1 346 8930.2255859 2997.5476074 0.2125757 
1 347 8931.6210938 2996.0014648 0.2125629 
1 348 8932.9482422 2994.0209961 0.2125529 
1 349 8934.7441406 2991.3562012 0.2125989 
1 350 8936.6386719 2988.6035156 0.2126174 
1 351 8938.7128906 2985.8164062 0.2126321 
1 352 8940.8662109 2982.8876953 0.2126318 
1 353 8942.9150391 2980.3730469 0.2126927 
1 354 8942.9150391 2980.3730469 0.2126927 
1 355 8945.1621094 2977.9350586 0.2127154 
1 356 8947.9794922 2974.9050293 0.2127214 
1 357 8951.0273438 2971.2453613 0.2127555 
1 358 8954.6132812 2967.6782227 0.2128969 
1 359 8958.8466797 2964.7170410 0.2129970 
1 360 8963.3115234 2962.7578125 0.2130288 
1 361 8967.9619141 2961.9233398 0.2130561 
1 362 8972.7285156 2962.3413086 0.2130466 
1 363 8977.1796875 2963.7241211 0.2130624 
1 364 8981.8144531 2965.7153320 0.2130852 
1 365 8987.0800781 2967.9345703 0.2131038 
1 366 8992.3984375 2970.2631836 0.2131187 
1 367 8998.1494141 2972.6979980 0.2131448 
1 368 9004.0664062 2974.7172852 0.2132385 
1 369 9009.9013672 2977.2121582 0.2131650 
1 370 9015.2099609 2979.3730469 0.2130889 
1 371 9019.6972656 2981.0205078 0.2130227 
1 372 9023.4853516 2982.5876465 0.2128977 
1 373 9026.3984375 2983.7094727 0.2128647 
1 374 9028.6005859 2984.4899902 0.2127763 
1 375 9030.2207031 2985.1401367 0.2127022 
1 376 9031.4248047 2985.6040039 0.2126304 
1 377 9032.4423828 2986.0346680 0.2125726 
1 378 9033.3583984 2986.5219727 0.2124719 
1 379 9033.3583984 2986.5219727 0.2124719 
1 380 9033.9160156 2986.7587891 0.2124217 
1 381 9034.3378906 2986.9655762 0.2123601 
1 382 9034.8593750 2987.2448730 0.2122796 
1 383 9035.2773438 2987.3764648 0.2122582 
1 384 9036.2558594 2987.7250977 0.2121416 
1 385 9037.0917969 2987.8920898 0.2120712 
1 386 9037.8916016 2987.7331543 0.2120252 
1 387 9038.9287109 2987.7304688 0.2120098 
1 388 9040.6269531 2987.9570312 0.2119790 
1 389 9042.3906250 2988.1059570 0.2120120 
1 390 9044.6416016 2988.5119629 0.2119757 
1 391 9046.3740234 2988.5620117 0.2120098 
1 392 9047.9570312 2988.6542969 0.2120169 
1 393 9049.0859375 2988.7145996 0.2120507 
1 394 9050.0458984 2988.8808594 0.2120766 
1 395 9051.3496094 2989.3898926 0.2119850 
1 396 9051.8457031 2989.6606445 0.2119883 
1 397 9052.2402344 2989.9047852 0.2119893 
1 398 9052.6386719 2990.1804199 0.2119861 
1 399 9052.8193359 2990.3100586 0.2120472 
1 400 9052.8867188 2990.4316406 0.2121206 
1 401 9052.9394531 2990.5532227 0.2121857 
1 402 9052.9257812 2990.5478516 0.2122454 
1 403 9052.8017578 2990.5932617 0.2123261 
1 404 9052.8017578 2990.5932617 0.2123261 
1 405 9052.7744141 2990.5761719 0.2123701 
1 406 9052.5253906 2990.3237305 0.2124744 
1 407 9052.5478516 2990.3503418 0.2125428 
1 408 9052.6582031 2990.3974609 0.2125674 
1 409 9052.7265625 2990.3977051 0.2126236 
1 410 9052.7031250 2990.2846680 0.2126462 
1 411 9052.7373047 2990.1250000 0.2127218 
1 412 9052.8847656 2989.9672852 0.2127472 
1 413 9053.3144531 2989.7260742 0.2128416 
1 414 9055.3505859 2990.5446777 0.2127091 
1 415 9056.7539062 2990.7409668 0.2126974 
1 416 9058.3193359 2990.9792480 0.2126882 
1 417 9059.9296875 2990.9035645 0.2127112 
1 418 9061.5986328 2991.2919922 0.2127031 
1 419 9063.1289062 2991.8430176 0.2126760 
1 420 9064.6259766 2992.2839355 0.2126335 
1 421 9065.7236328 2992.5209961 0.2126025 
1 422 9066.4833984 2992.4011230 0.2126595 
1 423 9067.4208984 2992.8496094 0.2126299 
1 424 9067.9238281 2992.7197266 0.2126445 
1 425 9068.3710938 2992.7045898 0.2126251 
1 426 9068.8515625 2992.1120605 0.2126195 
1 427 9069.4560547 2990.8581543 0.2126064 
1 428 9070.5263672 2989.2590332 0.2126263 
1 429 9070.5263672 2989.2590332 0.2126263 
1 430 9072.2500000 2987.7419434 0.2126633 
1 431 9074.5400391 2987.2414551 0.2126894 
1 432 9077.1748047 2986.5090332 0.2126770 
1 433 9079.7910156 2985.1020508 0.2126427 
1 434 9082.4531250 2982.2753906 0.2126588 
1 435 9085.5244141 2979.4787598 0.2127022 
1 436 9089.2070312 2977.0041504 0.2127140 
1 437 9093.3701172 2974.3085938 0.2127552 
1 438 9098.3857422 2972.0776367 0.2128342 
1 439 9104.2216797 2970.9060059 0.2128757 
1 440 9110.0478516 2970.3959961 0.2128763 
1 441 9115.5839844 2970.0756836 0.2129018 
1 442 9120.6240234 2970.8471680 0.2129639 
1 443 9126.0371094 2971.8764648 0.2129190 
1 444 9131.1591797 2972.6298828 0.2128907 
1 445 9135.7207031 2973.4716797 0.2129160 
1 446 9139.9765625 2974.4829102 0.2129251 
1 447 9143.7050781 2975.6711426 0.2129939 
1 448 9147.5722656 2976.4863281 0.2130216 
1 449 9151.0097656 2977.1533203 0.2130585 
1 450 9154.0419922 2976.9633789 0.2130660 
1 451 9157.5283203 2976.3381348 0.2130798 
1 452 9161.0878906 2975.4399414 0.2131421 
1 453 9165.0869141 2974.6701660 0.2131740 
1 454 9165.0693359 2974.6728516 0.2131795 
1 455 9169.1738281 2974.8159180 0.2132189 
1 456 9173.4121094 2975.9243164 0.2132263 
1 457 9177.7480469 2977.4819336 0.2132552 
1 458 9182.4355469 2980.0427246 0.2132630 
1 459 9182.4355469 2980.0427246 0.2132630 
1 460 9182.4355469 2980.0427246 0.2132630 
1 461 9182.4355469 2980.0427246 0.2132630 
1 462 9182.4355469 2980.0427246 0.2132630 
1 463 9182.4355469 2980.0427246 0.2132630 
1 464 9182.4355469 2980.0427246 0.2132630 
1 465 9182.4355469 2980.0427246 0.2132630 
1 466 9182.4355469 2980.0427246 0.2132630 
1 467 9182.4355469 2980.0427246 0.2132630 
1 468 9182.4355469 2980.0427246 0.2132630 
1 469 9182.4355469 2980.0427246 0.2132630 
1 470 9182.4355469 2980.0427246 0.2132630 
1 471 9182.4355469 2980.0427246 0.2132630 
1 472 9182.4355469 2980.0427246 0.2132630 
1 473 9182.4355469 2980.0427246 0.2132630 
1 474 9182.4355469 2980.0427246 0.2132630 
1 475 9182.4355469 2980.0427246 0.2132630 
1 476 9182.4355469 2980.0427246 0.2132630 
1 477 9182.4355469 2980.0427246 0.2132630 
1 478 9182.4355469 2980.0427246 0.2132630 
1 479 9182.4355469 2980.0427246 0.2132630 
1 480 9182.4355469 2980.0427246 0.2132630 
1 481 9182.4355469 2980.0427246 0.2132630 
1 482 9182.4355469 2980.0427246 0.2132630 
1 483 9182.4355469 2980.0427246 0.2132630 
1 484 9182.4355469 2980.0427246 0.2132630 
1 485 9182.4355469 2980.0427246 0.2132630 
1 486 9182.4355469 2980.0427246 0.2132630 
1 487 9182.4355469 2980.0427246 0.2132630 
1 488 9182.4355469 2980.0427246 0.2132630 
1 489 9188.3291016 2983.3579102 0.2114212 
1 490 9186.2578125 2984.3525391 0.2116442 
1 491 9186.1191406 2984.4667969 0.2111336 
1 492 9184.8261719 2981.9404297 0.2110934 
1 493 9183.6806641 2980.2241211 0.2111610 
1 494 9185.4687500 2979.5478516 0.2098720 
1 495 9183.1972656 2975.4365234 0.2099362 
1 496 9180.8691406 2970.4501953 0.2104732 
1 497 9177.6962891 2966.6442871 0.2121775 
1 498 9178.8417969 2966.3725586 0.2126883 
1 499 9176.9628906 2965.0800781 0.2148071 
1 500 9178.5429688 2964.6499023 0.2158544 
1 501 9177.9716797 2964.7961426 0.2180129 
1 502 9177.6132812 2963.6035156 0.2202488 
1 503 9177.1494141 2960.7167969 0.2223838 
1 504 9177.1494141 2960.7167969 0.2223838 
1 505 9179.0986328 2960.1777344 0.2240056 
1 506 9179.3515625 2957.5761719 0.2261565 
1 507 9180.6777344 2954.0405273 0.2283057 
1 508 9178.2812500 2952.2407227 0.2313111 
1 509 9174.7285156 2944.0341797 0.2339066 
1 510 9172.0488281 2937.2678223 0.2367664 
1 511 9167.8173828 2932.6613770 0.2391867 
1 512 9165.6992188 2931.5183105 0.2406017 
1 513 9164.4355469 2931.4931641 0.2412751 
1 514 9161.3837891 2931.4423828 0.2422874 
1 515 9160.7177734 2933.7097168 0.2421917 
1 516 9154.2734375 2931.0632324 0.2439095 
1 517 9151.0429688 2934.5556641 0.2446433 
1 518 9143.2939453 2934.8344727 0.2465556 
1 519 9137.7500000 2936.9218750 0.2475599 
1 520 9135.0839844 2942.9953613 0.2472632 
1 521 9131.1474609 2944.8095703 0.2474195 
1 522 9132.2783203 2949.5632324 0.2460112 
1 523 9135.0107422 2954.2753906 0.2443065 
1 524 9126.4189453 2951.0998535 0.2464663 
1 525 9124.0214844 2951.4321289 0.2465287 
1 526 9116.8886719 2947.8024902 0.2481308 
1 527 9113.9921875 2945.8007812 0.2484936 
1 528 9115.6533203 2945.2978516 0.2471803 
1 529 9115.6533203 2945.2978516 0.2471803 
1 530 9110.7275391 2940.9924316 0.2485223 
1 531 9110.2255859 2940.1110840 0.2482748 
1 532 9117.5615234 2944.8066406 0.2456304 
1 533 9122.3876953 2948.2929688 0.2438870 
1 534 9121.7617188 2948.8806152 0.2441158 
1 535 9119.4589844 2949.5749512 0.2450691 
1 536 9120.0000000 2953.2187500 0.2450734 
1 537 9119.6357422 2954.9653320 0.2456187 
1 538 9122.7304688 2959.9414062 0.2448773 
1 539 9127.4267578 2965.8229980 0.2437265 
1 540 9128.8544922 2970.8217773 0.2437273 
1 541 9131.1923828 2977.0117188 0.2435220 
1 542 9133.3671875 2982.2727051 0.2433580 
1 543 9135.9980469 2988.4484863 0.2430949 
1 544 9139.3056641 2992.8066406 0.2427987 
1 545 9142.0322266 2997.1398926 0.2427684 
1 546 9145.9951172 3002.3215332 0.2423431 
1 547 9148.7011719 3005.8007812 0.2423333 
1 548 9151.6875000 3008.6586914 0.2423318 
1 549 9154.2187500 3010.5092773 0.2425547 
1 550 9156.8476562 3012.5834961 0.2427071 
1 551 9160.3730469 3013.3872070 0.2424923 
1 552 9160.4814453 3012.6840820 0.2430059 
1 553 9160.9433594 3011.0932617 0.2434053 
1 554 9160.9433594 3011.0932617 0.2434053 
1 555 9159.4560547 3008.8500977 0.2441166 
1 556 9157.0527344 3005.3007812 0.2447626 
1 557 9151.4863281 2999.3190918 0.2460471 
1 558 9144.8847656 2992.8681641 0.2474494 
1 559 9139.3925781 2986.0717773 0.2485630 
1 560 9134.4277344 2978.8164062 0.2497827 
1 561 9129.0410156 2972.4008789 0.2513243 
1 562 9120.3476562 2965.3789062 0.2537719 
1 563 9115.0742188 2959.4897461 0.2554185 
1 564 9111.4863281 2954.3842773 0.2561184 
1 565 9107.9648438 2952.0190430 0.2579933 
1 566 9107.9677734 2951.7575684 0.2587300 
1 567 9105.8291016 2949.3981934 0.2599561 
1 568 9101.5507812 2947.2919922 0.2616799 
1 569 9099.9921875 2944.1801758 0.2627296 
1 570 9097.8955078 2942.1137695 0.2640133 
1 571 9098.7578125 2941.0886230 0.2647127 
1 572 9094.5312500 2938.0107422 0.2664990 
1 573 9091.1025391 2933.6037598 0.2680734 
1 574 9085.6884766 2927.3947754 0.2704847 
1 575 9078.4169922 2919.0825195 0.2733979 
1 576 9072.3818359 2908.1308594 0.2760883 
1 577 9065.7080078 2895.8837891 0.2787749 
1 578 9060.0087891 2884.9326172 0.2815142 
1 579 9060.0087891 2884.9326172 0.2815142 
1 580 9047.4296875 2872.6826172 0.2856518 
1 581 9034.2353516 2859.7707520 0.2896034 
1 582 9018.6513672 2848.2302246 0.2941300 
1 583 8999.2099609 2833.6403809 0.2992141 
1 584 8977.1777344 2822.9396973 0.3049289 
1 585 8958.2900391 2812.8613281 0.3102715 
1 586 8944.0097656 2807.9233398 0.3141875 
1 587 8983.8203125 2844.3662109 0.3059554 
1 588 8988.9882812 2856.2138672 0.3059255 
1 589 8996.2646484 2870.2368164 0.3055356 
1 590 9020.5097656 2895.8933105 0.3007731 
1 591 9015.8701172 2904.2426758 0.3037578 
1 592 9066.6201172 2947.0522461 0.2922655 
1 593 9069.3769531 2955.4592285 0.2935835 
1 594 9065.4189453 2957.3725586 0.2966115 
1 595 9061.1074219 2959.1166992 0.3000093 
1 596 9066.7968750 2969.5844727 0.3009993 
1 597 9063.9091797 2971.4711914 0.3039583 
1 598 9061.9160156 2974.3432617 0.3067025 
1 599 9063.5478516 2977.2397461 0.3085478 
1 600 9067.2304688 2982.1416016 0.3090064 
1 601 9076.5214844 2995.3081055 0.3089626 
1 602 9083.7246094 3004.1093750 0.3083956 
1 603 9105.2578125 3025.2695312 0.3046197 
1 604 9105.2578125 3025.2695312 0.3046197 
1 605 9109.7207031 3034.9418945 0.3051318 
1 606 9096.7460938 3031.7788086 0.3100647 
1 607 9083.2773438 3030.4033203 0.3152812 
1 608 9076.1367188 3031.6835938 0.3188881 
1 609 9062.7216797 3026.8159180 0.3237119 
1 610 9051.2968750 3023.7666016 0.3282482 
1 611 9037.7333984 3019.8613281 0.3333955 
1 612 9080.6416016 3053.8623047 0.3243254 
1 613 9089.5449219 3065.7055664 0.3234788 
1 614 9092.3642578 3071.9216309 0.3242343 
1 615 9080.8798828 3066.1201172 0.3284518 
1 616 9079.2148438 3068.3823242 0.3301657 
1 617 9096.3798828 3087.3366699 0.3270426 
1 618 9103.2695312 3095.9316406 0.3264076 
1 619 9109.7685547 3103.5717773 0.3257573 
1 620 9114.7421875 3111.4235840 0.3255872 
1 621 9120.0869141 3118.8261719 0.3253521 
1 622 9125.5839844 3126.5603027 0.3250821 
1 623 9131.1962891 3134.9929199 0.3247168 
1 624 9135.3789062 3142.2048340 0.3246432 
1 625 9140.1933594 3150.6538086 0.3244213 
1 626 9144.3056641 3158.2590332 0.3243759 
1 627 9149.4335938 3167.0600586 0.3240165 
1 628 9152.3066406 3174.0390625 0.3241172 
1 629 9152.3066406 3174.0390625 0.3241172 
1 630 9155.2285156 3181.0390625 0.3241323 
1 631 9159.3701172 3188.5056152 0.3238488 
1 632 9162.9355469 3196.2836914 0.3236721 
1 633 9166.5214844 3203.0830078 0.3235043 
1 634 9171.1123047 3210.8349609 0.3230134 
1 635 9174.4511719 3217.2846680 0.3228876 
1 636 9178.5078125 3224.5517578 0.3226219 
1 637 9182.3544922 3232.2407227 0.3224820 
1 638 9185.6435547 3239.2114258 0.3225165 
1 639 9190.0908203 3247.2155762 0.3221959 
1 640 9193.6015625 3255.1962891 0.3220333 
1 641 9196.5830078 3262.7756348 0.3220076 
1 642 9199.1074219 3270.4541016 0.3219902 
1 643 9204.2226562 3277.5825195 0.3212012 
1 644 9206.5927734 3284.3796387 0.3210636 
1 645 9208.9423828 3290.7929688 0.3209282 
1 646 9210.9765625 3297.2207031 0.3208454 
1 647 9213.4580078 3303.2246094 0.3205453 
1 648 9215.9394531 3308.7844238 0.3201965 
1 649 9216.8613281 3313.7709961 0.3202343 
1 650 9217.5117188 3319.0463867 0.3202863 
1 651 9219.1953125 3324.7067871 0.3200310 
1 652 9219.5390625 3329.3139648 0.3201603 
1 653 9220.8125000 3334.7568359 0.3199313 
1 654 9220.8125000 3334.7568359 0.3199313 
1 655 9221.3564453 3337.9958496 0.3199626 
1 656 9221.6777344 3341.5051270 0.3200046 
1 657 9222.6601562 3342.9716797 0.3198968 
1 658 9222.6992188 3342.2236328 0.3201059 
1 659 9223.7304688 3339.5439453 0.3200887 
1 660 9225.3789062 3334.4382324 0.3199702 
1 661 9225.9970703 3330.1416016 0.3201071 
1 662 9234.5488281 3333.8596191 0.3175339 
1 663 9243.2119141 3338.7792969 0.3148711 
1 664 9243.0566406 3338.3203125 0.3150725 
1 665 9243.2265625 3338.4694824 0.3151166 
1 666 9242.6572266 3339.7460938 0.3153011 
1 667 9242.5039062 3340.6943359 0.3153621 
1 668 9241.6035156 3341.5759277 0.3156227 
1 669 9240.2822266 3343.8178711 0.3159195 
1 670 9246.5419922 3348.9257812 0.3138909 
1 671 9246.0898438 3351.2673340 0.3138924 
1 672 9245.5273438 3353.1616211 0.3139274 
1 673 9244.5361328 3355.0629883 0.3140675 
1 674 9250.3964844 3358.0563965 0.3122132 
1 675 9248.2460938 3357.8225098 0.3127600 
1 676 9251.7753906 3359.7644043 0.3116083 
1 677 9254.5019531 3362.0837402 0.3106530 
1 678 9255.5556641 3363.9084473 0.3101930 
1 679 9255.5556641 3363.9084473 0.3101930 
1 680 9256.3320312 3363.5705566 0.3099271 
1 681 9257.1455078 3363.7011719 0.3095980 
1 682 9254.2675781 3365.2429199 0.3101882 
1 683 9254.0742188 3364.7155762 0.3101368 
1 684 9253.8339844 3363.1665039 0.3101528 
1 685 9253.3808594 3362.0593262 0.3102039 
1 686 9252.7656250 3362.1220703 0.3102139 
1 687 9252.8886719 3362.9809570 0.3099692 
1 688 9252.2050781 3362.7236328 0.3100079 
1 689 9251.1542969 3362.8769531 0.3101395 
1 690 9249.7187500 3364.8903809 0.3102910 
1 691 9248.2597656 3367.8427734 0.3103975 
1 692 9246.5830078 3370.6640625 0.3105531 
1 693 9245.5585938 3373.6940918 0.3104816 
1 694 9243.7656250 3376.0717773 0.3107061 
1 695 9241.3876953 3379.1149902 0.3110876 
1 696 9240.3964844 3382.9130859 0.3110963 
1 697 9239.9755859 3386.2739258 0.3109505 
1 698 9238.6757812 3390.0183105 0.3110949 
1 699 9237.8164062 3394.5361328 0.3110597 
1 700 9237.0078125 3398.3874512 0.3110687 
1 701 9236.1582031 3402.8439941 0.3110881 
1 702 9235.5332031 3406.8103027 0.3110852 
1 703 9235.1445312 3411.7924805 0.3109507 
1 704 9235.1445312 3411.7924805 0.3109507 
1 705 9234.5078125 3417.2145996 0.3108939 
1 706 9233.8681641 3423.8391113 0.3107472 
1 707 9232.5869141 3430.8403320 0.3107463 
1 708 9231.4277344 3438.1318359 0.3106683 
1 709 9230.4794922 3444.6838379 0.3105626 
1 710 9228.9609375 3450.9165039 0.3106289 
1 711 9227.4785156 3457.6015625 0.3106593 
1 712 9226.2285156 3462.5864258 0.3107029 
1 713 9225.1367188 3467.6621094 0.3106566 
1 714 9223.6455078 3471.7192383 0.3107520 
1 715 9222.6542969 3475.8461914 0.3107113 
1 716 9222.3066406 3478.3759766 0.3105668 
1 717 9220.8359375 3482.0556641 0.3105948 
1 718 9219.5546875 3485.0732422 0.3105661 
1 719 9216.9111328 3487.8698730 0.3108687 
1 720 9215.1757812 3490.5075684 0.3109087 
1 721 9212.9101562 3492.7136230 0.3110702 
1 722 9210.1953125 3496.0371094 0.3112543 
1 723 9207.3857422 3498.4389648 0.3115071 
1 724 9204.4296875 3502.1757812 0.3117117 
1 725 9201.1220703 3503.9101562 0.3121307 
1 726 9198.7021484 3506.4423828 0.3122556 
1 727 9196.3222656 3508.8845215 0.3124003 
1 728 9194.2070312 3509.5771484 0.3126040 
1 729 9194.2070312 3509.5771484 0.3126040 
1 730 9191.9746094 3512.1091309 0.3126609 
1 731 9189.8359375 3514.6015625 0.3127106 
1 732 9187.4882812 3517.3383789 0.3128059 
1 733 9184.8515625 3520.5837402 0.3128944 
1 734 9182.1464844 3523.8085938 0.3129455 
1 735 9178.8681641 3527.3632812 0.3131020 
1 736 9174.9394531 3532.1838379 0.3134026 
1 737 9171.1318359 3535.9963379 0.3137266 
1 738 9167.8359375 3540.5551758 0.3139139 
1 739 9163.0507812 3547.4272461 0.3143982 
1 740 9157.6464844 3554.0063477 0.3151379 
1 741 9155.9355469 3562.1945801 0.3148980 
1 742 9152.3447266 3571.7832031 0.3151123 
1 743 9148.5078125 3582.8793945 0.3153009 
1 744 9145.9013672 3595.0805664 0.3150717 
1 745 9142.0888672 3607.7138672 0.3151993 
1 746 9137.0390625 3619.0961914 0.3156398 
1 747 9132.7871094 3631.0356445 0.3159071 
1 748 9129.0683594 3643.0886230 0.3160180 
1 749 9124.2363281 3657.5363770 0.3162734 
1 750 9120.2324219 3671.8188477 0.3162202 
1 751 9115.9218750 3685.7629395 0.3163176 
1 752 9113.7509766 3701.9077148 0.3156976 
1 753 9111.2275391 3716.1013184 0.3151629 
1 754 9111.2275391 3716.1013184 0.3151629 
1 755 9112.8330078 3729.7587891 0.3136366 
1 756 9096.1074219 3737.1496582 0.3169012 
1 757 9097.7285156 3749.8864746 0.3153108 
1 758 9098.0751953 3762.9111328 0.3139907 
1 759 9094.1464844 3775.6457520 0.3138166 
1 760 9091.6689453 3789.5966797 0.3130727 
1 761 9086.1689453 3802.1508789 0.3131346 
1 762 9079.0634766 3815.7448730 0.3134300 
1 763 9071.7060547 3828.1655273 0.3137443 
1 764 9059.1650391 3838.3134766 0.3156416 
1 765 9046.2871094 3848.0397949 0.3174502 
1 766 9029.2392578 3857.0827637 0.3203499 
1 767 9000.3554688 3865.4682617 0.3260803 
1 768 8965.9306641 3873.8405762 0.3330306 
1 769 8939.1904297 3885.3833008 0.3381507 
1 770 8919.1503906 3893.4936523 0.3416201 
1 771 8903.8242188 3900.6516113 0.3439796 
1 772 8901.6250000 3907.0944824 0.3435084 
1 773 8894.8544922 3921.3203125 0.3436004 
1 774 8898.5820312 3935.5385742 0.3413491 
1 775 8892.3847656 3949.5683594 0.3414803 
1 776 8888.4199219 3965.9729004 0.3407905 
1 777 8883.9511719 3981.4565430 0.3402413 
1 778 8879.6171875 3996.3774414 0.3397482 
1 779 8879.6171875 3996.3774414 0.3397482 
1 780 8876.9101562 4010.4736328 0.3390083 
1 781 8878.9511719 4024.4201660 0.3372161 
1 782 8881.7304688 4038.2036133 0.3352984 
1 783 8882.9707031 4049.7592773 0.3340002 
1 784 8891.0488281 4063.3085938 0.3309767 
1 785 8892.0039062 4076.1599121 0.3295428 
1 786 8888.5458984 4087.7353516 0.3293564 
1 787 8887.0683594 4100.1909180 0.3285639 
1 788 8884.4814453 4114.0600586 0.3277449 
1 789 8878.9726562 4126.9658203 0.3276480 
1 790 8879.7236328 4145.8652344 0.3253056 
1 791 8878.3828125 4162.3720703 0.3239816 
1 792 8870.9130859 4176.6621094 0.3239525 
1 793 8864.3798828 4191.3862305 0.3235935 
1 794 8845.7617188 4199.6523438 0.3268008 
1 795 8831.1093750 4214.2583008 0.3280615 
1 796 8817.8164062 4229.3779297 0.3288100 
1 797 8803.8369141 4244.4931641 0.3295825 
1 798 8786.4511719 4259.8452148 0.3310086 
1 799 8760.5585938 4274.3608398 0.3343924 
1 800 8741.6826172 4293.8208008 0.3353986 
1 801 8716.5830078 4308.3208008 0.3385506 
1 802 8705.4121094 4322.9384766 0.3385790 
1 803 8709.9365234 4333.4287109 0.3356341 
1 804 8709.9365234 4333.4287109 0.3356341 
1 805 8711.6025391 4334.1396484 0.3347310 
1 806 8725.3476562 4337.1723633 0.3303967 
1 807 8737.7978516 4338.7041016 0.3272098 
1 808 8712.1250000 4350.5205078 0.3310672 
1 809 8710.3017578 4358.5786133 0.3300077 
1 810 8707.5634766 4366.3315430 0.3290786 
1 811 8711.1191406 4380.8120117 0.3258926 
1 812 8712.6123047 4392.4082031 0.3236416 
1 813 8713.9863281 4411.6723633 0.3204047 
1 814 8711.2871094 4420.5878906 0.3196152 
1 815 8706.7988281 4433.8041992 0.3185515 
1 816 8702.5244141 4444.2465820 0.3178158 
1 817 8698.3964844 4454.4243164 0.3171124 
1 818 8695.6269531 4464.2470703 0.3161898 
1 819 8690.7792969 4471.1523438 0.3161954 
1 820 8685.6298828 4480.1240234 0.3159301 
1 821 8680.5986328 4490.5595703 0.3153230 
1 822 8672.8476562 4497.4956055 0.3159316 
1 823 8664.5771484 4505.5439453 0.3163739 
1 824 8656.9765625 4516.1142578 0.3162085 
1 825 8648.2265625 4526.9936523 0.3161847 
1 826 8636.6230469 4535.3408203 0.3171695 
1 827 8626.5468750 4544.1499023 0.3177221 
1 828 8615.7558594 4552.2578125 0.3185167 
1 829 8615.7558594 4552.2578125 0.3185167 
1 830 8606.0898438 4561.5053711 0.3188214 
1 831 8595.7363281 4570.9414062 0.3191956 
1 832 8585.6728516 4579.6186523 0.3196119 
1 833 8582.5761719 4597.8720703 0.3166686 
1 834 8573.2187500 4607.4443359 0.3166508 
1 835 8563.6904297 4616.5209961 0.3167293 
1 836 8553.2304688 4625.3300781 0.3170026 
1 837 8544.3144531 4634.0961914 0.3169510 
1 838 8535.7226562 4642.3344727 0.3169228 
1 839 8526.8457031 4651.0566406 0.3168145 
1 840 8518.3037109 4658.9252930 0.3167945 
1 841 8510.4443359 4664.2451172 0.3171653 
1 842 8503.6533203 4669.3256836 0.3173640 
1 843 8499.0683594 4674.7016602 0.3170584 
1 844 8494.6318359 4680.7241211 0.3165621 
1 845 8488.6630859 4684.9526367 0.3167232 
1 846 8483.3193359 4687.8935547 0.3170238 
1 847 8479.5751953 4691.2216797 0.3169183 
1 848 8475.6240234 4693.0786133 0.3171627 
1 849 8472.9023438 4695.2939453 0.3170797 
1 850 8470.2080078 4697.8593750 0.3169112 
1 851 8469.5810547 4700.5673828 0.3163189 
1 852 8467.5683594 4701.5864258 0.3163495 
1 853 8465.5556641 4702.9252930 0.3162988 
1 854 8465.4814453 4702.7207031 0.3163577 
1 855 8464.6162109 4703.4755859 0.3162096 
1 856 8462.3740234 4704.0019531 0.3163334 
1 857 8460.5283203 4707.3769531 0.3157477 
1 858 8457.4316406 4710.1259766 0.3155349 
1 859 8454.0869141 4712.6181641 0.3154260 
1 860 8449.9746094 4715.4638672 0.3153755 
1 861 8444.5244141 4719.0273438 0.3154043 
1 862 8439.2617188 4723.8271484 0.3151397 
1 863 8434.3623047 4728.2255859 0.3149367 
1 864 8428.9042969 4732.8413086 0.3148003 
1 865 8424.1113281 4736.9389648 0.3146828 
1 866 8419.5859375 4741.4155273 0.3144616 
1 867 8415.3164062 4746.0356445 0.3141729 
1 868 8411.1679688 4749.9882812 0.3139937 
1 869 8406.7167969 4753.2856445 0.3140121 
1 870 8401.5996094 4757.0283203 0.3140167 
1 871 8397.4130859 4760.8237305 0.3138477 
1 872 8393.1289062 4764.2265625 0.3137900 
1 873 8389.7148438 4768.1943359 0.3134619 
1 874 8385.4619141 4771.0781250 0.3135309 
1 875 8380.6044922 4774.6279297 0.3135194 
1 876 8376.9101562 4777.6152344 0.3134617 
1 877 8372.7255859 4781.0083008 0.3134325 
1 878 8368.9306641 4783.9707031 0.3134267 
1 879 8368.9902344 4783.9628906 0.3134165 
1 880 8364.3359375 4787.2109375 0.3134853 
1 881 8360.5117188 4790.1298828 0.3134742 
1 882 8356.4736328 4793.0170898 0.3134972 
1 883 8353.2832031 4795.8471680 0.3133965 
1 884 8351.4345703 4797.5976562 0.3133283 
1 885 8350.1601562 4798.9741211 0.3132823 
1 886 8349.7617188 4798.8920898 0.3134036 
1 887 8349.2031250 4799.2451172 0.3134197 
1 888 8348.9052734 4799.8725586 0.3133502 
1 889 8347.8867188 4800.9653320 0.3133150 
1 890 8348.3183594 4801.1503906 0.3132454 
1 891 8347.8339844 4801.4174805 0.3132767 
1 892 8348.0478516 4801.1494141 0.3133327 
1 893 8348.8535156 4801.1796875 0.3132480 
1 894 8351.4414062 4800.1455078 0.3130867 
1 895 8351.6015625 4800.3046875 0.3130454 
1 896 8351.7402344 4800.1162109 0.3130989 
1 897 8351.9697266 4800.2343750 0.3131012 
1 898 8350.9394531 4800.8417969 0.3131773 
1 899 8352.0468750 4801.1660156 0.3129795 
1 900 8352.1464844 4800.8881836 0.3131081 
1 901 8351.7636719 4801.6030273 0.3130599 
1 902 8353.5214844 4800.1186523 0.3131515 
1 903 8352.6679688 4799.7485352 0.3134623 
1 904 8352.6923828 4799.7617188 0.3134548 
1 905 8353.1689453 4800.0541992 0.3133840 
1 906 8353.7802734 4799.2363281 0.3135736 
1 907 8353.9912109 4799.0522461 0.3136759 
1 908 8354.3486328 4798.6416016 0.3137937 
1 909 8354.5419922 4798.5898438 0.3138644 
1 910 8354.8847656 4798.8154297 0.3138323 
1 911 8355.8945312 4798.8974609 0.3137310 
1 912 8356.1855469 4798.9833984 0.3137649 
1 913 8356.3691406 4798.9726562 0.3138310 
1 914 8357.2744141 4798.6894531 0.3138286 
1 915 8357.7656250 4798.5917969 0.3138392 
1 916 8357.9833984 4798.4306641 0.3139028 
1 917 8358.4062500 4798.3544922 0.3139073 
1 918 8358.6289062 4798.5454102 0.3138832 
1 919 8358.1796875 4798.9736328 0.3139134 
1 920 8357.2109375 4799.4101562 0.3140293 
1 921 8356.6953125 4800.0766602 0.3140040 
1 922 8358.0332031 4799.5708008 0.3139410 
1 923 8358.4511719 4799.2290039 0.3139972 
1 924 8360.8437500 4798.9033203 0.3136998 
1 925 8362.0234375 4797.6455078 0.3138261 
1 926 8363.0312500 4796.8940430 0.3138485 
1 927 8363.9404297 4796.4682617 0.3137959 
1 928 8363.5410156 4796.2519531 0.3139129 
1 929 8363.5410156 4796.2519531 0.3139129 
1 930 8363.0478516 4796.1894531 0.3139969 
1 931 8362.3242188 4796.2456055 0.3140824 
1 932 8362.3554688 4796.1455078 0.3140687 
1 933 8361.2441406 4796.3056641 0.3141962 
1 934 8360.3164062 4796.6884766 0.3142371 
1 935 8359.7675781 4796.6298828 0.3143134 
1 935 8359.7675781 4796.6298828 0.3143134 
