1 2 9109.7089844 3173.6706543 0.2061847 
1 3 9112.3691406 3187.4680176 0.2061632 
1 4 9112.3691406 3187.4680176 0.2061632 
1 5 9114.9941406 3199.3288574 0.2060128 
1 6 9117.7734375 3209.6821289 0.2059408 
1 7 9119.9990234 3220.0000000 0.2058456 
1 8 9122.0839844 3230.0004883 0.2058077 
1 9 9124.0449219 3238.9709473 0.2056689 
1 10 9124.0449219 3238.9709473 0.2056689 
1 11 9124.4355469 3240.5341797 0.2056689 
1 12 9125.1679688 3243.4726562 0.2056689 
1 13 9126.2041016 3247.2309570 0.2056689 
1 14 9127.5058594 3251.7080078 0.2056689 
1 15 9129.0419922 3256.8188477 0.2056689 
1 16 9130.7851562 3262.4887695 0.2056689 
1 17 9132.7099609 3268.2595215 0.2056689 
1 18 9134.7939453 3274.1196289 0.2056689 
1 19 9137.0195312 3280.0581055 0.2056689 
1 20 9139.3671875 3285.6743164 0.2056689 
1 21 9142.2158203 3291.3986816 0.2056689 
1 22 9145.1132812 3297.2172852 0.2056689 
1 23 9148.0546875 3303.1196289 0.2056689 
1 24 9151.0332031 3309.4853516 0.2056689 
1 25 9154.0439453 3316.2600098 0.2056689 
1 26 9157.0859375 3323.3937988 0.2056689 
1 27 9160.1523438 3330.8437500 0.2056689 
1 28 9163.2421875 3338.1813965 0.2056689 
1 29 9165.9609375 3344.6386719 0.2056689 
1 30 9168.7441406 3351.1025391 0.2056689 
1 31 9171.5839844 3357.5722656 0.2056689 
1 32 9174.4746094 3364.0473633 0.2056689 
1 33 9177.4082031 3370.9160156 0.2056689 
1 34 9179.9902344 3377.7421875 0.2056689 
1 35 9182.2626953 3384.8774414 0.2056689 
1 36 9184.2617188 3392.3286133 0.2056689 
1 37 9186.0214844 3399.7656250 0.2056689 
1 38 9187.5703125 3407.0917969 0.2056689 
1 39 9188.9335938 3414.3203125 0.2056689 
1 40 9190.1328125 3421.0722656 0.2056689 
1 41 9191.1875000 3427.4047852 0.2056689 
1 42 9192.1171875 3433.3681641 0.2056689 
1 43 9192.9335938 3439.0065918 0.2056689 
1 44 9193.6533203 3444.3593750 0.2056689 
1 45 9194.6767578 3449.4604492 0.2056689 
1 46 9195.9677734 3454.3403320 0.2056689 
1 47 9197.1044922 3459.0253906 0.2056689 
1 48 9198.4951172 3463.5388184 0.2056689 
1 49 9200.1103516 3467.9016113 0.2056689 
1 50 9201.9228516 3472.1323242 0.2056689 
1 51 9203.9082031 3476.2460938 0.2056689 
1 52 9206.4365234 3480.2568359 0.2056689 
1 53 9209.4433594 3484.1772461 0.2056689 
1 54 9212.0888672 3487.6269531 0.2056689 
1 55 9215.1992188 3491.0534668 0.2056689 
1 56 9218.7167969 3494.0688477 0.2056689 
1 57 9222.5947266 3496.7224121 0.2056689 
1 58 9226.7890625 3499.0576172 0.2056689 
1 59 9231.6523438 3501.1127930 0.2056689 
1 60 9237.1044922 3502.9211426 0.2056689 
1 61 9243.0742188 3504.5122070 0.2056689 
1 62 9249.5000000 3505.9128418 0.2056689 
1 63 9256.3271484 3507.1450195 0.2056689 
1 64 9263.5078125 3508.2297363 0.2056689 
1 65 9270.9980469 3509.1840820 0.2056689 
1 66 9278.7626953 3510.0239258 0.2056689 
1 67 9286.7529297 3510.7629395 0.2056689 
1 68 9294.5654297 3511.4133301 0.2056689 
1 69 9302.2226562 3511.9853516 0.2056689 
1 70 9309.7421875 3512.4890137 0.2056689 
1 71 9317.1406250 3512.9321289 0.2056689 
1 72 9324.4326172 3513.3222656 0.2056689 
1 73 9331.6318359 3513.6655273 0.2056689 
1 74 9338.7490234 3513.9675293 0.2056689 
1 75 9345.7929688 3514.2333984 0.2056689 
1 76 9352.7734375 3514.4672852 0.2056689 
1 77 9359.6982422 3514.6728516 0.2056689 
1 78 9366.5732422 3514.8540039 0.2056689 
1 79 9372.6230469 3515.0134277 0.2056689 
1 80 9378.7285156 3515.1538086 0.2056689 
1 81 9384.8818359 3515.2770996 0.2056689 
1 82 9391.4707031 3515.3857422 0.2056689 
1 83 9398.0488281 3515.4812012 0.2056689 
1 84 9404.6201172 3515.5654297 0.2056689 
1 85 9411.5751953 3515.6396484 0.2056689 
1 86 9418.7753906 3515.7060547 0.2056689 
1 87 9426.2832031 3515.7646484 0.2056689 
1 88 9434.0625000 3515.8164062 0.2056689 
1 89 9442.0810547 3516.2524414 0.2056689 
1 90 9450.3085938 3517.0268555 0.2056689 
1 91 9458.7216797 3518.0993652 0.2056689 
1 92 9467.6884766 3519.4338379 0.2056689 
1 93 9476.7519531 3520.9990234 0.2056689 
1 94 9485.8994141 3523.1579590 0.2056689 
1 95 9495.1210938 3525.4487305 0.2056689 
1 96 9504.4091797 3527.8552246 0.2056689 
1 97 9513.7548828 3530.3637695 0.2056689 
1 98 9523.1513672 3532.9619141 0.2056689 
1 99 9532.5917969 3535.6394043 0.2056689 
1 100 9542.0722656 3538.3862305 0.2056689 
1 101 9551.5878906 3541.1940918 0.2056689 
1 102 9561.1337891 3544.0561523 0.2056689 
1 103 9570.7070312 3546.9653320 0.2056689 
1 104 9579.1308594 3549.5253906 0.2056689 
1 105 9587.7158203 3552.5566406 0.2056689 
1 106 9596.4433594 3555.6152344 0.2056689 
1 107 9604.9062500 3559.0881348 0.2056689 
1 108 9613.1347656 3562.9257812 0.2056689 
1 109 9621.1572266 3567.0844727 0.2056689 
1 110 9628.9990234 3571.5256348 0.2056689 
1 111 9636.6806641 3576.2153320 0.2056689 
1 112 9643.8339844 3581.1220703 0.2056689 
1 113 9650.9101562 3586.2219238 0.2056689 
1 114 9657.9179688 3591.4912109 0.2056689 
1 115 9664.8671875 3596.9096680 0.2056689 
1 116 9671.7636719 3602.8503418 0.2056689 
1 117 9678.6142578 3609.2504883 0.2056689 
1 118 9685.4238281 3616.0549316 0.2056689 
1 119 9692.1982422 3623.6059570 0.2056689 
1 120 9698.9404297 3631.4230957 0.2056689 
1 121 9705.2646484 3639.4746094 0.2056689 
1 122 9711.2216797 3647.7319336 0.2056689 
1 123 9716.8535156 3656.1706543 0.2056689 
1 124 9722.2011719 3664.3869629 0.2056689 
1 125 9727.2968750 3672.3986816 0.2056689 
1 126 9732.1728516 3680.2307129 0.2056689 
1 127 9736.8544922 3687.9042969 0.2056689 
1 128 9741.3652344 3695.4389648 0.2056689 
1 129 9745.3339844 3702.0690918 0.2056689 
1 130 9749.2177734 3708.6853027 0.2056689 
1 131 9753.0263672 3715.6474609 0.2056689 
1 132 9756.8261719 3722.9431152 0.2056689 
1 133 9760.5605469 3730.5351562 0.2056689 
1 134 9764.6289062 3738.3859863 0.2056689 
1 135 9768.9882812 3746.4667969 0.2056689 
1 136 9773.2167969 3754.7480469 0.2056689 
1 137 9777.3281250 3763.2077637 0.2056689 
1 138 9781.3369141 3771.4335938 0.2056689 
1 139 9785.2548828 3779.4543457 0.2056689 
1 140 9789.0937500 3787.2939453 0.2056689 
1 141 9792.8632812 3794.9743652 0.2056689 
1 142 9796.5703125 3802.1237793 0.2056689 
1 143 9800.2236328 3808.8061523 0.2056689 
1 144 9803.8300781 3815.0771484 0.2056689 
1 145 9807.3935547 3820.6000977 0.2056689 
1 146 9811.3115234 3825.4602051 0.2056689 
1 147 9815.5410156 3829.7373047 0.2056689 
1 148 9820.0439453 3833.5009766 0.2056689 
1 149 9824.7880859 3836.8129883 0.2056689 
1 150 9829.7451172 3839.7277832 0.2056689 
1 151 9834.8886719 3842.2924805 0.2056689 
1 152 9840.1962891 3844.5495605 0.2056689 
1 153 9846.0390625 3846.5356445 0.2056689 
1 154 9851.1806641 3848.2836914 0.2056689 
1 155 9856.8779297 3849.8217773 0.2056689 
1 156 9863.0644531 3851.1755371 0.2056689 
1 157 9870.0703125 3852.3666992 0.2056689 
1 158 9877.7998047 3853.4150391 0.2056689 
1 159 9886.1640625 3854.3371582 0.2056689 
1 160 9895.0888672 3855.1489258 0.2056689 
1 161 9904.5039062 3855.8632812 0.2056689 
1 162 9914.3535156 3856.4919434 0.2056689 
1 163 9924.5839844 3857.0454102 0.2056689 
1 164 9935.1503906 3857.5319824 0.2056689 
1 165 9945.6201172 3857.9653320 0.2056689 
1 166 9955.6152344 3858.3469238 0.2056689 
1 167 9964.8017578 3858.6826172 0.2056689 
1 168 9972.8857422 3858.9775391 0.2056689 
1 169 9979.9990234 3859.2377930 0.2056689 
1 170 9986.2597656 3859.4665527 0.2056689 
1 171 9991.7685547 3860.0585938 0.2056689 
1 172 9996.6171875 3860.9704590 0.2056689 
1 173 10000.8828125 3862.5541992 0.2056689 
1 174 10004.6376953 3865.1201172 0.2056689 
1 175 10007.9414062 3868.5507812 0.2056689 
1 176 10010.8486328 3872.7416992 0.2056689 
1 177 10013.4072266 3877.6022949 0.2056689 
1 178 10015.6582031 3883.0517578 0.2056689 
1 179 10017.6396484 3887.8471680 0.2056689 
1 180 10019.3837891 3893.2397461 0.2056689 
1 181 10020.9179688 3899.1574707 0.2056689 
1 182 10022.2675781 3905.5371094 0.2056689 
1 183 10023.4560547 3912.3237305 0.2056689 
1 184 10024.5009766 3919.4680176 0.2056689 
1 185 10025.4208984 3926.9274902 0.2056689 
1 186 10026.2314453 3934.6643066 0.2056689 
1 187 10026.9433594 3942.6450195 0.2056689 
1 188 10027.5703125 3950.8400879 0.2056689 
1 189 10028.1220703 3959.2241211 0.2056689 
1 190 10028.6074219 3967.7746582 0.2056689 
1 191 10029.0341797 3976.0805664 0.2056689 
1 192 10029.8007812 3984.1711426 0.2056689 
1 193 10030.8671875 3992.0725098 0.2056689 
1 194 10032.1953125 3999.8071289 0.2056689 
1 195 10033.7548828 4007.3952637 0.2056689 
1 196 10035.5185547 4014.8544922 0.2056689 
1 197 10037.4599609 4022.2011719 0.2056689 
1 198 10039.5605469 4029.8386230 0.2056689 
1 199 10041.4082031 4037.7314453 0.2056689 
1 200 10043.0351562 4045.4589844 0.2056689 
1 201 10044.4658203 4053.4313965 0.2056689 
1 202 10045.7246094 4061.6196289 0.2056689 
1 203 10046.8339844 4069.6066895 0.2056689 
1 204 10047.8085938 4076.6352539 0.2056689 
1 205 10049.0576172 4083.6020508 0.2056689 
1 206 10050.4960938 4090.1240234 0.2056689 
1 207 10052.1523438 4096.2539062 0.2056689 
1 208 10054.0019531 4101.6494141 0.2056689 
1 209 10056.0195312 4106.3969727 0.2056689 
1 210 10058.5761719 4110.5751953 0.2056689 
1 211 10061.6083984 4114.2519531 0.2056689 
1 212 10065.4482422 4117.4873047 0.2056689 
1 213 10070.0000000 4120.3349609 0.2056689 
1 214 10075.1777344 4122.8403320 0.2056689 
1 215 10080.9062500 4125.0449219 0.2056689 
1 216 10087.5107422 4126.9853516 0.2056689 
1 217 10094.8857422 4128.3017578 0.2056689 
1 218 10102.7890625 4129.0693359 0.2056689 
1 219 10110.9169922 4128.9628906 0.2056689 
1 220 10119.2412109 4128.0874023 0.2056689 
1 221 10127.7392578 4126.1450195 0.2056689 
1 222 10136.7802734 4123.2631836 0.2056689 
1 223 10146.2998047 4119.5551758 0.2056689 
1 224 10156.2392578 4115.1191406 0.2056689 
1 225 10166.5498047 4110.0434570 0.2056689 
1 226 10177.1855469 4104.4047852 0.2056689 
1 227 10188.1083984 4098.2705078 0.2056689 
1 228 10198.8925781 4091.6997070 0.2056689 
1 229 10208.3828125 4085.9179688 0.2056689 
1 230 10217.9072266 4080.0483398 0.2056689 
1 231 10227.0693359 4074.1013184 0.2056689 
1 232 10235.9140625 4068.0864258 0.2056689 
1 233 10244.4775391 4062.0119629 0.2056689 
1 234 10252.7949219 4055.8847656 0.2056689 
1 235 10260.5058594 4049.7114258 0.2056689 
1 236 10267.6816406 4043.1064453 0.2056689 
1 237 10274.7792969 4036.1218262 0.2056689 
1 238 10281.4150391 4028.4125977 0.2056689 
1 239 10287.6455078 4020.0649414 0.2056689 
1 240 10293.9072266 4011.1347656 0.2056689 
1 241 10300.1992188 4001.3220215 0.2056689 
1 242 10306.1269531 3991.1235352 0.2056689 
1 243 10312.1240234 3980.5373535 0.2056689 
1 244 10318.1826172 3969.6582031 0.2056689 
1 245 10323.9052734 3958.5214844 0.2056689 
1 246 10329.3310547 3947.1582031 0.2056689 
1 247 10334.4970703 3935.5954590 0.2056689 
1 248 10339.8242188 3923.8571777 0.2056689 
1 249 10345.2929688 3911.9643555 0.2056689 
1 250 10350.8876953 3899.9355469 0.2056689 
1 251 10356.5917969 3887.3964844 0.2056689 
1 252 10362.3925781 3874.4082031 0.2056689 
1 253 10368.2792969 3861.0249023 0.2056689 
1 254 10373.4589844 3849.2475586 0.2056689 
1 255 10378.7998047 3836.9291992 0.2056689 
1 256 10384.2812500 3824.1354980 0.2056689 
1 257 10390.2753906 3810.5322266 0.2056689 
1 258 10396.7236328 3796.2167969 0.2056689 
1 259 10403.9599609 3781.2756348 0.2056689 
1 260 10411.8925781 3765.7827148 0.2056689 
1 261 10420.4345703 3749.8041992 0.2056689 
1 262 10429.9062500 3733.3979492 0.2056689 
1 263 10440.1943359 3716.2250977 0.2056689 
1 264 10451.1923828 3698.3776855 0.2056689 
1 265 10462.4335938 3679.9365234 0.2056689 
1 266 10474.2724609 3660.9729004 0.2056689 
1 267 10486.6445312 3641.1586914 0.2056689 
1 268 10499.4843750 3620.5959473 0.2056689 
1 269 10513.1298828 3599.3752441 0.2056689 
1 270 10527.4814453 3577.9628906 0.2056689 
1 271 10542.0683594 3555.9938965 0.2056689 
1 272 10556.4658203 3535.0979004 0.2056689 
1 273 10571.4824219 3513.5834961 0.2056689 
1 274 10586.6494141 3492.3059082 0.2056689 
1 275 10602.3417969 3470.0649414 0.2056689 
1 276 10618.1044922 3447.3666992 0.2056689 
1 277 10633.9296875 3424.6567383 0.2056689 
1 278 10649.8095703 3401.9365234 0.2056689 
1 279 10663.7841797 3381.9431152 0.2056689 
1 280 10678.4267578 3361.6132812 0.2056689 
1 281 10693.6562500 3340.9873047 0.2056689 
1 282 10709.0117188 3319.7104492 0.2056689 
1 283 10724.8681641 3297.9331055 0.2056689 
1 284 10740.7763672 3276.0336914 0.2056689 
1 285 10756.3388672 3254.0268555 0.2056689 
1 286 10771.2060547 3232.3159180 0.2056689 
1 287 10785.4609375 3210.4750977 0.2056689 
1 288 10799.1787109 3188.5190430 0.2056689 
1 289 10812.8125000 3166.0715332 0.2056689 
1 290 10826.3730469 3143.5810547 0.2056689 
1 291 10839.0878906 3121.4443359 0.2056689 
1 292 10851.0595703 3099.6196289 0.2056689 
1 293 10861.9863281 3078.0690918 0.2056689 
1 294 10871.9921875 3056.7602539 0.2056689 
1 295 10881.1894531 3036.0544434 0.2056689 
1 296 10890.0634766 3015.8793945 0.2056689 
1 297 10898.6542969 2995.7810059 0.2056689 
1 298 10907.3876953 2976.1403809 0.2056689 
1 299 10915.8535156 2957.2937012 0.2056689 
1 300 10924.0839844 2939.1455078 0.2056689 
1 301 10932.1093750 2921.6118164 0.2056689 
1 302 10939.5625000 2904.2314453 0.2056689 
1 303 10946.5126953 2886.9829102 0.2056689 
1 304 10952.6279297 2871.8041992 0.2056689 
1 305 10958.4003906 2856.4929199 0.2056689 
1 306 10964.2626953 2840.6743164 0.2056689 
1 307 10970.2031250 2824.8000488 0.2056689 
1 308 10976.2109375 2809.2675781 0.2056689 
1 309 10982.2802734 2794.0358887 0.2056689 
1 310 10988.4023438 2779.0693359 0.2056689 
1 311 10994.5712891 2764.3354492 0.2056689 
1 312 11000.7812500 2750.1972656 0.2056689 
1 313 11007.0273438 2736.5832520 0.2056689 
1 314 11013.3056641 2723.8212891 0.2056689 
1 315 11019.6113281 2711.4187012 0.2056689 
1 316 11025.9433594 2699.3322754 0.2056689 
1 317 11032.6875000 2687.5239258 0.2056689 
1 318 11039.7949219 2676.3505859 0.2056689 
1 319 11047.6123047 2665.7370605 0.2056689 
1 320 11055.6640625 2655.2294922 0.2056689 
1 321 11063.9218750 2645.1967773 0.2056689 
1 322 11072.3613281 2635.1958008 0.2056689 
1 323 11080.9589844 2625.2226562 0.2056689 
1 324 11090.4804688 2615.2739258 0.2056689 
1 325 11100.8125000 2605.7375488 0.2056689 
1 326 11111.4804688 2596.1733398 0.2056689 
1 327 11122.8222656 2586.5844727 0.2056689 
1 328 11134.7558594 2577.3645020 0.2056689 
1 329 11145.2578125 2569.2509766 0.2056689 
1 330 11156.0625000 2561.3295898 0.2056689 
1 331 11167.1337891 2553.5771484 0.2056689 
1 332 11178.4394531 2546.3645020 0.2056689 
1 333 11190.3427734 2539.6264648 0.2056689 
1 334 11202.7714844 2533.3061523 0.2056689 
1 335 11215.6621094 2527.7443848 0.2056689 
1 336 11228.9599609 2522.8498535 0.2056689 
1 337 11243.0068359 2518.5427246 0.2056689 
1 338 11257.7128906 2514.7524414 0.2056689 
1 339 11272.9980469 2511.4169922 0.2056689 
1 340 11288.0126953 2508.4816895 0.2056689 
1 341 11302.7880859 2505.8986816 0.2056689 
1 342 11316.9628906 2503.6257324 0.2056689 
1 343 11330.6093750 2501.6257324 0.2056689 
1 344 11343.3994141 2499.4746094 0.2056689 
1 345 11355.4257812 2497.2612305 0.2056689 
1 346 11366.4003906 2494.9223633 0.2056689 
1 347 11376.4472656 2492.4736328 0.2056689 
1 348 11385.6816406 2489.9279785 0.2056689 
1 349 11394.1972656 2486.9062500 0.2056689 
1 350 11402.0810547 2483.4655762 0.2056689 
1 351 11409.4101562 2479.6562500 0.2056689 
1 352 11416.2509766 2475.5224609 0.2056689 
1 353 11422.6611328 2471.1032715 0.2056689 
1 354 11428.3027344 2467.2143555 0.2056689 
1 355 11433.6582031 2463.0104980 0.2056689 
1 356 11439.1523438 2458.5297852 0.2056689 
1 357 11444.7695312 2453.8046875 0.2056689 
1 358 11450.4980469 2448.5891113 0.2056689 
1 359 11456.7128906 2443.2180176 0.2056689 
1 360 11463.3535156 2437.7099609 0.2056689 
1 361 11470.3701172 2432.4719238 0.2056689 
1 362 11477.7158203 2427.4716797 0.2056689 
1 363 11485.3525391 2423.0715332 0.2056689 
1 364 11493.2460938 2419.1994629 0.2056689 
1 365 11501.7558594 2415.7919922 0.2056689 
1 366 11510.8066406 2412.7932129 0.2056689 
1 367 11520.3339844 2410.1542969 0.2056689 
1 368 11530.2822266 2407.8322754 0.2056689 
1 369 11540.5996094 2405.7888184 0.2056689 
1 370 11551.2412109 2403.9907227 0.2056689 
1 371 11561.7783203 2402.4082031 0.2056689 
1 372 11572.2246094 2401.0156250 0.2056689 
1 373 11582.1972656 2399.7902832 0.2056689 
1 374 11591.3652344 2398.7119141 0.2056689 
1 375 11599.8232422 2397.7626953 0.2056689 
1 376 11607.6572266 2396.9277344 0.2056689 
1 377 11614.9414062 2396.1928711 0.2056689 
1 378 11621.3515625 2395.5463867 0.2056689 
1 379 11626.9921875 2394.9770508 0.2056689 
1 380 11631.9570312 2394.4763184 0.2056689 
1 381 11636.3261719 2394.0356445 0.2056689 
1 382 11640.1699219 2393.6477051 0.2056689 
1 383 11643.5527344 2393.3061523 0.2056689 
1 384 11646.5292969 2393.0058594 0.2056689 
1 385 11649.5400391 2392.7416992 0.2056689 
1 386 11652.1884766 2392.5092773 0.2056689 
1 387 11654.9111328 2392.3044434 0.2056689 
1 388 11657.6962891 2392.1242676 0.2056689 
1 389 11660.5390625 2391.9658203 0.2056689 
1 390 11663.8232422 2391.8264160 0.2056689 
1 391 11667.1035156 2391.7036133 0.2056689 
1 392 11670.3808594 2391.5954590 0.2056689 
1 393 11673.6562500 2391.5004883 0.2056689 
1 394 11676.9287109 2391.4165039 0.2056689 
1 395 11680.2001953 2391.3430176 0.2056689 
1 396 11683.0781250 2391.2783203 0.2056689 
1 397 11685.6113281 2391.2211914 0.2056689 
1 398 11687.8408203 2391.1713867 0.2056689 
1 399 11689.8027344 2391.1269531 0.2056689 
1 400 11691.5283203 2391.0883789 0.2056689 
1 401 11693.0468750 2391.0541992 0.2056689 
1 402 11694.3837891 2391.0239258 0.2056689 
1 403 11695.5605469 2390.9975586 0.2056689 
1 404 11696.5957031 2390.9743652 0.2056689 
1 405 11697.5058594 2390.9536133 0.2056689 
1 406 11698.3085938 2390.9355469 0.2056689 
1 407 11699.0136719 2390.9199219 0.2056689 
1 408 11699.6337891 2390.9057617 0.2056689 
1 409 11700.1806641 2390.8935547 0.2056689 
1 410 11700.6621094 2390.8828125 0.2056689 
1 411 11701.0839844 2390.8730469 0.2056689 
1 412 11701.4560547 2390.8647461 0.2056689 
1 413 11701.7861328 2390.8571777 0.2056689 
1 414 11702.4667969 2390.8508301 0.2056689 
1 415 11703.4570312 2390.8449707 0.2056689 
1 416 11704.7187500 2390.8400879 0.2056689 
1 417 11706.2207031 2390.8354492 0.2056689 
1 418 11707.9316406 2390.8315430 0.2056689 
1 419 11709.8291016 2390.8281250 0.2056689 
1 420 11711.8896484 2390.8251953 0.2056689 
1 421 11714.0927734 2390.8225098 0.2056689 
1 422 11716.4238281 2390.8203125 0.2056689 
1 423 11718.4755859 2390.8181152 0.2056689 
1 424 11720.2812500 2390.8164062 0.2056689 
1 425 11721.8701172 2390.8149414 0.2056689 
1 426 11723.2695312 2390.8134766 0.2056689 
1 427 11724.5000000 2390.4213867 0.2056689 
1 428 11725.9726562 2389.6855469 0.2056689 
1 429 11727.2705078 2389.0383301 0.2056689 
1 430 11728.8027344 2388.0778809 0.2056689 
1 431 11730.9326172 2386.8417969 0.2056689 
1 432 11733.5888672 2385.3632812 0.2056689 
1 433 11736.7080078 2383.6713867 0.2056689 
1 434 11740.2343750 2381.4008789 0.2056689 
1 435 11744.1191406 2378.6215820 0.2056689 
1 436 11748.7089844 2375.3940430 0.2056689 
1 437 11753.9208984 2371.7722168 0.2056689 
1 438 11760.0703125 2367.8037109 0.2056689 
1 439 11767.4365234 2363.5297852 0.2056689 
1 440 11775.4804688 2358.9870605 0.2056689 
1 441 11784.1230469 2354.5988770 0.2056689 
1 442 11793.2919922 2350.3464355 0.2056689 
1 443 11802.9238281 2346.2136230 0.2056689 
1 444 11812.9628906 2342.1857910 0.2056689 
1 445 11823.3593750 2338.6413574 0.2056689 
1 446 11833.6816406 2335.1396484 0.2056689 
1 447 11843.9365234 2332.0583496 0.2056689 
1 448 11854.1328125 2328.9562988 0.2056689 
1 449 11864.2792969 2326.2265625 0.2056689 
1 450 11873.9892578 2323.4335938 0.2056689 
1 451 11883.7060547 2320.5849609 0.2056689 
1 452 11893.4296875 2317.6875000 0.2056689 
1 453 11903.1591797 2314.7465820 0.2056689 
1 454 11911.7207031 2312.1589355 0.2056689 
1 455 11920.4277344 2309.4909668 0.2056689 
1 456 11929.6464844 2306.7636719 0.2056689 
1 457 11939.3222656 2304.3637695 0.2056689 
1 458 11949.4003906 2302.2514648 0.2056689 
1 459 11958.2695312 2300.3930664 0.2056689 
1 460 11966.0742188 2298.7575684 0.2056689 
1 461 11972.9414062 2297.3183594 0.2056689 
1 462 11978.9853516 2296.0517578 0.2056689 
1 463 11984.3046875 2294.9372559 0.2056689 
1 464 11988.9843750 2293.9565430 0.2056689 
1 465 11993.1035156 2293.0932617 0.2056689 
1 466 11996.7275391 2292.3337402 0.2056689 
1 467 11999.9169922 2291.6652832 0.2056689 
1 468 12002.7236328 2291.0771484 0.2056689 
1 469 12005.1933594 2290.5595703 0.2056689 
1 470 12007.3652344 2290.1040039 0.2056689 
1 471 12009.2783203 2289.7033691 0.2056689 
1 472 12010.9619141 2289.3505859 0.2056689 
1 473 12012.4433594 2289.0402832 0.2056689 
1 474 12013.7480469 2288.7670898 0.2056689 
1 475 12014.8945312 2288.5266113 0.2056689 
1 476 12015.9042969 2288.3151855 0.2056689 
1 477 12016.7929688 2288.1289062 0.2056689 
1 478 12017.5761719 2287.9650879 0.2056689 
1 479 12018.2636719 2287.8210449 0.2056689 
1 480 12018.8691406 2287.6940918 0.2056689 
1 481 12019.4023438 2287.5825195 0.2056689 
1 482 12019.8710938 2287.4841309 0.2056689 
1 483 12020.2832031 2287.3977051 0.2056689 
1 484 12020.6455078 2287.3217773 0.2056689 
1 485 12020.9658203 2287.2548828 0.2056689 
1 486 12021.2460938 2287.1958008 0.2056689 
1 487 12021.4941406 2287.1440430 0.2056689 
1 488 12021.7109375 2287.0983887 0.2056689 
1 489 12021.9287109 2287.0527344 0.2056689 
1 490 12022.1201172 2287.7939453 0.2056689 
1 491 12022.2890625 2289.2277832 0.2056689 
1 492 12022.8281250 2290.8803711 0.2056689 
1 493 12023.6933594 2292.7255859 0.2056689 
1 494 12024.4550781 2294.3491211 0.2056689 
1 495 12024.7353516 2295.7780762 0.2056689 
1 496 12024.9814453 2297.0356445 0.2056689 
1 497 12025.9804688 2298.1420898 0.2056689 
1 498 12027.6406250 2299.1159668 0.2056689 
1 499 12029.8828125 2299.9726562 0.2056689 
1 500 12033.0283203 2300.7268066 0.2056689 
1 501 12036.5781250 2301.3903809 0.2056689 
1 502 12040.8740234 2301.9743652 0.2056689 
1 503 12045.4355469 2302.4880371 0.2056689 
1 504 12049.4511719 2302.9404297 0.2056689 
1 505 12053.7646484 2303.3161621 0.2056689 
1 506 12058.7343750 2303.2563477 0.2056689 
1 507 12063.8876953 2302.8127441 0.2056689 
1 508 12069.2050781 2302.0314941 0.2056689 
1 509 12074.6660156 2301.3442383 0.2056689 
1 510 12079.8623047 2300.7395020 0.2056689 
1 511 12084.8251953 2300.5979004 0.2056689 
1 512 12089.5839844 2300.8640137 0.2056689 
1 513 12094.1621094 2301.4890137 0.2056689 
1 514 12098.1914062 2302.4296875 0.2056689 
1 515 12101.7363281 2303.6484375 0.2056689 
1 516 12104.8554688 2305.5026855 0.2056689 
1 517 12107.6015625 2308.3063965 0.2056689 
1 518 12109.6269531 2311.1645508 0.2056689 
1 519 12111.0175781 2314.4614258 0.2056689 
1 520 12111.8515625 2318.1442871 0.2056689 
1 521 12111.8046875 2322.1672363 0.2056689 
1 522 12111.3710938 2326.4890137 0.2056689 
1 523 12110.2089844 2331.0737305 0.2056689 
1 524 12108.4033203 2335.4990234 0.2056689 
1 525 12106.0341797 2339.7839355 0.2056689 
1 526 12103.1660156 2343.9455566 0.2056689 
1 527 12099.8623047 2347.6076660 0.2056689 
1 528 12096.5634766 2350.4396973 0.2056689 
1 529 12093.6611328 2352.9321289 0.2056689 
1 530 12090.7148438 2355.1250000 0.2056689 
1 531 12087.7333984 2357.0551758 0.2056689 
1 532 12084.7177734 2358.7534180 0.2056689 
1 533 12081.6738281 2360.2478027 0.2056689 
1 534 12078.9951172 2361.5629883 0.2056689 
1 535 12076.6386719 2363.1113281 0.2056689 
1 536 12074.9531250 2364.8642578 0.2056689 
1 537 12073.8623047 2366.7978516 0.2056689 
1 538 12072.9023438 2368.8901367 0.2056689 
1 539 12072.4492188 2371.4807129 0.2056689 
1 540 12072.4404297 2374.5419922 0.2056689 
1 541 12072.8232422 2378.0173340 0.2056689 
1 542 12073.9414062 2381.8569336 0.2056689 
1 543 12075.7080078 2386.0178223 0.2056689 
1 544 12078.0429688 2390.0698242 0.2056689 
1 545 12080.8798828 2394.0263672 0.2056689 
1 546 12084.1582031 2397.8991699 0.2056689 
1 547 12088.2138672 2401.6977539 0.2056689 
1 548 12092.5664062 2405.0405273 0.2056689 
1 549 12097.5683594 2407.9821777 0.2056689 
1 550 12102.7519531 2410.1801758 0.2056689 
1 551 12108.0937500 2411.7241211 0.2056689 
1 552 12113.2626953 2412.6921387 0.2056689 
1 553 12118.2031250 2413.1530762 0.2056689 
1 554 12122.5498047 2413.5590820 0.2056689 
1 555 12126.3759766 2413.5251465 0.2056689 
1 556 12129.3505859 2413.1049805 0.2056689 
1 557 12131.1875000 2412.3439941 0.2056689 
1 558 12131.6318359 2411.2839355 0.2056689 
1 559 12130.8505859 2409.9599609 0.2056689 
1 560 12129.3828125 2408.0136719 0.2056689 
1 561 12127.3085938 2405.9099121 0.2056689 
1 562 12125.0927734 2403.6679688 0.2056689 
1 563 12122.7519531 2401.3039551 0.2056689 
1 564 12119.9101562 2398.8332520 0.2056689 
1 565 12117.0195312 2396.2680664 0.2056689 
1 566 12114.4746094 2394.0107422 0.2056689 
1 567 12112.2363281 2391.6335449 0.2056689 
1 568 12110.2656250 2389.1508789 0.2056689 
1 569 12108.5332031 2386.5751953 0.2056689 
1 570 12107.0068359 2383.9182129 0.2056689 
1 571 12106.0742188 2381.5793457 0.2056689 
1 572 12105.6298828 2379.4755859 0.2056689 
1 573 12105.6298828 2377.2336426 0.2056689 
1 574 12106.0205078 2374.8698730 0.2056689 
1 575 12106.7558594 2371.6174316 0.2056689 
1 576 12108.5742188 2368.7551270 0.2056689 
1 577 12110.9707031 2366.2365723 0.2056689 
1 578 12114.2500000 2364.0200195 0.2056689 
1 579 12117.1376953 2362.0695801 0.2056689 
1 580 12120.8496094 2360.3530273 0.2056689 
1 581 12124.8984375 2358.8425293 0.2056689 
1 582 12129.2431641 2357.5134277 0.2056689 
1 583 12133.4570312 2356.3437500 0.2056689 
1 584 12137.9472656 2355.3146973 0.2056689 
1 585 12142.6796875 2354.7995605 0.2056689 
1 586 12148.0166016 2355.1281738 0.2056689 
1 587 12153.8857422 2355.8083496 0.2056689 
1 588 12160.6132812 2357.5766602 0.2056689 
1 589 12168.4863281 2360.3049316 0.2056689 
1 590 12177.3691406 2363.4875488 0.2056689 
1 591 12184.7949219 2367.0698242 0.2056689 
1 592 12192.1113281 2371.0034180 0.2056689 
1 593 12198.5156250 2374.8642578 0.2056689 
1 594 12204.1503906 2379.0432129 0.2056689 
1 595 12209.1093750 2383.5019531 0.2056689 
1 596 12213.8632812 2388.2072754 0.2056689 
1 597 12218.4384766 2392.7387695 0.2056689 
1 598 12222.8554688 2397.1171875 0.2056689 
1 599 12226.7421875 2400.9702148 0.2056689 
1 600 12230.1621094 2404.3608398 0.2056689 
1 601 12233.1728516 2406.9541016 0.2056689 
1 602 12235.8212891 2409.2360840 0.2056689 
1 603 12238.1523438 2411.6350098 0.2056689 
1 604 12240.2031250 2413.7460938 0.2056689 
1 605 12242.3974609 2415.2143555 0.2056689 
1 606 12244.7187500 2416.8972168 0.2056689 
1 607 12247.1533203 2418.7690430 0.2056689 
1 608 12249.6855469 2420.4177246 0.2056689 
1 609 12252.3046875 2421.8686523 0.2056689 
1 610 12255.0000000 2423.1455078 0.2056689 
1 611 12257.7626953 2424.2690430 0.2056689 
1 612 12260.5849609 2424.8669434 0.2056689 
1 613 12263.8496094 2425.0021973 0.2056689 
1 614 12267.5000000 2424.7309570 0.2056689 
1 615 12271.1025391 2424.1013184 0.2056689 
1 616 12274.6630859 2423.5468750 0.2056689 
1 617 12279.7509766 2423.0590820 0.2056689 
1 618 12284.2197266 2422.2416992 0.2056689 
1 619 12288.5439453 2421.5224609 0.2056689 
1 620 12294.2695312 2421.3039551 0.2056689 
1 621 12298.9179688 2421.1115723 0.2056689 
1 622 12302.6181641 2420.9423828 0.2056689 
1 623 12305.4833984 2420.7946777 0.2056689 
1 624 12309.5917969 2420.6645508 0.2056689 
1 625 12312.8173828 2420.5505371 0.2056689 
1 626 12314.8740234 2420.4497070 0.2056689 
1 627 12315.9033203 2420.3613281 0.2056689 
1 628 12315.6357422 2420.2834473 0.2056689 
1 629 12315.4003906 2420.2150879 0.2056689 
1 630 12317.1474609 2420.5456543 0.2056689 
1 631 12320.6386719 2420.8364258 0.2056689 
1 632 12325.6640625 2421.0927734 0.2056689 
1 633 12330.8691406 2421.3181152 0.2056689 
1 634 12337.4023438 2421.5163574 0.2056689 
1 635 12342.1533203 2421.6958008 0.2056689 
1 636 12345.5527344 2422.2446289 0.2056689 
1 637 12348.1494141 2423.5073242 0.2056689 
1 638 12350.0439453 2425.4001465 0.2056689 
1 639 12352.1015625 2427.0659180 0.2056689 
1 640 12353.5214844 2429.7043457 0.2056689 
1 641 12355.1621094 2433.1982422 0.2056689 
1 642 12356.6064453 2437.0544434 0.2056689 
1 643 12357.8759766 2441.2292480 0.2056689 
1 644 12359.3847656 2445.2939453 0.2056689 
1 645 12361.4941406 2449.2617188 0.2056689 
1 646 12364.5224609 2453.1440430 0.2056689 
1 647 12369.1406250 2456.5605469 0.2056689 
1 648 12374.3769531 2459.9580078 0.2056689 
1 649 12380.9394531 2462.9475098 0.2056689 
1 650 12387.8867188 2466.3598633 0.2056689 
1 651 12395.1718750 2470.1440430 0.2056689 
1 652 12402.7558594 2474.6462402 0.2056689 
1 653 12410.2109375 2479.3896484 0.2056689 
1 654 12416.7714844 2483.5639648 0.2056689 
1 655 12423.3251953 2488.0187988 0.2056689 
1 656 12429.8750000 2492.7207031 0.2056689 
1 657 12436.4208984 2497.2490234 0.2056689 
1 658 12442.5722656 2501.6247559 0.2056689 
1 659 12447.9843750 2505.4746094 0.2056689 
1 660 12452.7460938 2508.4716797 0.2056689 
1 661 12456.9384766 2510.7182617 0.2056689 
1 662 12461.0175781 2512.6955566 0.2056689 
1 663 12464.9990234 2514.4355469 0.2056689 
1 664 12468.8916016 2515.9670410 0.2056689 
1 665 12472.7089844 2517.3149414 0.2056689 
1 666 12476.4589844 2518.5031738 0.2056689 
1 667 12480.1484375 2519.5485840 0.2056689 
1 668 12483.7880859 2520.4685059 0.2056689 
1 669 12487.7714844 2521.6687012 0.2056689 
1 670 12491.6679688 2522.7248535 0.2056689 
1 671 12495.4873047 2523.6545410 0.2056689 
1 672 12499.6289062 2524.4724121 0.2056689 
1 673 12504.0566406 2525.1923828 0.2056689 
1 674 12508.3417969 2525.8256836 0.2056689 
1 675 12512.8955078 2526.3830566 0.2056689 
1 676 12517.6845703 2526.4831543 0.2056689 
1 677 12522.6806641 2526.5695801 0.2056689 
1 678 12527.8574219 2526.6337891 0.2056689 
1 679 12532.4140625 2526.6904297 0.2056689 
1 680 12536.8154297 2526.3496094 0.2056689 
1 681 12541.4687500 2525.6586914 0.2056689 
1 682 12546.7363281 2524.6601562 0.2056689 
1 683 12552.1523438 2523.3906250 0.2056689 
1 684 12557.7001953 2521.8825684 0.2056689 
1 685 12563.3652344 2520.1650391 0.2056689 
1 686 12569.5234375 2518.2626953 0.2056689 
1 687 12576.1152344 2516.1977539 0.2056689 
1 688 12582.6972656 2513.9899902 0.2056689 
1 689 12589.6523438 2511.6564941 0.2056689 
1 690 12596.9443359 2509.6030273 0.2056689 
1 691 12604.1542969 2507.7958984 0.2056689 
1 692 12611.6708984 2506.2055664 0.2056689 
1 693 12619.4580078 2504.8061523 0.2056689 
1 694 12626.7011719 2503.5747070 0.2056689 
1 695 12633.8574219 2502.4946289 0.2056689 
1 696 12640.5449219 2501.9345703 0.2056689 
1 697 12646.8203125 2501.4418945 0.2056689 
1 698 12652.7333984 2501.3991699 0.2056689 
1 699 12657.9375000 2502.1433105 0.2056689 
1 700 12662.5175781 2503.1887207 0.2056689 
1 701 12666.5478516 2504.4995117 0.2056689 
1 702 12670.0937500 2506.4343262 0.2056689 
1 703 12673.2148438 2508.5280762 0.2056689 
1 704 12675.9619141 2510.3706055 0.2056689 
1 705 12678.3789062 2512.7731934 0.2056689 
1 706 12680.5058594 2515.6691895 0.2056689 
1 707 12682.3779297 2518.9995117 0.2056689 
1 708 12684.0253906 2522.7119141 0.2056689 
1 709 12685.8671875 2526.7600098 0.2056689 
1 710 12687.4863281 2531.1040039 0.2056689 
1 711 12689.3017578 2535.7082520 0.2056689 
1 712 12691.2900391 2540.5390625 0.2056689 
1 713 12693.4316406 2545.1813965 0.2056689 
1 714 12695.7050781 2549.6577148 0.2056689 
1 715 12698.0976562 2553.9873047 0.2056689 
1 716 12700.5937500 2557.7976074 0.2056689 
1 717 12703.5722656 2561.5410156 0.2056689 
1 718 12706.9736328 2564.8354492 0.2056689 
1 719 12711.1406250 2567.7346191 0.2056689 
1 720 12715.9785156 2570.2858887 0.2056689 
1 721 12720.2363281 2572.5312500 0.2056689 
1 722 12725.5468750 2574.5068359 0.2056689 
1 723 12731.3925781 2575.8549805 0.2056689 
1 724 12737.7099609 2577.0415039 0.2056689 
1 725 12744.4414062 2578.0859375 0.2056689 
1 726 12751.5371094 2579.0048828 0.2056689 
1 727 12758.9531250 2579.8132324 0.2056689 
1 728 12766.2607422 2580.5249023 0.2056689 
1 729 12772.6914062 2581.1511230 0.2056689 
1 730 12779.5234375 2581.7021484 0.2056689 
1 731 12786.7089844 2582.1872559 0.2056689 
1 732 12794.2041016 2582.6142578 0.2056689 
1 733 12801.9716797 2582.9897461 0.2056689 
1 734 12809.9794922 2583.7109375 0.2056689 
1 735 12818.1982422 2584.7363281 0.2056689 
1 736 12826.9941406 2586.0297852 0.2056689 
1 737 12835.8984375 2587.1684570 0.2056689 
1 738 12844.9062500 2588.5615234 0.2056689 
1 739 12853.6191406 2590.1779785 0.2056689 
1 740 12862.0693359 2592.3818359 0.2056689 
1 741 12870.2851562 2595.1030273 0.2056689 
1 742 12877.9082031 2598.6699219 0.2056689 
1 743 12885.3955078 2603.3720703 0.2056689 
1 744 12892.3769531 2609.0732422 0.2056689 
1 745 12898.9111328 2615.6533203 0.2056689 
1 746 12905.0507812 2623.0068359 0.2056689 
1 747 12910.8457031 2631.0410156 0.2056689 
1 748 12916.3359375 2639.6740723 0.2056689 
1 749 12921.5576172 2649.2250977 0.2056689 
1 750 12926.5429688 2659.5839844 0.2056689 
1 751 12931.3203125 2670.2626953 0.2056689 
1 752 12935.9169922 2681.6137695 0.2056689 
1 753 12940.3525391 2693.5097656 0.2056689 
1 754 12944.2568359 2703.9782715 0.2056689 
1 755 12947.6914062 2714.3627930 0.2056689 
1 756 12951.4960938 2724.6738281 0.2056689 
1 757 12954.8437500 2734.9196777 0.2056689 
1 758 12958.5722656 2745.4992676 0.2056689 
1 759 12962.6347656 2756.3720703 0.2056689 
1 760 12966.9902344 2767.5034180 0.2056689 
1 761 12971.6035156 2778.8620605 0.2056689 
1 762 12976.8320312 2790.8110352 0.2056689 
1 763 12982.6054688 2802.8896484 0.2056689 
1 764 12988.4667969 2815.0817871 0.2056689 
1 765 12994.4062500 2827.3740234 0.2056689 
1 766 13000.4160156 2839.7539062 0.2056689 
1 767 13006.8769531 2852.2119141 0.2056689 
1 768 13013.3447266 2864.7377930 0.2056689 
1 769 13019.4257812 2877.3239746 0.2056689 
1 770 13025.5566406 2889.9624023 0.2056689 
1 771 13031.3427734 2902.6477051 0.2056689 
1 772 13036.8261719 2915.3735352 0.2056689 
1 773 13042.0410156 2928.5263672 0.2056689 
1 774 13047.0214844 2942.0544434 0.2056689 
1 775 13051.4042969 2955.9130859 0.2056689 
1 776 13055.2617188 2970.0625000 0.2056689 
1 777 13058.6542969 2984.4680176 0.2056689 
1 778 13061.6406250 2999.0988770 0.2056689 
1 779 13064.2685547 3011.9738770 0.2056689 
1 780 13066.5820312 3025.2558594 0.2056689 
1 781 13068.6171875 3038.8977051 0.2056689 
1 782 13070.0175781 3052.8564453 0.2056689 
1 783 13070.4677734 3067.0942383 0.2056689 
1 784 13069.6923828 3081.1865234 0.2056689 
1 785 13068.2275391 3095.1508789 0.2056689 
1 786 13065.7666016 3109.7839355 0.2056689 
1 787 13062.8203125 3124.6147461 0.2056689 
1 788 13059.4443359 3140.0107422 0.2056689 
1 789 13055.6933594 3155.9035645 0.2056689 
1 790 13052.0009766 3172.2341309 0.2056689 
1 791 13047.9697266 3189.3405762 0.2056689 
1 792 13043.6406250 3206.7385254 0.2056689 
1 793 13039.8300781 3224.7841797 0.2056689 
1 794 13036.4785156 3243.3986816 0.2056689 
1 795 13033.5273438 3262.1240234 0.2056689 
1 796 13031.3232422 3280.9470215 0.2056689 
1 797 13029.7744141 3299.8559570 0.2056689 
1 798 13028.4101562 3318.4499512 0.2056689 
1 799 13027.9921875 3336.7666016 0.2056689 
1 800 13027.6250000 3354.8400879 0.2056689 
1 801 13027.2998047 3372.6982422 0.2056689 
1 802 13027.0156250 3390.3674316 0.2056689 
1 803 13026.7656250 3407.4794922 0.2056689 
1 804 13026.5439453 3422.5380859 0.2056689 
1 805 13026.7402344 3436.9624023 0.2056689 
1 806 13027.3046875 3451.2185059 0.2056689 
1 807 13028.5791016 3464.9353027 0.2056689 
1 808 13029.3105469 3478.5690918 0.2056689 
1 809 13029.9531250 3492.1276855 0.2056689 
1 810 13030.5195312 3505.2329102 0.2056689 
1 811 13030.6269531 3517.9382324 0.2056689 
1 812 13030.3320312 3530.6821289 0.2056689 
1 813 13029.6796875 3543.4597168 0.2056689 
1 814 13028.3251953 3556.2670898 0.2056689 
1 815 13026.7421875 3569.1005859 0.2056689 
1 816 13024.9589844 3581.9575195 0.2056689 
1 817 13022.6074219 3594.8342285 0.2056689 
1 818 13019.7568359 3607.7292480 0.2056689 
1 819 13016.4667969 3620.6396484 0.2056689 
1 820 13012.7910156 3633.5639648 0.2056689 
1 821 13008.3828125 3646.5002441 0.2056689 
1 822 13003.7216797 3659.8383789 0.2056689 
1 823 12998.8388672 3673.5297852 0.2056689 
1 824 12993.7607422 3687.5317383 0.2056689 
1 825 12988.5107422 3702.1982422 0.2056689 
1 826 12983.1093750 3717.4492188 0.2056689 
1 827 12977.5742188 3733.2150879 0.2056689 
1 828 12971.9218750 3749.4333496 0.2056689 
1 829 12966.9472656 3763.7055664 0.2056689 
1 830 12961.7880859 3778.6096191 0.2056689 
1 831 12956.4667969 3794.0698242 0.2056689 
1 832 12951.0039062 3809.6286621 0.2056689 
1 833 12945.4121094 3825.2744141 0.2056689 
1 834 12939.7119141 3840.9963379 0.2056689 
1 835 12934.3046875 3856.7858887 0.2056689 
1 836 12929.1552734 3872.6342773 0.2056689 
1 837 12924.2333984 3888.5349121 0.2056689 
1 838 12919.1210938 3904.4812012 0.2056689 
1 839 12914.2304688 3920.4677734 0.2056689 
1 840 12909.1455078 3936.4897461 0.2056689 
1 841 12903.8886719 3952.1523438 0.2056689 
1 842 12898.4814453 3967.4985352 0.2056689 
1 843 12892.9414062 3982.1752930 0.2056689 
1 844 12887.2851562 3996.2631836 0.2056689 
1 845 12881.1347656 4010.2236328 0.2056689 
1 846 12874.5507812 4023.6811523 0.2056689 
1 847 12867.5839844 4036.6962891 0.2056689 
1 848 12860.2812500 4049.3215332 0.2056689 
1 849 12852.6816406 4061.2136230 0.2056689 
1 850 12844.8232422 4072.4621582 0.2056689 
1 851 12837.1250000 4083.1423340 0.2056689 
1 852 12829.1796875 4093.3225098 0.2056689 
1 853 12821.0146484 4103.0625000 0.2056689 
1 854 12813.8291016 4111.6337891 0.2056689 
1 855 12806.3339844 4119.5668945 0.2056689 
1 856 12798.5664062 4127.3300781 0.2056689 
1 857 12790.9492188 4134.9433594 0.2056689 
1 858 12783.4648438 4142.4243164 0.2056689 
1 859 12776.0957031 4149.7890625 0.2056689 
1 860 12768.8300781 4157.0517578 0.2056689 
1 861 12761.6562500 4164.6152344 0.2056689 
1 862 12754.9521484 4172.4433594 0.2056689 
1 863 12748.6621094 4180.5039062 0.2056689 
1 864 12743.1259766 4188.7700195 0.2056689 
1 865 12738.2539062 4196.8256836 0.2056689 
1 866 12734.3574219 4204.6967773 0.2056689 
1 867 12731.3203125 4212.4042969 0.2056689 
1 868 12728.6474609 4219.9682617 0.2056689 
1 869 12726.6445312 4227.4062500 0.2056689 
1 870 12724.8818359 4234.7333984 0.2056689 
1 871 12723.3300781 4241.9624023 0.2056689 
1 872 12721.9648438 4249.1059570 0.2056689 
1 873 12720.7656250 4256.1733398 0.2056689 
1 874 12719.9853516 4263.1738281 0.2056689 
1 875 12719.2978516 4270.1157227 0.2056689 
1 876 12719.0839844 4277.0063477 0.2056689 
1 877 12719.2871094 4283.8505859 0.2056689 
1 878 12719.8554688 4290.2641602 0.2056689 
1 879 12720.3564453 4295.9082031 0.2056689 
1 880 12721.1894531 4301.6562500 0.2056689 
1 881 12722.3125000 4307.1093750 0.2056689 
1 882 12723.6904297 4312.6894531 0.2056689 
1 883 12725.2939453 4317.9902344 0.2056689 
1 884 12727.0957031 4323.0463867 0.2056689 
1 885 12729.0722656 4327.4951172 0.2056689 
1 886 12730.8115234 4331.4101562 0.2056689 
1 887 12732.3427734 4334.8554688 0.2056689 
1 888 12733.6904297 4337.8872070 0.2056689 
1 889 12735.2656250 4340.5551758 0.2056689 
1 890 12736.6523438 4342.9028320 0.2056689 
1 891 12737.8730469 4344.9687500 0.2056689 
1 892 12738.9472656 4346.7871094 0.2056689 
1 893 12740.2832031 4348.3872070 0.2056689 
1 894 12741.4589844 4349.7949219 0.2056689 
1 895 12742.4941406 4351.0341797 0.2056689 
1 896 12743.7949219 4352.1245117 0.2056689 
1 897 12745.3310547 4353.0834961 0.2056689 
1 898 12747.0722656 4353.9277344 0.2056689 
1 899 12748.9960938 4354.2802734 0.2056689 
1 900 12751.0800781 4354.1997070 0.2056689 
1 901 12753.3056641 4354.1284180 0.2056689 
1 902 12755.6542969 4353.6752930 0.2056689 
1 903 12758.1113281 4353.2763672 0.2056689 
1 904 12760.2734375 4352.9252930 0.2056689 
1 905 12762.5673828 4352.6162109 0.2056689 
1 906 12765.0244141 4351.9531250 0.2056689 
1 907 12767.5927734 4350.9873047 0.2056689 
1 908 12770.2431641 4349.7465820 0.2056689 
1 909 12772.9667969 4348.2636719 0.2056689 
1 910 12776.1425781 4346.5678711 0.2056689 
1 911 12779.7187500 4344.6855469 0.2056689 
1 912 12783.6474609 4342.6376953 0.2056689 
1 913 12787.8857422 4340.4453125 0.2056689 
1 914 12792.3974609 4338.1250000 0.2056689 
1 915 12797.1494141 4335.6923828 0.2056689 
1 916 12802.1132812 4333.1606445 0.2056689 
1 917 12807.2617188 4330.5424805 0.2056689 
1 918 12812.5742188 4327.8471680 0.2056689 
1 919 12818.0312500 4325.4731445 0.2056689 
1 920 12823.6142578 4323.3828125 0.2056689 
1 921 12829.3085938 4321.5424805 0.2056689 
1 922 12835.1025391 4319.5322266 0.2056689 
1 923 12840.9824219 4317.3725586 0.2056689 
1 924 12847.3291016 4314.6904297 0.2056689 
1 925 12854.0869141 4311.5488281 0.2056689 
1 926 12861.2060547 4308.0029297 0.2056689 
1 927 12868.6425781 4304.4916992 0.2056689 
1 928 12876.3593750 4301.0107422 0.2056689 
1 929 12883.1503906 4297.9477539 0.2056689 
1 930 12890.2978516 4294.8613281 0.2056689 
1 931 12897.7597656 4291.7548828 0.2056689 
1 932 12905.1083984 4288.6298828 0.2056689 
1 933 12912.3574219 4285.8803711 0.2056689 
1 934 12919.5175781 4283.4609375 0.2056689 
1 935 12926.5996094 4281.3227539 0.2056689 
1 935 12926.5996094 4281.3227539 0.2056689 
