8 0 22228.422 4006.5452 0.1759048
8 1 22237.9 4012.0457 0.1758487
8 2 22247.93 4017.7922 0.17579493
8 3 22258.81 4023.92 0.17574452
8 4 22270.803 4030.5188 0.17569785
8 5 22284.176 4037.615 0.17565508
8 6 22299.264 4045.1592 0.17561765
8 7 22316.428 4053.026 0.17559054
8 8 22335.99 4061.013 0.17558405
8 9 22358.188 4068.9102 0.17561309
8 10 22383.152 4076.4373 0.17569289
8 11 22410.902 4083.3442 0.17583238
8 12 22441.312 4089.4097 0.17602909
8 13 22474.127 4094.4617 0.17626803
8 14 22509.05 4098.3867 0.17652468
8 15 22545.824 4101.118 0.17677027
8 16 22584.16 4102.622 0.17697768
8 17 22623.566 4102.8887 0.17712697
8 18 22663.346 4101.943 0.1772086
8 19 22702.94 4099.858 0.17722349
8 20 22741.822 4096.7505 0.17718029
8 21 22779.535 4092.7314 0.17709178
8 22 22815.646 4087.844 0.1769718
8 23 22849.867 4082.027 0.1768334
8 24 22882.104 4075.1294 0.17668794
8 25 22912.426 4066.9578 0.17654455
8 26 22941.004 4057.3347 0.17640975
8 27 22968.041 4046.1445 0.17628682
8 28 22993.72 4033.3586 0.17617533
8 29 23018.186 4019.04 0.17607144
8 30 23041.525 4003.3274 0.17596886
8 31 23063.766 3986.4158 0.17586061
8 32 23084.885 3968.541 0.17574075
8 33 23104.836 3949.966 0.1756057
8 34 23123.578 3930.968 0.17545475
8 35 23141.1 3911.809 0.17528963
8 36 23157.426 3892.7148 0.17511335
8 37 23172.629 3873.8608 0.17492865
8 38 23186.824 3855.366 0.17473659
8 39 23200.139 3837.3044 0.17453557
8 40 23212.701 3819.7227 0.17432167
8 41 23224.611 3802.6638 0.17408997
8 42 23235.928 3786.205 0.17383721
8 43 23246.67 3770.4675 0.17356412
8 44 23256.828 3755.5583 0.17327659
8 45 23266.383 3741.506 0.17298476
8 46 23275.324 3728.2659 0.17270051
8 47 23283.707 3715.7495 0.17243433
8 48 23291.664 3703.8293 0.17219298
8 49 23299.398 3692.336 0.1719784
8 50 23307.129 3681.076 0.1717881
8 51 23315.025 3669.8625 0.17161638
8 52 23323.19 3658.5415 0.17145643
8 53 23331.66 3647.0059 0.17130244
8 54 23340.44 3635.2014 0.17115125
8 55 23349.51 3623.1226 0.17100288
8 56 23358.848 3610.7913 0.17085992
8 57 23368.41 3598.217 0.17072624
8 58 23378.15 3585.3552 0.17060563
8 59 23388.023 3572.0825 0.17050058
8 60 23397.992 3558.2026 0.17041165
8 61 23408.03 3543.4858 0.17033774
8 62 23418.096 3527.7246 0.17027709
8 63 23428.188 3510.7925 0.17022862
8 64 23438.197 3492.684 0.17019263
8 65 23448.064 3473.525 0.17017017
8 66 23457.7 3453.5574 0.17016134
8 67 23467.012 3433.1301 0.1701634
8 68 23475.938 3412.6594 0.17017083
8 69 23484.447 3392.5208 0.1701777
8 70 23492.541 3372.9456 0.17018136
8 71 23500.26 3354.018 0.17018564
8 72 23507.69 3335.722 0.17020206
8 73 23514.965 3317.9631 0.17024852
8 74 23522.262 3300.584 0.17034599
8 75 23529.748 3283.3933 0.1705141
8 76 23537.537 3266.2053 0.17076713
8 77 23545.664 3248.8674 0.17111096
8 78 23554.082 3231.2688 0.17154177
8 79 23562.68 3213.3372 0.17204653
8 80 23571.3 3195.0354 0.17260562
8 81 23579.775 3176.3635 0.17319664
8 82 23587.947 3157.3608 0.17379832
8 83 23595.682 3138.1045 0.17439334
8 84 23602.867 3118.7034 0.17497018
8 85 23609.422 3099.2822 0.1755239
8 86 23615.299 3079.9658 0.17605588
8 87 23620.492 3060.8647 0.17657235
8 88 23625.047 3042.0684 0.17708227
8 89 23629.045 3023.6445 0.17759514
8 90 23632.602 3005.6428 0.17811956
8 91 23635.84 2988.0955 0.17866284
8 92 23638.875 2971.0188 0.17923178
8 93 23641.799 2954.4163 0.17983349
8 94 23644.684 2938.2673 0.18047538
8 95 23647.514 2922.4844 0.18116434
8 96 23650.293 2906.8762 0.18190685
8 97 23652.975 2891.1726 0.18271068
8 98 23655.512 2875.0996 0.18358533
8 99 23657.895 2858.45 0.18453741
8 100 23660.146 2841.1057 0.18555906
8 101 23662.314 2823.046 0.18661243
8 102 23664.453 2804.39 0.18761939
8 103 23666.574 2785.4697 0.1884711
8 104 23668.613 2766.8198 0.18906324
8 105 23670.492 2749.0283 0.1893431
8 106 23672.105 2732.5312 0.18933739
8 107 23673.379 2717.4883 0.18914041
8 108 23674.293 2703.8186 0.18887042
8 109 23674.879 2691.3123 0.1886239
8 110 23675.205 2679.691 0.18845241
8 111 23675.346 2668.6467 0.18836571
8 112 23675.377 2657.9368 0.18834956
8 113 23675.371 2647.491 0.18838286
8 114 23675.453 2637.4453 0.18844724
8 115 23675.62 2628.0635 0.1885289
8 116 23675.885 2619.6052 0.18861727
8 117 23676.22 2612.235 0.18870382
8 118 23676.582 2606.0037 0.18878195
8 119 23676.912 2600.8772 0.18884751
8 120 23677.17 2596.776 0.18889898
8 121 23677.38 2593.5916 0.18893701
8 122 23677.566 2591.1738 0.18896346
8 123 23677.695 2589.3047 0.18898052
8 124 23677.77 2587.692 0.18899061
8 125 23677.895 2585.995 0.18899855
8 126 23678.117 2583.8486 0.18901539
8 127 23678.484 2580.8875 0.1890605
8 128 23678.979 2576.799 0.18915786
8 129 23679.525 2571.3962 0.18932833
8 130 23679.932 2564.6375 0.1895841
8 131 23679.998 2556.5637 0.18993011
8 132 23679.516 2547.21 0.19037147
8 133 23678.346 2536.5706 0.19092342
8 134 23676.47 2524.6313 0.19162062
8 135 23673.988 2511.4185 0.19252162
8 136 23671.08 2497.033 0.19370164
8 137 23667.963 2481.6616 0.19523455
8 138 23664.889 2465.5686 0.19717933
8 139 23662.135 2449.069 0.19958584
8 140 23659.97 2432.481 0.20251048
8 141 23658.615 2416.0613 0.20601761
8 142 23658.229 2399.9536 0.21016069
8 143 23658.912 2384.1804 0.21496072
8 144 23660.678 2368.6765 0.22039582
8 145 23663.467 2353.324 0.22640036
8 146 23667.22 2337.9575 0.2328746
8 147 23671.934 2322.3628 0.23970707
8 148 23677.607 2306.2913 0.24679245
8 149 23684.19 2289.4998 0.2540202
8 150 23691.549 2271.8062 0.2612399
8 151 23699.518 2253.1245 0.26824227
8 152 23707.926 2233.4587 0.2747818
8 153 23716.643 2212.8718 0.2806275
8 154 23725.58 2191.4688 0.28561318
8 155 23734.695 2169.397 0.28966722
8 156 23743.945 2146.851 0.292816
8 157 23753.252 2124.0642 0.29516348
8 158 23762.512 2101.2847 0.2968557
8 159 23771.555 2078.75 0.2980456
8 160 23780.244 2056.6667 0.29887068
8 161 23788.488 2035.2039 0.2994453
8 162 23796.26 2014.493 0.29985997
8 163 23803.578 1994.6346 0.30018163
8 164 23810.477 1975.7023 0.30045813
8 165 23816.965 1957.7454 0.30073103
8 166 23823.025 1940.7908 0.30105
8 167 23828.6 1924.8564 0.30147552
8 168 23833.604 1909.9719 0.30206424
8 169 23837.953 1896.1737 0.3028462
8 170 23841.59 1883.4645 0.30380946
8 171 23844.49 1871.7825 0.30490232
8 172 23846.678 1861.0092 0.30605084
8 173 23848.197 1850.9943 0.30718282
8 174 23849.088 1841.5803 0.3082462
8 175 23849.38 1832.6273 0.3092162
8 176 23849.096 1824.0393 0.31009313
8 177 23848.26 1815.7836 0.31089503
8 178 23846.936 1807.8917 0.31164962
8 179 23845.234 1800.4445 0.3123869
8 180 23843.318 1793.5449 0.31313312
8 181 23841.38 1787.2926 0.31390905
8 182 23839.629 1781.7639 0.31473368
8 183 23838.254 1777.0039 0.31563157
8 184 23837.42 1773.0259 0.31663713
8 185 23837.256 1769.8171 0.31779
8 186 23837.867 1767.3494 0.3191217
8 187 23839.338 1765.5883 0.3206408
8 188 23841.725 1764.5004 0.322325
8 189 23845.055 1764.0555 0.3241232
8 190 23849.316 1764.2261 0.3259656
8 191 23854.46 1764.9849 0.3277747
8 192 23860.396 1766.3026 0.32947388
8 193 23866.998 1768.1399 0.33099335
8 194 23874.082 1770.4331 0.3322757
8 195 23881.418 1773.0786 0.333281
8 196 23888.73 1775.9248 0.3339892
8 197 23895.74 1778.7786 0.33439615
8 198 23902.156 1781.4222 0.33450595
8 199 23907.688 1783.6356 0.33432448
8 200 23912.041 1785.2198 0.33385876
8 201 23914.967 1786.0227 0.3331222
8 202 23916.305 1785.9622 0.33214098
8 203 23916.037 1785.0404 0.33095676
8 204 23914.307 1783.3431 0.32962367
8 205 23911.38 1781.0236 0.32820174
8 206 23907.61 1778.2697 0.32675168
8 207 23903.318 1775.2598 0.32533544
8 208 23898.717 1772.1119 0.32402354
8 209 23893.854 1768.8507 0.3229016
8 210 23888.645 1765.4199 0.32206297
8 211 23882.936 1761.7322 0.321582
8 212 23876.576 1757.7157 0.3214804
8 213 23869.465 1753.3386 0.32171077
8 214 23861.541 1748.6088 0.32217064
8 215 23852.787 1743.5586 0.32273877
8 216 23843.22 1738.228 0.3233124
8 217 23832.893 1732.6564 0.32382828
8 218 23821.912 1726.8887 0.32426268
8 219 23810.455 1720.99 0.32461745
8 220 23798.73 1715.0454 0.3249036
8 221 23786.922 1709.1533 0.3251305
8 222 23775.107 1703.3519 0.3253031
8 223 23763.287 1697.6318 0.32542422
8 224 23751.379 1691.9426 0.32549745
8 225 23739.33 1686.1982 0.32552812
8 226 23727.154 1680.3888 0.3255232
8 227 23714.953 1674.5447 0.32549185
8 228 23702.916 1668.7003 0.32544777
8 229 23691.285 1662.9716 0.32541186
8 230 23680.324 1657.4492 0.32541332
8 231 23670.268 1652.2113 0.32548904
8 232 23661.293 1647.3093 0.32567948
8 233 23653.506 1642.7642 0.32602048
8 234 23646.943 1638.5665 0.32653233
8 235 23641.574 1634.68 0.32721066
8 236 23637.3 1631.045 0.32802373
8 237 23633.96 1627.5831 0.32891765
8 238 23631.334 1624.2031 0.32982805
8 239 23629.14 1620.804 0.3306938
8 240 23627.045 1617.2742 0.33146802
8 241 23624.688 1613.4893 0.33212292
8 242 23621.715 1609.3184 0.33264872
8 243 23617.824 1604.6506 0.33304802
8 244 23612.826 1599.437 0.3333294
8 245 23606.688 1593.7173 0.3335008
8 246 23599.492 1587.6011 0.33356223
8 247 23591.377 1581.214 0.3334979
8 248 23582.479 1574.6482 0.33326972
8 249 23572.916 1567.948 0.33281618
8 250 23562.822 1561.1234 0.3320604
8 251 23552.36 1554.1721 0.3309263
8 252 23541.705 1547.0931 0.32935795
8 253 23531.033 1539.8893 0.3273337
8 254 23520.494 1532.5634 0.3248689
8 255 23510.21 1525.1152 0.322007
8 256 23500.285 1517.5443 0.31880438
8 257 23490.791 1509.8528 0.3153163
8 258 23481.77 1502.048 0.31158912
8 259 23473.225 1494.1403 0.3076597
8 260 23465.14 1486.1416 0.30355746
8 261 23457.504 1478.0702 0.29930714
8 262 23450.316 1469.9681 0.29493067
8 263 23443.594 1461.8813 0.290448
8 264 23437.354 1453.9106 0.2858769
8 265 23431.602 1446.1415 0.2812323
8 266 23426.33 1438.6368 0.27652955
8 267 23421.521 1431.4296 0.27179214
8 268 23417.168 1424.5377 0.26706085
8 269 23413.277 1417.9872 0.2623984
8 270 23409.871 1411.8237 0.25788507
8 271 23406.963 1406.1014 0.25360328
8 272 23404.545 1400.8553 0.24961501
8 273 23402.598 1396.0831 0.24594273
8 274 23401.117 1391.7546 0.2425651
8 275 23400.13 1387.8438 0.23943043
8 276 23399.703 1384.3564 0.23647887
8 277 23399.908 1381.334 0.23366216
8 278 23400.781 1378.8297 0.23095484
8 279 23402.297 1376.8738 0.22835699
8 280 23404.36 1375.4495 0.22589
8 281 23406.832 1374.4911 0.22358665
8 282 23409.568 1373.9015 0.22147804
8 283 23412.445 1373.5721 0.21958208
8 284 23415.389 1373.3967 0.2178978
8 285 23418.383 1373.2904 0.21640848
8 286 23421.402 1373.1824 0.21509404
8 287 23424.44 1373.0054 0.21394973
8 288 23427.344 1372.7089 0.21300215
8 289 23429.998 1372.2604 0.21231061
8 290 23432.303 1371.6554 0.2119498
8 291 23434.246 1370.9305 0.21198502
8 292 23435.918 1370.161 0.21245514
8 293 23437.49 1369.4199 0.21336332
8 294 23439.232 1368.8512 0.21466744
8 295 23441.383 1368.5675 0.21627171
8 296 23444.201 1368.6713 0.21803373
8 297 23447.934 1369.2573 0.21979268
8 298 23452.793 1370.4171 0.22140734
8 299 23458.938 1372.2327 0.22278516
8 300 23466.465 1374.7634 0.22389239
8 301 23475.424 1378.0322 0.22474648
8 302 23485.805 1382.0204 0.22539781
8 303 23497.54 1386.6733 0.2259088
8 304 23510.508 1391.9161 0.22633666
8 305 23524.55 1397.6733 0.22672367
8 306 23539.508 1403.887 0.2270953
8 307 23555.229 1410.5254 0.2274635
8 308 23571.568 1417.5784 0.2278315
8 309 23588.375 1425.0403 0.22819725
8 310 23605.477 1432.8894 0.22855474
8 311 23622.652 1441.0763 0.22889435
8 312 23639.662 1449.529 0.22920422
8 313 23656.295 1458.172 0.22947283
8 314 23672.377 1466.9452 0.2296919
8 315 23687.793 1475.8125 0.22985734
8 316 23702.477 1484.7448 0.22996813
8 317 23716.385 1493.7013 0.23002431
8 318 23729.45 1502.5806 0.23002604
8 319 23741.55 1511.208 0.22997467
8 320 23752.518 1519.3528 0.22987504
8 321 23762.17 1526.7749 0.22973718
8 322 23770.38 1533.2826 0.22957619
8 323 23777.105 1538.777 0.22940941
8 324 23782.402 1543.263 0.22925204
8 325 23786.398 1546.8292 0.2291137
8 326 23789.252 1549.6134 0.22899804
8 327 23791.105 1551.7657 0.22890571
8 328 23792.049 1553.4207 0.2288387
8 329 23792.088 1554.6768 0.22880325
8 330 23791.143 1555.5922 0.22880873
8 331 23789.086 1556.2006 0.22886269
8 332 23785.814 1556.5491 0.22896501
8 333 23781.342 1556.7418 0.22910525
8 334 23775.86 1556.9647 0.22926506
8 335 23769.727 1557.4713 0.22942409
8 336 23763.404 1558.5289 0.22956577
8 337 23757.348 1560.3491 0.22968063
8 338 23751.91 1563.0306 0.22976643
8 339 23747.281 1566.5336 0.22982644
8 340 23743.453 1570.6848 0.2298668
8 341 23740.232 1575.2052 0.22989361
8 342 23737.283 1579.7482 0.22990994
8 343 23734.193 1583.9456 0.22991428
8 344 23730.582 1587.46 0.22990096
8 345 23726.174 1590.0315 0.22986233
8 346 23720.81 1591.5026 0.22979118
8 347 23714.396 1591.8108 0.2296829
8 348 23706.836 1590.9623 0.2295381
8 349 23698.006 1589.007 0.22936583
8 350 23687.771 1586.0265 0.22918558
8 351 23676.049 1582.1317 0.22902592
8 352 23662.848 1577.4631 0.22891937
8 353 23648.316 1572.1879 0.22889556
8 354 23632.725 1566.488 0.22897701
8 355 23616.389 1560.5419 0.22918426
8 356 23599.615 1554.5153 0.22955157
8 357 23582.697 1548.5048 0.2301364
8 358 23565.918 1542.6609 0.23100069
8 359 23549.58 1537.082 0.23217219
8 360 23533.922 1531.847 0.23362032
8 361 23519.139 1527.0242 0.23526351
8 362 23505.396 1522.6742 0.23699225
8 363 23492.807 1518.8357 0.23869023
8 364 23481.396 1515.5095 0.24025322
8 365 23471.105 1512.6624 0.24160881
8 366 23461.812 1510.2478 0.2427304
8 367 23453.39 1508.2346 0.24363539
8 368 23445.766 1506.6239 0.2443658
8 369 23438.94 1505.4447 0.24496247
8 370 23432.967 1504.7277 0.24544942
8 371 23427.906 1504.4703 0.24583581
8 372 23423.752 1504.6191 0.24612881
8 373 23420.426 1505.0764 0.2463432
8 374 23417.781 1505.7223 0.24650024
8 375 23415.65 1506.4565 0.24662137
8 376 23413.877 1507.216 0.24672726
8 377 23412.328 1507.9324 0.24684402
8 378 23410.926 1508.5973 0.24700712
8 379 23409.67 1509.1965 0.24725421
8 380 23408.623 1509.7268 0.24760887
8 381 23407.861 1510.1947 0.24806611
8 382 23407.422 1510.6107 0.2485895
8 383 23407.291 1510.9834 0.2491209
8 384 23407.424 1511.3167 0.24959503
8 385 23407.766 1511.6306 0.24995133
8 386 23408.27 1511.9061 0.2501409
8 387 23408.904 1512.1436 0.2501303
8 388 23409.666 1512.3774 0.24990259
8 389 23410.578 1512.6488 0.24945632
8 390 23411.664 1512.9781 0.24880555
8 391 23412.922 1513.3834 0.24798737
8 392 23414.318 1513.873 0.24707633
8 393 23415.799 1514.4413 0.24619113
8 394 23417.309 1515.0736 0.24547578
8 395 23418.854 1515.7552 0.2450601
8 396 23420.367 1516.4767 0.24502598
8 397 23421.96 1517.2344 0.24539962
8 398 23423.629 1518.0283 0.24616165
8 399 23425.42 1518.8402 0.24725613
8 400 23427.389 1519.6871 0.24859272
8 401 23429.586 1520.5676 0.25005433
8 402 23432.047 1521.5011 0.2515228
8 403 23434.756 1522.4668 0.25291803
8 404 23437.62 1523.4497 0.25422722
8 405 23440.48 1524.447 0.255502
8 406 23443.15 1525.4042 0.2568231
8 407 23445.465 1526.303 0.25825712
8 408 23447.334 1527.1241 0.25983152
8 409 23448.748 1527.8503 0.2615379
8 410 23449.777 1528.4691 0.26335377
8 411 23450.541 1528.978 0.26526484
8 412 23451.209 1529.3906 0.2672757
8 413 23451.89 1529.738 0.26940727
8 414 23452.77 1530.0626 0.27168965
8 415 23453.93 1530.3674 0.2741563
8 416 23455.395 1530.7126 0.27683827
8 417 23457.121 1531.1116 0.2797534
8 418 23459.027 1531.5685 0.28289127
8 419 23461.033 1532.084 0.2862028
8 420 23463.072 1532.6588 0.2896054
8 421 23465.12 1533.2985 0.29300874
8 422 23467.17 1534.0165 0.29635453
8 423 23469.277 1534.8333 0.29965547
8 424 23471.41 1535.77 0.3030131
8 425 23473.467 1536.8405 0.30659992
8 426 23475.387 1538.0471 0.31060505
8 427 23477.117 1539.382 0.315163
8 428 23478.652 1540.828 0.320298
8 429 23480.033 1542.3535 0.32591096
8 430 23481.322 1543.9226 0.33181536
8 431 23482.555 1545.4891 0.337805
8 432 23483.729 1547.001 0.34372118
8 433 23484.83 1548.4302 0.349491
8 434 23485.836 1549.774 0.35512727
8 435 23486.75 1551.048 0.3607012
8 436 23487.598 1552.2704 0.366305
8 437 23488.396 1553.4513 0.37201732
8 438 23489.172 1554.5929 0.37787938
8 439 23489.977 1555.693 0.3838848
8 440 23490.81 1556.7489 0.38998252
8 441 23491.674 1557.7677 0.3960896
8 442 23492.494 1558.7546 0.4021119
8 443 23493.295 1559.7242 0.4079688
8 444 23494.102 1560.714 0.4136111
8 445 23494.932 1561.721 0.4190237
8 446 23495.68 1562.7585 0.4242208
8 447 23496.354 1563.8287 0.42925015
8 448 23496.928 1564.9362 0.43420365
8 449 23497.404 1566.0468 0.43921515
8 450 23497.797 1567.1874 0.44443026
8 451 23498.117 1568.36 0.4499566
8 452 23498.373 1569.5477 0.4558229
8 453 23498.576 1570.7428 0.46197528
8 454 23498.734 1572.006 0.46831515
8 455 23498.848 1573.3604 0.474754
8 456 23498.94 1574.8479 0.4812468
8 457 23499.059 1576.4705 0.48778805
8 458 23499.105 1578.1826 0.49438488
8 459 23499.068 1579.9089 0.50103176
8 460 23498.904 1581.574 0.5076992
8 461 23498.6 1583.124 0.51433456
8 462 23498.16 1584.5344 0.5208725
8 463 23497.6 1585.8075 0.52725244
8 464 23496.94 1586.9641 0.53343856
8 465 23496.207 1588.0349 0.5394293
8 466 23495.428 1589.0537 0.5452545
8 467 23494.627 1590.0392 0.5509623
8 468 23493.914 1591.0087 0.5566009
8 469 23493.299 1591.9794 0.56219465
8 470 23492.812 1592.9828 0.56771743
8 471 23492.457 1593.9698 0.5730773
8 472 23492.217 1594.9259 0.57812643
8 473 23492.064 1595.8501 0.58269733
8 474 23491.98 1596.7578 0.5866494
8 475 23491.926 1597.6326 0.58990425
8 476 23491.924 1598.4733 0.592457
8 477 23491.97 1599.2953 0.59436595
8 478 23491.986 1600.1313 0.5957296
8 479 23491.95 1600.9661 0.59666204
8 480 23491.885 1601.8341 0.597274
8 481 23491.768 1602.7566 0.5976614
8 482 23491.598 1603.72 0.59790045
8 483 23491.418 1604.7402 0.59804726
8 484 23491.287 1605.8291 0.5981395
8 485 23491.18 1606.9939 0.59820014
8 486 23491.072 1608.2365 0.59824085
8 487 23490.941 1609.5513 0.5982667
8 488 23490.824 1610.9249 0.5982798
8 489 23490.723 1612.3236 0.5982818
8 490 23490.592 1613.7615 0.5982755
8 491 23490.428 1615.1515 0.59826434
8 492 23490.256 1616.4854 0.59825134
8 493 23490.104 1617.7385 0.59823817
8 494 23489.996 1618.9009 0.59822464
8 495 23489.898 1619.9773 0.59820944
8 496 23489.809 1620.9844 0.59819084
8 497 23489.66 1621.9624 0.59816724
8 498 23489.496 1622.9375 0.5981375
8 499 23489.373 1623.9882 0.5981009
8 500 23489.27 1625.1733 0.5980575
8 501 23489.123 1626.5446 0.59800833
8 502 23488.953 1628.1321 0.5979548
8 503 23488.732 1629.939 0.5978984
8 504 23488.46 1631.9431 0.5978401
8 505 23488.145 1634.1056 0.5977799
8 506 23487.775 1636.3785 0.59771764
8 507 23487.348 1638.7133 0.59765226
8 508 23486.928 1641.0675 0.59758276
8 509 23486.582 1643.3988 0.5975085
8 510 23486.299 1645.692 0.5974301
8 511 23486.115 1647.9648 0.5973492
8 512 23486.08 1650.2216 0.5972678
8 513 23486.24 1652.5361 0.597187
8 514 23486.643 1654.9464 0.5971066
8 515 23487.312 1657.4929 0.5970254
8 516 23488.252 1660.2064 0.5969423
8 517 23489.441 1663.1018 0.5968579
8 518 23490.84 1666.1744 0.5967748
8 519 23492.398 1669.3973 0.59669733
8 520 23494.076 1672.7202 0.5966298
8 521 23495.84 1676.078 0.59657544
8 522 23497.684 1679.4291 0.5965354
8 523 23499.625 1682.7051 0.5965087
8 524 23501.703 1685.8895 0.5964925
8 525 23503.953 1688.9841 0.5964824
8 526 23506.387 1691.989 0.596473
8 527 23508.977 1694.8865 0.59645945
8 528 23511.652 1697.6396 0.5964391
8 529 23514.35 1700.2039 0.5964124
8 530 23516.951 1702.545 0.5963834
8 531 23519.467 1704.655 0.5963583
8 532 23521.908 1706.5569 0.5963439
8 533 23524.32 1708.3018 0.59634465
8 534 23526.715 1709.9539 0.59636164
8 535 23529.193 1711.59 0.5963921
8 536 23531.797 1713.2765 0.5964303
8 537 23534.541 1715.0505 0.5964689
8 538 23537.408 1716.9281 0.5965008
8 539 23540.37 1718.9022 0.59652025
8 540 23543.365 1720.9517 0.5965237
8 541 23546.393 1723.0487 0.5965106
8 542 23549.355 1725.1761 0.596483
8 543 23552.234 1727.3337 0.5964455
8 544 23555.004 1729.5253 0.5964038
8 545 23557.643 1731.7347 0.5963632
8 546 23560.123 1733.9822 0.59632665
8 547 23562.42 1736.234 0.5962938
8 548 23564.51 1738.4725 0.59626085
8 549 23566.385 1740.6765 0.596222
8 550 23568.045 1742.8624 0.5961714
8 551 23569.504 1745.0063 0.5961052
8 552 23570.791 1747.0875 0.5960227
8 553 23571.943 1749.0692 0.59592587
8 554 23573.006 1750.9268 0.5958179
8 555 23574.033 1752.6504 0.5957018
8 556 23575.025 1754.242 0.59557927
8 557 23576.072 1755.7085 0.595451
8 558 23577.197 1757.0591 0.5953177
8 559 23578.43 1758.3049 0.5951814
8 560 23579.793 1759.4615 0.59504586
8 561 23581.312 1760.5499 0.59491676
8 562 23583.002 1761.59 0.59480065
8 563 23584.86 1762.61 0.59470373
8 564 23586.873 1763.5933 0.59462976
8 565 23589.023 1764.6123 0.5945792
8 566 23591.29 1765.6836 0.594549
8 567 23593.658 1766.7891 0.59453404
8 568 23596.125 1767.9113 0.5945295
8 569 23598.68 1769.0695 0.59453315
8 570 23601.295 1770.2673 0.5945469
8 571 23603.91 1771.4808 0.5945775
8 572 23606.45 1772.6461 0.59463406
8 573 23608.86 1773.75 0.59472394
8 574 23611.13 1774.7919 0.594847
8 575 23613.295 1775.8053 0.5949936
8 576 23615.422 1776.8062 0.59514713
8 577 23617.643 1777.853 0.59529006
8 578 23619.953 1778.9688 0.59540904
8 579 23622.39 1780.1667 0.595497
8 580 23624.975 1781.4524 0.5955529
8 581 23627.713 1782.8268 0.5955795
8 582 23630.613 1784.2893 0.5955813
8 583 23633.676 1785.8375 0.59556323
8 584 23636.889 1787.4647 0.59552985
8 585 23640.229 1789.1571 0.5954853
8 586 23643.656 1790.8983 0.5954342
8 587 23647.133 1792.6603 0.59538186
8 588 23650.63 1794.4615 0.5953338
8 589 23654.053 1796.2255 0.59529364
8 590 23657.41 1797.9543 0.5952616
8 591 23660.69 1799.6648 0.5952346
8 592 23663.895 1801.3423 0.59520817
8 593 23667.045 1802.9801 0.59517884
8 594 23670.15 1804.6543 0.5951453
8 595 23673.232 1806.3494 0.5951084
8 596 23676.26 1808.084 0.5950703
