1 2 2296.2255859 5584.1171875 0.6953018 
1 3 2296.8293457 5583.9287109 0.6972071 
1 4 2297.4758301 5583.5639648 0.6954883 
1 5 2297.6760254 5582.8071289 0.6932068 
1 6 2298.2026367 5582.2988281 0.6912524 
1 7 2298.8222656 5582.0356445 0.6899421 
1 8 2299.3376465 5581.7407227 0.6887181 
1 9 2299.7019043 5581.2456055 0.6868349 
1 10 2299.9997559 5580.0004883 0.6843317 
1 11 2300.4982910 5579.2099609 0.6822108 
1 12 2301.1660156 5578.9116211 0.6808426 
1 13 2301.7404785 5578.6396484 0.6796089 
1 14 2302.4025879 5578.1337891 0.6778491 
1 15 2302.6552734 5577.1391602 0.6755238 
1 16 2303.4331055 5576.6459961 0.6733984 
1 17 2304.0065918 5576.3227539 0.6720784 
1 18 2304.5244141 5575.9790039 0.6708317 
1 19 2304.9453125 5575.3315430 0.6690025 
1 20 2305.2290039 5574.2377930 0.6665854 
1 21 2305.7734375 5573.5322266 0.6645834 
1 22 2305.7734375 5573.5322266 0.6645834 
1 23 2306.4040527 5573.1782227 0.6631669 
1 24 2306.8728027 5572.7221680 0.6619565 
1 25 2307.3715820 5571.9506836 0.6601605 
1 26 2307.8496094 5570.9746094 0.6580709 
1 27 2308.4104004 5570.2832031 0.6563181 
1 28 2308.9409180 5569.8540039 0.6550182 
1 29 2309.3942871 5569.3291016 0.6538458 
1 30 2309.8457031 5568.6269531 0.6521095 
1 31 2310.0002441 5567.3076172 0.6497381 
1 32 2310.6049805 5566.4799805 0.6477798 
1 33 2311.1960449 5566.0312500 0.6464760 
1 34 2311.6562500 5565.5034180 0.6453524 
1 35 2311.9716797 5564.6635742 0.6437421 
1 36 2312.4938965 5563.5498047 0.6417121 
1 37 2313.0705566 5562.8413086 0.6402774 
1 38 2313.7822266 5562.2924805 0.6386987 
1 39 2314.3979492 5561.7060547 0.6376439 
1 40 2314.7524414 5560.6572266 0.6361043 
1 41 2315.6040039 5559.3432617 0.6341274 
1 42 2316.3173828 5558.2622070 0.6324970 
1 43 2317.1364746 5557.5190430 0.6313747 
1 44 2317.7392578 5557.0400391 0.6301587 
1 45 2318.4794922 5556.3354492 0.6286516 
1 46 2318.7475586 5555.1298828 0.6264399 
1 47 2318.7475586 5555.1298828 0.6264399 
1 48 2319.1281738 5554.0791016 0.6245678 
1 49 2319.6687012 5553.3930664 0.6232525 
1 50 2320.1535645 5553.0039062 0.6222041 
1 51 2320.6577148 5552.3115234 0.6205822 
1 52 2320.8896484 5551.0000000 0.6181862 
1 53 2321.2333984 5549.9682617 0.6162713 
1 54 2321.8576660 5549.2460938 0.6149109 
1 55 2322.1723633 5548.6401367 0.6136745 
1 56 2322.6035156 5547.6298828 0.6119873 
1 57 2323.1501465 5546.1152344 0.6094634 
1 58 2323.7180176 5545.0947266 0.6075116 
1 59 2324.3886719 5544.3955078 0.6061267 
1 60 2324.4096680 5543.7651367 0.6047975 
1 61 2324.6821289 5542.9287109 0.6029991 
1 62 2324.9780273 5541.6606445 0.6006464 
1 63 2325.5031738 5540.7446289 0.5987853 
1 64 2325.6843262 5540.0390625 0.5970017 
1 65 2326.1342773 5539.5371094 0.5958591 
1 66 2326.6354980 5538.7148438 0.5940866 
1 67 2326.6372070 5537.2519531 0.5913762 
1 68 2326.8955078 5536.2333984 0.5891998 
1 69 2327.4997559 5535.5087891 0.5878203 
1 70 2327.8933105 5534.9213867 0.5867671 
1 71 2328.2636719 5534.0302734 0.5851617 
1 72 2328.2636719 5534.0302734 0.5851617 
1 73 2328.3503418 5532.6445312 0.5827544 
1 74 2328.9199219 5531.5703125 0.5806809 
1 75 2329.6064453 5530.9082031 0.5795386 
1 76 2329.8828125 5530.3271484 0.5784572 
1 77 2329.9987793 5529.5283203 0.5766653 
1 78 2329.8354492 5527.9223633 0.5743709 
1 79 2330.2788086 5526.9848633 0.5725160 
1 80 2330.7587891 5526.2739258 0.5712611 
1 81 2330.8786621 5525.6958008 0.5701742 
1 82 2331.1560059 5524.9277344 0.5687874 
1 83 2331.2250977 5523.6826172 0.5665575 
1 84 2331.8452148 5522.8857422 0.5648198 
1 85 2332.3745117 5522.3037109 0.5635805 
1 86 2332.5864258 5521.6894531 0.5624775 
1 87 2333.0107422 5520.8115234 0.5608866 
1 88 2332.6386719 5519.1523438 0.5583740 
1 89 2333.0388184 5518.2021484 0.5563079 
1 90 2333.6625977 5517.3706055 0.5548951 
1 91 2333.7958984 5516.8125000 0.5537490 
1 92 2333.8449707 5516.0502930 0.5521763 
1 93 2333.8764648 5514.8408203 0.5496477 
1 94 2334.2392578 5514.2871094 0.5478024 
1 95 2334.5739746 5513.6889648 0.5466478 
1 96 2334.7070312 5513.0908203 0.5455897 
1 97 2334.7070312 5513.0908203 0.5455897 
1 98 2334.7441406 5512.5073242 0.5440425 
1 99 2335.0402832 5511.6708984 0.5420918 
1 100 2335.3952637 5511.1381836 0.5404238 
1 101 2335.2736816 5510.2617188 0.5389388 
1 102 2335.6086426 5509.2866211 0.5378017 
1 103 2335.8349609 5508.2626953 0.5363293 
1 104 2336.1606445 5507.3413086 0.5349264 
1 105 2336.4340820 5506.3740234 0.5327809 
1 106 2336.8378906 5505.5986328 0.5311862 
1 107 2336.8955078 5504.9404297 0.5301413 
1 108 2337.0993652 5504.2138672 0.5288292 
1 109 2337.1433105 5503.1025391 0.5268430 
1 110 2337.3000488 5502.2827148 0.5254705 
1 111 2337.5385742 5501.6821289 0.5245031 
1 112 2337.7558594 5501.2255859 0.5236835 
1 113 2338.1547852 5500.5810547 0.5224470 
1 114 2338.1293945 5499.6020508 0.5206398 
1 115 2338.3041992 5498.8437500 0.5193316 
1 116 2338.5910645 5498.3916016 0.5183858 
1 117 2338.7568359 5497.7485352 0.5175325 
1 118 2339.0803223 5496.8720703 0.5162185 
1 119 2339.1115723 5495.7900391 0.5145814 
1 120 2339.2526855 5494.9609375 0.5132731 
1 121 2339.5285645 5494.4306641 0.5124606 
1 122 2339.5285645 5494.4306641 0.5124606 
1 123 2339.6909180 5493.9091797 0.5116386 
1 124 2339.8969727 5493.3027344 0.5105105 
1 125 2339.8808594 5492.4189453 0.5088812 
1 126 2340.1394043 5491.7309570 0.5076268 
1 127 2340.3439941 5491.2333984 0.5065151 
1 128 2340.5961914 5490.7299805 0.5057598 
1 129 2340.5766602 5489.9829102 0.5045362 
1 130 2340.4077148 5488.8681641 0.5026511 
1 131 2340.4702148 5488.0361328 0.5011855 
1 132 2340.6887207 5487.4736328 0.5002351 
1 133 2340.9216309 5486.9687500 0.4994938 
1 134 2341.0788574 5486.2739258 0.4984058 
1 135 2341.0795898 5485.3032227 0.4968224 
1 136 2341.1953125 5484.5039062 0.4956143 
1 137 2341.3840332 5483.9213867 0.4947295 
1 138 2341.6281738 5483.3886719 0.4940830 
1 139 2341.9011230 5482.4658203 0.4930258 
1 140 2341.9458008 5481.5283203 0.4916075 
1 141 2342.0966797 5480.7099609 0.4903179 
1 142 2342.2922363 5480.1264648 0.4894868 
1 143 2342.4025879 5479.5385742 0.4887786 
1 144 2342.5654297 5478.8676758 0.4877774 
1 145 2342.3854980 5477.9536133 0.4864354 
1 146 2342.4863281 5477.1923828 0.4853548 
1 147 2342.4863281 5477.1923828 0.4853548 
1 148 2342.5795898 5476.6166992 0.4845167 
1 149 2342.7944336 5476.1333008 0.4838327 
1 150 2342.7993164 5475.4716797 0.4828856 
1 151 2342.8376465 5474.7172852 0.4817006 
1 152 2342.9306641 5474.0566406 0.4806585 
1 153 2343.1081543 5473.6162109 0.4799495 
1 154 2343.2785645 5473.2021484 0.4793026 
1 155 2343.2709961 5472.5195312 0.4783171 
1 156 2343.0585938 5471.7768555 0.4768905 
1 157 2343.1406250 5471.1347656 0.4757263 
1 158 2343.2724609 5470.6645508 0.4749664 
1 159 2343.5029297 5470.2412109 0.4743577 
1 160 2343.6577148 5469.6870117 0.4734208 
1 161 2343.7043457 5468.8798828 0.4719552 
1 162 2343.7883301 5468.2421875 0.4707264 
1 163 2344.0195312 5467.7607422 0.4699744 
1 164 2344.0546875 5467.1835938 0.4692743 
1 165 2343.8041992 5466.3320312 0.4680859 
1 166 2343.4687500 5465.3247070 0.4666946 
1 167 2343.3276367 5464.6821289 0.4655018 
1 168 2343.3352051 5464.5205078 0.4644092 
1 169 2343.4262695 5464.2597656 0.4636697 
1 170 2343.4753418 5463.9448242 0.4625670 
1 171 2343.2724609 5463.5502930 0.4610212 
1 172 2343.2961426 5463.5488281 0.4609624 
1 173 2343.4189453 5463.1738281 0.4596466 
1 174 2343.5444336 5462.8837891 0.4588790 
1 175 2343.6318359 5462.6606445 0.4581450 
1 176 2343.5964355 5462.3344727 0.4570543 
1 177 2343.5646973 5461.9282227 0.4555868 
1 178 2343.6589355 5461.6015625 0.4544952 
1 179 2343.7966309 5461.3178711 0.4537287 
1 180 2343.8889160 5461.0620117 0.4529801 
1 181 2343.9733887 5460.7158203 0.4519842 
1 182 2344.0212402 5460.2929688 0.4505954 
1 183 2344.0629883 5459.9492188 0.4493972 
1 184 2344.1972656 5459.6503906 0.4485814 
1 185 2344.2172852 5459.4228516 0.4478271 
1 186 2344.2382812 5459.1455078 0.4467191 
1 187 2344.2636719 5458.7705078 0.4451845 
1 188 2344.3925781 5458.5039062 0.4439550 
1 189 2344.5034180 5458.2675781 0.4431812 
1 190 2344.5454102 5458.0312500 0.4424139 
1 191 2344.6745605 5457.7729492 0.4413295 
1 192 2344.7187500 5457.4433594 0.4399846 
1 193 2344.9033203 5457.1806641 0.4388208 
1 194 2345.0681152 5456.9604492 0.4380829 
1 195 2345.1445312 5456.7753906 0.4374111 
1 196 2345.1899414 5456.5361328 0.4364221 
1 197 2345.1899414 5456.5361328 0.4364221 
1 198 2345.2021484 5456.1621094 0.4350764 
1 199 2345.3405762 5455.9179688 0.4340051 
1 200 2345.4941406 5455.6865234 0.4332873 
1 201 2345.6350098 5455.4594727 0.4325869 
1 202 2345.6350098 5455.1279297 0.4315399 
1 203 2345.6362305 5454.7705078 0.4301543 
1 204 2345.7509766 5454.4389648 0.4289403 
1 205 2345.8061523 5454.1796875 0.4280123 
1 206 2345.7700195 5453.9257812 0.4272678 
1 207 2345.7451172 5453.6625977 0.4261649 
1 208 2345.7810059 5453.3618164 0.4247376 
1 209 2345.9194336 5453.1171875 0.4235465 
1 210 2346.0322266 5452.9785156 0.4227539 
1 211 2346.0893555 5452.8984375 0.4220503 
1 212 2346.1298828 5452.8129883 0.4209313 
1 213 2345.6162109 5452.5092773 0.4192282 
1 214 2345.6171875 5452.3833008 0.4178542 
1 215 2345.6848145 5452.1821289 0.4169261 
1 216 2345.8989258 5451.9570312 0.4160926 
1 217 2346.0466309 5451.6157227 0.4150110 
1 218 2345.6887207 5450.9985352 0.4130887 
1 219 2345.7829590 5450.4912109 0.4117332 
1 220 2345.9462891 5450.2119141 0.4105769 
1 221 2345.9343262 5449.9677734 0.4097190 
1 222 2346.0151367 5450.0527344 0.4095547 
1 223 2346.0563965 5449.6738281 0.4082832 
1 224 2345.8203125 5449.1923828 0.4062909 
1 225 2345.7272949 5449.0161133 0.4049821 
1 226 2345.9702148 5448.8232422 0.4040971 
1 227 2346.0373535 5447.4658203 0.3969583 
1 228 2346.5759277 5446.1025391 0.3896609 
1 229 2347.0732422 5445.2290039 0.3823717 
1 230 2348.0202637 5443.7983398 0.3755535 
1 231 2348.8327637 5442.7421875 0.3693563 
1 232 2349.9367676 5441.5693359 0.3632853 
1 233 2351.0036621 5440.1787109 0.3573188 
1 234 2351.6164551 5439.1718750 0.3519886 
1 235 2352.4663086 5437.8100586 0.3463507 
1 236 2353.1896973 5436.8017578 0.3406037 
1 237 2354.1013184 5435.7138672 0.3342732 
1 238 2354.8005371 5434.1948242 0.3284051 
1 239 2355.3293457 5432.8886719 0.3232693 
1 240 2356.1135254 5431.2314453 0.3186833 
1 241 2356.8151855 5429.7832031 0.3135555 
1 242 2357.6997070 5428.0673828 0.3088143 
1 243 2358.2209473 5426.3496094 0.3043711 
1 244 2358.9755859 5424.3076172 0.2999279 
1 245 2359.1230469 5422.2138672 0.2959065 
1 246 2359.9584961 5420.8374023 0.2916302 
1 247 2359.9594727 5420.8325195 0.2916317 
1 248 2360.8872070 5419.0488281 0.2874591 
1 249 2361.5180664 5417.3574219 0.2834198 
1 250 2362.3879395 5415.5034180 0.2796794 
1 251 2363.0637207 5413.9726562 0.2758857 
1 252 2363.7934570 5412.1235352 0.2729087 
1 253 2364.3508301 5410.6645508 0.2698999 
1 254 2364.8024902 5409.2490234 0.2672579 
1 255 2365.1437988 5407.7978516 0.2645639 
1 256 2365.5297852 5406.5292969 0.2618706 
1 257 2365.9272461 5405.5820312 0.2590710 
1 258 2366.4462891 5404.4716797 0.2563068 
1 259 2366.6684570 5403.9506836 0.2531072 
1 260 2366.8427734 5403.0571289 0.2500353 
1 261 2367.0812988 5402.1923828 0.2474027 
1 262 2367.2729492 5401.7749023 0.2449174 
1 263 2367.6184082 5401.1621094 0.2424316 
1 264 2367.9533691 5400.7304688 0.2398855 
1 265 2368.2517090 5400.1386719 0.2375685 
1 266 2368.6030273 5399.6118164 0.2352889 
1 267 2368.9379883 5399.1513672 0.2332696 
1 268 2369.2680664 5398.8188477 0.2312358 
1 269 2369.7961426 5398.6567383 0.2290272 
1 270 2370.2338867 5398.6494141 0.2268882 
1 271 2370.6862793 5398.5600586 0.2248779 
1 272 2370.6862793 5398.5600586 0.2248779 
1 273 2371.0195312 5398.5917969 0.2228144 
1 274 2371.2729492 5398.5200195 0.2207138 
1 275 2371.6564941 5398.2685547 0.2189924 
1 276 2371.8308105 5398.2187500 0.2173165 
1 277 2372.0932617 5398.1074219 0.2155355 
1 278 2372.3642578 5397.9194336 0.2140325 
1 279 2372.5839844 5397.6469727 0.2126677 
1 280 2372.9995117 5397.5439453 0.2113609 
1 281 2373.4851074 5397.3457031 0.2099914 
1 282 2373.8090820 5397.2246094 0.2087459 
1 283 2374.1950684 5397.0502930 0.2074842 
1 284 2374.5019531 5396.9130859 0.2062093 
1 285 2374.9274902 5396.6933594 0.2051011 
1 286 2375.2250977 5396.5703125 0.2041743 
1 287 2375.5000000 5396.4707031 0.2034147 
1 288 2375.8247070 5396.5034180 0.2027778 
1 289 2376.1315918 5396.4814453 0.2022889 
1 290 2376.4521484 5396.3681641 0.2018328 
1 291 2376.7014160 5396.2392578 0.2012777 
1 292 2377.0180664 5396.1640625 0.2007982 
1 293 2377.2934570 5395.9482422 0.2005621 
1 294 2377.4726562 5395.8930664 0.2004928 
1 295 2377.7077637 5395.8061523 0.2004539 
1 296 2377.8681641 5395.7460938 0.2004455 
1 297 2377.8681641 5395.7460938 0.2004455 
1 298 2377.9726562 5395.6845703 0.2004458 
1 299 2378.1655273 5395.6074219 0.2004502 
1 300 2378.3068848 5395.5048828 0.2004525 
1 301 2378.4284668 5395.4482422 0.2004485 
1 302 2378.5671387 5395.3984375 0.2004413 
1 303 2378.6459961 5395.3032227 0.2004421 
1 304 2378.7695312 5395.2836914 0.2004481 
1 305 2378.9082031 5395.2446289 0.2004468 
1 306 2379.0234375 5395.2011719 0.2004492 
1 307 2379.1025391 5395.0576172 0.2004493 
1 308 2379.1655273 5394.9775391 0.2004492 
1 309 2379.2729492 5394.8906250 0.2004578 
1 310 2379.3981934 5394.8100586 0.2004539 
1 311 2379.4621582 5394.6752930 0.2004541 
1 312 2379.5900879 5394.5805664 0.2004547 
1 313 2379.7236328 5394.4277344 0.2004578 
1 314 2379.8635254 5394.3457031 0.2004614 
1 315 2379.9384766 5394.2783203 0.2004617 
1 316 2380.0639648 5394.1503906 0.2004686 
1 317 2380.1953125 5394.0522461 0.2004682 
1 318 2380.3354492 5393.9692383 0.2004628 
1 319 2380.5092773 5393.8940430 0.2004625 
1 320 2380.5996094 5393.7812500 0.2004757 
1 321 2380.6740723 5393.6650391 0.2004735 
1 322 2380.6740723 5393.6650391 0.2004735 
1 323 2380.7512207 5393.5937500 0.2004779 
1 324 2380.8522949 5393.4819336 0.2004779 
1 325 2380.9848633 5393.3984375 0.2004756 
1 326 2381.1250000 5393.2861328 0.2004793 
1 327 2381.2763672 5393.1254883 0.2004861 
1 328 2381.3720703 5393.0297852 0.2004868 
1 329 2381.4780273 5392.8657227 0.2004913 
1 330 2381.5895996 5392.7221680 0.2004959 
1 331 2381.7817383 5392.4760742 0.2004941 
1 332 2381.9594727 5392.3090820 0.2004920 
1 333 2382.1367188 5392.1459961 0.2004921 
1 334 2382.3278809 5391.9580078 0.2005010 
1 335 2382.5231934 5391.7675781 0.2004998 
1 336 2382.6687012 5391.4990234 0.2004925 
1 337 2382.9201660 5391.3056641 0.2004943 
1 338 2383.0434570 5391.1137695 0.2004942 
1 339 2383.1669922 5390.8798828 0.2004963 
1 340 2383.2983398 5390.6523438 0.2004943 
1 341 2383.4111328 5390.4423828 0.2005070 
1 342 2383.7082520 5390.3276367 0.2005014 
1 343 2383.8466797 5390.2128906 0.2004995 
1 344 2384.1115723 5389.9902344 0.2005063 
1 345 2384.2805176 5389.7949219 0.2005000 
1 346 2384.5541992 5389.6684570 0.2005085 
1 347 2384.5541992 5389.6684570 0.2005085 
1 348 2384.7905273 5389.4916992 0.2005110 
1 349 2384.8037109 5389.3837891 0.2005010 
1 350 2384.8796387 5389.3115234 0.2005004 
1 351 2385.0124512 5389.1738281 0.2005066 
1 352 2385.2258301 5389.0327148 0.2005097 
1 353 2385.5607910 5388.8750000 0.2005082 
1 354 2385.7956543 5388.7602539 0.2005054 
1 355 2385.9414062 5388.7089844 0.2005087 
1 356 2386.1887207 5388.5439453 0.2005062 
1 357 2386.3803711 5388.2958984 0.2005060 
1 358 2386.6152344 5388.1484375 0.2005132 
1 359 2386.8718262 5387.9531250 0.2004976 
1 360 2387.1420898 5387.7363281 0.2004984 
1 361 2387.3852539 5387.5195312 0.2005055 
1 362 2387.6101074 5387.3037109 0.2005050 
1 363 2387.8095703 5387.0351562 0.2005109 
1 364 2388.0893555 5386.7988281 0.2005011 
1 365 2388.3403320 5386.5058594 0.2004999 
1 366 2388.5441895 5386.2592773 0.2004956 
1 367 2388.7412109 5386.0908203 0.2004974 
1 368 2388.9472656 5385.8598633 0.2004971 
1 369 2389.1684570 5385.6376953 0.2004888 
1 370 2389.4736328 5385.3359375 0.2004889 
1 371 2389.6586914 5385.0629883 0.2004831 
1 372 2389.6586914 5385.0629883 0.2004831 
1 373 2390.0078125 5384.8769531 0.2004737 
1 374 2390.2646484 5384.6508789 0.2004744 
1 375 2390.5197754 5384.4326172 0.2004693 
1 376 2390.7585449 5384.2519531 0.2004685 
1 377 2390.9523926 5384.0771484 0.2004611 
1 378 2391.1494141 5383.9204102 0.2004563 
1 379 2391.3374023 5383.7788086 0.2004560 
1 380 2391.4992676 5383.6645508 0.2004503 
1 381 2391.6738281 5383.5180664 0.2004452 
1 382 2391.8549805 5383.2656250 0.2004456 
1 383 2392.0996094 5383.1201172 0.2004340 
1 384 2392.3266602 5383.0004883 0.2004365 
1 385 2392.5180664 5382.8242188 0.2004379 
1 386 2392.7285156 5382.6914062 0.2004364 
1 387 2392.9172363 5382.5336914 0.2004334 
1 388 2393.2216797 5382.4584961 0.2004355 
1 389 2393.4677734 5382.3491211 0.2004360 
1 390 2393.6662598 5382.2382812 0.2004323 
1 391 2393.8913574 5382.1772461 0.2004310 
1 392 2394.1069336 5382.1035156 0.2004324 
1 393 2394.3691406 5382.0234375 0.2004293 
1 394 2394.6396484 5381.9384766 0.2004316 
1 395 2394.8244629 5381.9121094 0.2004326 
1 396 2395.0202637 5381.8803711 0.2004380 
1 397 2395.0202637 5381.8803711 0.2004380 
1 398 2395.1972656 5381.8452148 0.2004344 
1 399 2395.3493652 5381.8120117 0.2004359 
1 400 2395.5358887 5381.7456055 0.2004378 
1 401 2395.7568359 5381.6728516 0.2004427 
1 402 2396.0380859 5381.6357422 0.2004391 
1 403 2396.1938477 5381.5961914 0.2004366 
1 404 2396.3203125 5381.5527344 0.2004416 
1 405 2396.4560547 5381.4653320 0.2004422 
1 406 2396.5830078 5381.3662109 0.2004436 
1 407 2396.6704102 5381.2734375 0.2004476 
1 408 2396.8791504 5381.2490234 0.2004501 
1 409 2397.0686035 5381.2373047 0.2004469 
1 410 2397.3093262 5381.2207031 0.2004471 
1 411 2397.5112305 5381.2739258 0.2004487 
1 412 2397.7290039 5381.2802734 0.2004550 
1 413 2397.8818359 5381.2910156 0.2004498 
1 414 2398.1406250 5381.2304688 0.2004598 
1 415 2398.3417969 5381.1259766 0.2004616 
1 416 2398.5720215 5381.0039062 0.2004641 
1 417 2398.9331055 5380.8857422 0.2004663 
1 418 2399.1293945 5380.8403320 0.2004565 
1 419 2399.1677246 5380.8544922 0.2004574 
1 420 2399.1921387 5380.7612305 0.2004660 
1 421 2399.2067871 5380.7036133 0.2004660 
1 422 2399.2067871 5380.7036133 0.2004660 
1 423 2399.2277832 5380.6420898 0.2004640 
1 424 2399.2031250 5380.6733398 0.2004691 
1 425 2399.1372070 5380.7280273 0.2004687 
1 426 2399.0317383 5380.7612305 0.2004699 
1 427 2398.9462891 5380.8232422 0.2004768 
1 428 2398.7946777 5380.8764648 0.2004763 
1 429 2398.5454102 5380.9541016 0.2004747 
1 430 2398.2014160 5381.0654297 0.2004726 
1 431 2397.8464355 5381.4003906 0.2004639 
1 432 2397.4392090 5381.8120117 0.2004627 
1 433 2396.9892578 5382.2504883 0.2004686 
1 434 2396.5698242 5382.7001953 0.2004577 
1 435 2396.1728516 5383.3115234 0.2004671 
1 436 2395.7507324 5384.0063477 0.2004599 
1 437 2395.2446289 5384.6708984 0.2004569 
1 438 2394.6674805 5385.4516602 0.2004507 
1 439 2394.0766602 5386.2036133 0.2004500 
1 440 2393.4914551 5387.0214844 0.2004470 
1 441 2392.9814453 5387.8828125 0.2004579 
1 442 2392.3901367 5388.7348633 0.2004558 
1 443 2391.7219238 5389.6870117 0.2004528 
1 444 2391.0083008 5390.6684570 0.2004516 
1 445 2390.2175293 5391.6171875 0.2004517 
1 446 2389.4235840 5392.5136719 0.2004489 
1 447 2389.4235840 5392.5136719 0.2004489 
1 448 2388.6308594 5393.5346680 0.2004427 
1 449 2387.8696289 5394.4902344 0.2004415 
1 450 2386.9479980 5395.5576172 0.2004526 
1 451 2386.1391602 5396.5327148 0.2004535 
1 452 2385.3073730 5397.5898438 0.2004464 
1 453 2384.3964844 5398.5859375 0.2004397 
1 454 2383.5227051 5399.5830078 0.2004378 
1 455 2382.7048340 5400.6245117 0.2004324 
1 456 2381.8500977 5401.7475586 0.2004367 
1 457 2380.9458008 5402.8833008 0.2004337 
1 458 2380.0336914 5403.9946289 0.2004302 
1 459 2379.0144043 5405.0810547 0.2004264 
1 460 2377.9687500 5406.2153320 0.2004221 
1 461 2376.9951172 5407.3183594 0.2004183 
1 462 2375.9802246 5408.4423828 0.2004115 
1 463 2374.7460938 5409.5078125 0.2004017 
1 464 2373.5805664 5410.6450195 0.2004069 
1 465 2372.5656738 5411.7734375 0.2004018 
1 466 2371.5388184 5412.8671875 0.2004011 
1 467 2370.4731445 5413.9912109 0.2003972 
1 468 2369.4162598 5415.1044922 0.2004015 
1 469 2368.4035645 5416.1992188 0.2003896 
1 470 2367.3461914 5417.4101562 0.2003797 
1 471 2366.1152344 5418.6230469 0.2003659 
1 472 2366.1152344 5418.6230469 0.2003659 
1 473 2364.8659668 5419.7421875 0.2003671 
1 474 2363.4106445 5420.8110352 0.2003573 
1 475 2361.9265137 5421.9453125 0.2003512 
1 476 2360.3247070 5423.0952148 0.2003488 
1 477 2358.7539062 5424.2973633 0.2003456 
1 478 2356.9851074 5425.4814453 0.2003394 
1 479 2355.1267090 5426.7441406 0.2003354 
1 480 2353.6926270 5428.0097656 0.2003410 
1 481 2352.2180176 5429.3745117 0.2003428 
1 482 2350.5605469 5430.6328125 0.2003444 
1 483 2348.8098145 5431.9067383 0.2003409 
1 484 2347.1228027 5433.2319336 0.2003370 
1 485 2345.3981934 5434.5029297 0.2003305 
1 486 2343.5737305 5435.7416992 0.2003391 
1 487 2341.6926270 5437.0410156 0.2003276 
1 488 2339.7128906 5438.4516602 0.2003311 
1 489 2337.8627930 5439.8964844 0.2003247 
1 490 2336.0097656 5441.3989258 0.2003300 
1 491 2334.1174316 5442.9291992 0.2003303 
1 492 2332.0754395 5444.4501953 0.2003240 
1 493 2329.9804688 5446.0566406 0.2003264 
1 494 2327.9018555 5447.5849609 0.2003412 
1 495 2325.8474121 5449.1708984 0.2003320 
1 496 2323.9724121 5450.7807617 0.2003292 
1 497 2323.9724121 5450.7807617 0.2003292 
1 498 2322.0825195 5452.5605469 0.2003267 
1 499 2320.1074219 5454.2880859 0.2003227 
1 500 2318.1472168 5456.1279297 0.2003177 
1 501 2316.2666016 5457.9902344 0.2003187 
1 502 2314.5734863 5460.0317383 0.2003143 
1 503 2312.8188477 5462.0942383 0.2003248 
1 504 2311.0869141 5464.0771484 0.2003265 
1 505 2309.3759766 5466.0747070 0.2003261 
1 506 2307.7226562 5468.0737305 0.2003291 
1 507 2305.9760742 5470.0395508 0.2003356 
1 508 2304.3286133 5471.9946289 0.2003378 
1 509 2302.5717773 5474.0937500 0.2003330 
1 510 2300.7106934 5476.0751953 0.2003413 
1 511 2299.1630859 5477.9296875 0.2003483 
1 512 2297.6987305 5479.8735352 0.2003388 
1 513 2296.2731934 5481.8315430 0.2003414 
1 514 2294.7458496 5483.7460938 0.2003453 
1 515 2293.2534180 5485.7363281 0.2003464 
1 516 2291.8637695 5487.7250977 0.2003432 
1 517 2290.5739746 5489.7978516 0.2003415 
1 518 2289.3764648 5491.9262695 0.2003437 
1 519 2288.0239258 5493.9746094 0.2003482 
1 520 2286.6140137 5495.9208984 0.2003441 
1 521 2285.2927246 5497.9853516 0.2003348 
1 522 2285.2927246 5497.9853516 0.2003348 
1 523 2284.1066895 5500.0737305 0.2003514 
1 524 2282.9543457 5502.1533203 0.2003522 
1 525 2281.8278809 5504.1962891 0.2003458 
1 526 2280.7338867 5506.3256836 0.2003408 
1 527 2279.6804199 5508.3837891 0.2003399 
1 528 2278.6545410 5510.4375000 0.2003379 
1 529 2277.6364746 5512.5351562 0.2003322 
1 530 2276.6000977 5514.5581055 0.2003379 
1 531 2275.5986328 5516.6298828 0.2003258 
1 532 2274.5952148 5518.6718750 0.2003211 
1 533 2273.5869141 5520.7343750 0.2003213 
1 534 2272.5307617 5522.7734375 0.2003183 
1 535 2271.6010742 5524.8237305 0.2003109 
1 536 2270.5507812 5526.9052734 0.2003015 
1 537 2269.3984375 5528.9345703 0.2002965 
1 538 2268.2802734 5530.9824219 0.2002905 
1 539 2267.1032715 5532.9497070 0.2002838 
1 540 2265.9020996 5534.7880859 0.2002750 
1 541 2264.6782227 5536.5791016 0.2002717 
1 542 2263.4023438 5538.3422852 0.2002587 
1 543 2262.1364746 5540.0756836 0.2002511 
1 544 2260.9204102 5541.8271484 0.2002557 
1 545 2259.8046875 5543.5410156 0.2002519 
1 546 2258.5742188 5545.2338867 0.2002383 
1 547 2258.5742188 5545.2338867 0.2002383 
1 548 2257.2187500 5547.0810547 0.2002417 
1 549 2255.8403320 5548.8193359 0.2002496 
1 550 2254.4082031 5550.6757812 0.2002306 
1 551 2253.0112305 5552.6123047 0.2002348 
1 552 2251.5456543 5554.5175781 0.2002268 
1 553 2250.0339355 5556.2885742 0.2002243 
1 554 2248.1701660 5558.0517578 0.2002139 
1 555 2246.4694824 5559.9165039 0.2002076 
1 556 2244.8764648 5561.8549805 0.2002098 
1 557 2243.0007324 5563.8305664 0.2002213 
1 558 2241.1594238 5565.7871094 0.2002148 
1 559 2239.1550293 5567.7353516 0.2002152 
1 560 2237.1435547 5569.7578125 0.2002226 
1 561 2235.1938477 5571.8691406 0.2002201 
1 562 2233.4516602 5573.9541016 0.2002168 
1 563 2231.5361328 5576.0302734 0.2002182 
1 564 2229.4545898 5578.1440430 0.2002117 
1 565 2227.3105469 5580.3852539 0.2002040 
1 566 2225.1674805 5582.6279297 0.2002203 
1 567 2223.0778809 5584.7846680 0.2002258 
1 568 2221.0039062 5586.9965820 0.2002263 
1 569 2219.0139160 5589.2524414 0.2002370 
1 570 2216.7924805 5591.5556641 0.2002183 
1 571 2214.4882812 5593.9111328 0.2002303 
1 572 2214.4882812 5593.9111328 0.2002303 
1 573 2212.2609863 5596.3334961 0.2002301 
1 574 2209.9812012 5598.8139648 0.2002279 
1 575 2207.5971680 5601.3701172 0.2002460 
1 576 2205.3159180 5603.8593750 0.2002504 
1 577 2203.0651855 5606.2568359 0.2002444 
1 578 2200.8098145 5608.6450195 0.2002641 
1 579 2198.5036621 5611.0893555 0.2002821 
1 580 2196.0297852 5613.4902344 0.2002714 
1 581 2193.5385742 5615.9624023 0.2002486 
1 582 2191.1057129 5618.4663086 0.2002572 
1 583 2188.6186523 5620.8959961 0.2002647 
1 584 2186.1315918 5623.3911133 0.2002716 
1 585 2183.6079102 5625.9008789 0.2002700 
1 586 2181.1403809 5628.3647461 0.2002874 
1 587 2178.6088867 5630.9550781 0.2002766 
1 588 2176.0666504 5633.6499023 0.2002667 
1 589 2173.5285645 5636.2846680 0.2002752 
1 590 2170.9841309 5638.8339844 0.2002588 
1 591 2168.5273438 5641.4746094 0.2002428 
1 592 2166.0483398 5644.1601562 0.2002317 
1 593 2163.5815430 5646.7895508 0.2002191 
1 594 2161.0900879 5649.5126953 0.2002202 
1 595 2158.5476074 5652.2910156 0.2002132 
1 596 2156.0485840 5655.0444336 0.2002139 
1 597 2156.0485840 5655.0444336 0.2002139 
1 598 2153.5869141 5657.7958984 0.2001967 
1 599 2151.1105957 5660.6879883 0.2001739 
1 600 2148.7490234 5663.5136719 0.2001805 
1 601 2146.3476562 5666.4218750 0.2001763 
1 602 2143.9816895 5669.3007812 0.2001644 
1 603 2141.6445312 5672.1640625 0.2001618 
1 604 2139.4492188 5675.0400391 0.2001826 
1 605 2137.1826172 5677.9121094 0.2001999 
1 606 2134.9799805 5680.8359375 0.2002043 
1 607 2132.7072754 5683.7226562 0.2001962 
1 608 2130.5185547 5686.6596680 0.2001873 
1 609 2128.3625488 5689.6025391 0.2001860 
1 610 2126.2055664 5692.5458984 0.2001743 
1 611 2124.0849609 5695.4228516 0.2001908 
1 612 2121.9506836 5698.3735352 0.2001815 
1 613 2119.9375000 5701.2670898 0.2002372 
1 614 2117.9445801 5704.2646484 0.2002610 
1 615 2115.9750977 5707.2705078 0.2002582 
1 616 2113.9675293 5710.2421875 0.2002787 
1 617 2111.9624023 5713.2641602 0.2002736 
1 618 2109.9099121 5716.2207031 0.2002768 
1 619 2108.0190430 5719.2304688 0.2003084 
1 620 2106.0786133 5722.2045898 0.2003490 
1 621 2104.1020508 5725.1718750 0.2003322 
1 622 2104.1020508 5725.1718750 0.2003322 
1 623 2102.1813965 5728.1679688 0.2003317 
1 624 2100.1789551 5731.1621094 0.2003136 
1 625 2098.2253418 5734.1416016 0.2003103 
1 626 2096.3718262 5737.0117188 0.2003399 
1 627 2094.5458984 5739.8881836 0.2003350 
1 628 2092.7199707 5742.6762695 0.2003425 
1 629 2090.9001465 5745.4775391 0.2003355 
1 630 2089.0744629 5748.2529297 0.2003550 
1 631 2087.3676758 5751.0449219 0.2003739 
1 632 2085.7075195 5753.7314453 0.2004191 
1 633 2084.0083008 5756.3750000 0.2004327 
1 634 2082.3264160 5759.0351562 0.2004260 
1 635 2080.6782227 5761.6352539 0.2004262 
1 636 2079.0397949 5764.2426758 0.2004225 
1 637 2077.5158691 5766.8354492 0.2004402 
1 638 2075.8908691 5769.5141602 0.2004191 
1 639 2074.3010254 5772.1381836 0.2004279 
1 640 2072.7409668 5774.7236328 0.2004258 
1 641 2071.2099609 5777.3466797 0.2003998 
1 642 2069.7458496 5779.9443359 0.2003918 
1 643 2068.1232910 5782.4306641 0.2003841 
1 644 2066.4753418 5784.8657227 0.2004117 
1 645 2064.7446289 5787.3017578 0.2003956 
1 646 2063.1127930 5789.6997070 0.2003977 
1 647 2063.1127930 5789.6997070 0.2003977 
1 648 2061.6494141 5792.1293945 0.2004480 
1 649 2060.0605469 5794.5341797 0.2004426 
1 650 2058.5104980 5796.9897461 0.2004348 
1 651 2056.8845215 5799.3842773 0.2004258 
1 652 2055.2475586 5801.7099609 0.2004158 
1 653 2053.6875000 5804.1357422 0.2004007 
1 654 2052.0981445 5806.4995117 0.2003855 
1 655 2050.5461426 5808.8417969 0.2003807 
1 656 2049.0146484 5811.1533203 0.2003693 
1 657 2047.3842773 5813.4980469 0.2003631 
1 658 2045.7189941 5815.9077148 0.2003540 
1 659 2044.1628418 5818.3515625 0.2003525 
1 660 2042.4842529 5820.7792969 0.2003618 
1 661 2040.9108887 5823.2148438 0.2003637 
1 662 2039.4570312 5825.6210938 0.2003738 
1 663 2038.0665283 5828.1489258 0.2004067 
1 664 2036.5915527 5830.6621094 0.2004011 
1 665 2035.0737305 5833.1718750 0.2003927 
1 666 2033.5769043 5835.6396484 0.2003899 
1 667 2032.1204834 5838.1845703 0.2003714 
1 668 2030.5935059 5840.7539062 0.2003914 
1 669 2029.0795898 5843.2470703 0.2004128 
1 670 2027.7211914 5845.7001953 0.2004403 
1 671 2026.2856445 5848.0771484 0.2004426 
1 672 2026.2856445 5848.0771484 0.2004426 
1 673 2024.8325195 5850.4843750 0.2004490 
1 674 2023.4661865 5852.9291992 0.2004509 
1 675 2022.3183594 5855.4145508 0.2004719 
1 676 2021.0979004 5857.8862305 0.2004727 
1 677 2019.8125000 5860.3540039 0.2004746 
1 678 2018.5512695 5862.8027344 0.2004797 
1 679 2017.2996826 5865.2124023 0.2004828 
1 680 2016.0546875 5867.6811523 0.2004694 
1 681 2014.8919678 5870.2338867 0.2004683 
1 682 2013.8205566 5872.5805664 0.2005065 
1 683 2012.7375488 5875.0122070 0.2005026 
1 684 2011.5924072 5877.4165039 0.2004980 
1 685 2010.4775391 5879.8652344 0.2005073 
1 686 2009.3186035 5882.3315430 0.2005008 
1 687 2008.1866455 5884.8251953 0.2005019 
1 688 2007.2600098 5887.2578125 0.2005222 
1 689 2006.3559570 5889.6137695 0.2005797 
1 690 2005.3579102 5891.9531250 0.2006001 
1 691 2004.3792725 5894.3305664 0.2005930 
1 692 2003.4930420 5896.7241211 0.2005843 
1 693 2002.5515137 5899.1748047 0.2005882 
1 694 2001.7735596 5901.6406250 0.2006027 
1 695 2000.9177246 5904.0996094 0.2005956 
1 696 1999.9177246 5906.5146484 0.2005769 
1 697 1999.9177246 5906.5146484 0.2005769 
1 698 1999.0034180 5909.0546875 0.2005682 
1 699 1998.1055908 5911.6181641 0.2005741 
1 700 1997.3223877 5914.2875977 0.2005549 
1 701 1996.6491699 5917.0117188 0.2005509 
1 702 1995.9938965 5919.7060547 0.2005545 
1 703 1995.2668457 5922.3710938 0.2005435 
1 704 1994.5677490 5925.0219727 0.2005467 
1 705 1993.8061523 5927.7192383 0.2005372 
1 706 1993.0239258 5930.3784180 0.2005323 
1 707 1992.2841797 5933.0029297 0.2005242 
1 708 1991.6108398 5935.6767578 0.2005196 
1 709 1990.9846191 5938.3564453 0.2005076 
1 710 1990.2406006 5941.0507812 0.2004985 
1 711 1989.6534424 5943.7490234 0.2005364 
1 712 1988.9532471 5946.3886719 0.2005125 
1 713 1988.2128906 5949.0781250 0.2005145 
1 714 1987.5806885 5951.6240234 0.2005159 
1 715 1986.8969727 5954.2128906 0.2005131 
1 716 1986.2401123 5956.6806641 0.2004970 
1 717 1985.6091309 5959.1157227 0.2004817 
1 718 1984.9321289 5961.4677734 0.2004846 
1 719 1984.2047119 5963.6738281 0.2004835 
1 720 1983.4006348 5965.8798828 0.2004673 
1 721 1982.6530762 5968.1000977 0.2004585 
1 722 1982.6530762 5968.1000977 0.2004585 
1 723 1981.9732666 5970.4531250 0.2004404 
1 724 1981.4001465 5972.9204102 0.2004496 
1 725 1980.7362061 5975.2539062 0.2004500 
1 726 1980.0880127 5977.5224609 0.2004443 
1 727 1979.4322510 5979.6977539 0.2004419 
1 728 1978.8079834 5981.8500977 0.2004344 
1 729 1978.0290527 5983.8945312 0.2004358 
1 730 1977.4030762 5985.9077148 0.2004389 
1 731 1976.7438965 5987.9760742 0.2004387 
1 732 1975.8026123 5989.7744141 0.2004368 
1 733 1974.8750000 5991.6166992 0.2004229 
1 734 1974.0214844 5993.6132812 0.2004148 
1 735 1973.1671143 5995.6469727 0.2004238 
1 736 1972.2235107 5997.6557617 0.2004137 
1 737 1971.3991699 5999.6132812 0.2004068 
1 738 1970.5202637 6001.5205078 0.2004065 
1 739 1969.7131348 6003.2934570 0.2004406 
1 740 1968.9055176 6004.9316406 0.2004392 
1 741 1968.1005859 6006.4785156 0.2004393 
1 742 1967.2869873 6008.1684570 0.2004280 
1 743 1966.2856445 6009.9570312 0.2004362 
1 744 1965.2006836 6011.6474609 0.2004458 
1 745 1964.0472412 6013.1157227 0.2004409 
1 746 1962.9095459 6014.5722656 0.2004388 
1 747 1962.9095459 6014.5722656 0.2004388 
1 748 1961.7846680 6016.1416016 0.2004370 
1 749 1960.6724854 6017.7724609 0.2004371 
1 750 1959.6257324 6019.2783203 0.2004418 
1 751 1958.5368652 6020.7714844 0.2004359 
1 752 1957.3830566 6022.2753906 0.2004352 
1 753 1956.2058105 6023.7348633 0.2004349 
1 754 1955.0079346 6025.2783203 0.2004327 
1 755 1953.7172852 6026.8876953 0.2004224 
1 756 1952.4150391 6028.5136719 0.2004207 
1 757 1951.1208496 6030.1855469 0.2004242 
1 758 1949.8402100 6031.8901367 0.2004210 
1 759 1948.5996094 6033.5185547 0.2004256 
1 760 1947.3601074 6035.1782227 0.2004144 
1 761 1946.1767578 6036.9042969 0.2003949 
1 762 1944.8898926 6038.7641602 0.2003807 
1 763 1943.6188965 6040.5541992 0.2003741 
1 764 1942.4907227 6042.2436523 0.2003929 
1 765 1941.0593262 6044.0654297 0.2004040 
1 766 1939.6008301 6046.0786133 0.2004137 
1 767 1938.2928467 6048.2089844 0.2003936 
1 768 1936.9392090 6050.3544922 0.2003848 
1 769 1935.5853271 6052.5283203 0.2003773 
1 770 1934.2108154 6054.6342773 0.2003548 
1 771 1932.8046875 6056.9208984 0.2003380 
1 772 1932.8046875 6056.9208984 0.2003380 
1 773 1931.5026855 6059.1904297 0.2003458 
1 774 1930.1857910 6061.5996094 0.2003408 
1 775 1928.9284668 6064.0668945 0.2003307 
1 776 1927.6490479 6066.4350586 0.2003322 
1 777 1926.2396240 6068.8554688 0.2003104 
1 778 1924.9213867 6071.2016602 0.2003247 
1 779 1923.6757812 6073.5493164 0.2003225 
1 780 1922.3919678 6075.9448242 0.2003071 
1 781 1921.0412598 6078.4755859 0.2002981 
1 782 1919.6955566 6080.9428711 0.2002646 
1 783 1918.2617188 6083.3710938 0.2002552 
1 784 1916.9946289 6085.8535156 0.2002317 
1 785 1915.7812500 6088.3984375 0.2002291 
1 786 1914.6568604 6090.9589844 0.2002400 
1 787 1913.4429932 6093.4863281 0.2002270 
1 788 1912.2690430 6096.0424805 0.2002443 
1 789 1911.0816650 6098.7441406 0.2002310 
1 790 1909.8682861 6101.4213867 0.2002243 
1 791 1908.6533203 6104.1689453 0.2002043 
1 792 1907.4940186 6106.9501953 0.2002010 
1 793 1906.3294678 6109.6796875 0.2001894 
1 794 1905.1608887 6112.4423828 0.2001748 
1 795 1903.9134521 6115.1972656 0.2001459 
1 796 1902.7319336 6117.9760742 0.2001281 
1 797 1902.7319336 6117.9760742 0.2001281 
1 798 1901.5876465 6120.7353516 0.2001200 
1 799 1900.4614258 6123.5253906 0.2000902 
1 800 1899.3597412 6126.3305664 0.2000802 
1 801 1898.2946777 6129.0703125 0.2000722 
1 802 1897.2175293 6131.8481445 0.2000512 
1 803 1896.2121582 6134.7158203 0.2000376 
1 804 1895.2564697 6137.5581055 0.2000691 
1 805 1894.1523438 6140.3691406 0.2000514 
1 806 1893.1146240 6143.0654297 0.2000899 
1 807 1892.0585938 6145.8378906 0.2000661 
1 808 1890.9477539 6148.5195312 0.2000602 
1 809 1889.8701172 6151.2602539 0.2000493 
1 810 1888.7855225 6153.9375000 0.2000457 
1 811 1887.7968750 6156.6215820 0.2000332 
1 812 1886.7758789 6159.2387695 0.2000359 
1 813 1885.7851562 6161.9482422 0.2000638 
1 814 1884.7133789 6164.5576172 0.2000702 
1 815 1883.7957764 6167.1904297 0.2000590 
1 816 1882.7147217 6169.8554688 0.2000341 
1 817 1881.7282715 6172.4560547 0.2000302 
1 818 1880.8055420 6174.9926758 0.2000302 
1 819 1879.7558594 6177.6201172 0.2000168 
1 820 1878.7758789 6180.0546875 0.2000000 
1 821 1877.8424072 6182.4760742 0.2000705 
1 822 1877.8424072 6182.4760742 0.2000705 
1 823 1877.0428467 6184.9208984 0.2001937 
1 824 1875.9057617 6187.3725586 0.2001538 
1 825 1874.8576660 6189.9013672 0.2001441 
1 826 1873.7938232 6192.4677734 0.2001798 
1 827 1872.6823730 6195.0625000 0.2001760 
1 828 1871.6044922 6197.5981445 0.2001624 
1 829 1870.5944824 6200.1020508 0.2001859 
1 830 1869.6063232 6202.6689453 0.2002659 
1 831 1868.6062012 6205.2954102 0.2003159 
1 832 1867.5842285 6207.9985352 0.2003283 
1 833 1866.4136963 6210.5800781 0.2003268 
1 834 1865.2587891 6213.1977539 0.2003185 
1 835 1864.1912842 6215.8012695 0.2003381 
1 836 1863.0661621 6218.5834961 0.2003382 
1 837 1862.3309326 6221.3876953 0.2004251 
1 838 1861.4409180 6224.2783203 0.2004409 
1 839 1860.4326172 6227.1137695 0.2004481 
1 840 1859.4118652 6230.0903320 0.2004183 
1 841 1858.5533447 6233.1840820 0.2004080 
1 842 1857.5854492 6236.3583984 0.2003669 
1 843 1856.6433105 6239.5312500 0.2004263 
1 844 1855.7749023 6242.5463867 0.2004149 
1 845 1854.8583984 6245.6376953 0.2004074 
1 846 1853.9057617 6248.8027344 0.2004107 
1 847 1853.9057617 6248.8027344 0.2004107 
1 848 1852.9763184 6251.8984375 0.2004011 
1 849 1852.1119385 6254.9501953 0.2004663 
1 850 1851.2315674 6258.0527344 0.2004514 
1 851 1850.3361816 6261.1992188 0.2004501 
1 852 1849.5031738 6264.2182617 0.2004545 
1 853 1848.5769043 6267.3393555 0.2004583 
1 854 1847.6403809 6270.4487305 0.2004572 
1 855 1846.8623047 6273.6835938 0.2004222 
1 856 1846.0716553 6276.8007812 0.2004453 
1 857 1845.4595947 6280.1406250 0.2004527 
1 858 1844.5733643 6283.3789062 0.2004569 
1 859 1843.8164062 6286.5400391 0.2004370 
1 860 1843.0950928 6289.7187500 0.2004568 
1 861 1842.2077637 6292.9130859 0.2004666 
1 862 1841.2919922 6296.0815430 0.2004752 
1 863 1840.4071045 6299.2314453 0.2004783 
1 864 1839.2657471 6302.4794922 0.2004048 
1 865 1838.2402344 6305.5898438 0.2004008 
1 866 1837.3594971 6308.7480469 0.2005239 
1 867 1836.3764648 6311.9326172 0.2005073 
1 868 1835.5236816 6315.2001953 0.2004971 
1 869 1834.7169189 6318.5668945 0.2004933 
1 870 1833.8186035 6321.8544922 0.2004844 
1 871 1832.9951172 6325.1655273 0.2004789 
1 872 1832.9951172 6325.1655273 0.2004789 
1 873 1832.1770020 6328.4956055 0.2004935 
1 874 1831.6093750 6331.8413086 0.2005453 
1 875 1830.8630371 6335.0981445 0.2005591 
1 876 1830.0384521 6338.4716797 0.2005779 
1 877 1829.3161621 6341.8066406 0.2005921 
1 878 1828.4373779 6345.2675781 0.2005833 
1 879 1827.5063477 6348.7646484 0.2005876 
1 880 1826.6884766 6352.2207031 0.2005828 
1 881 1825.8203125 6355.7617188 0.2006063 
1 882 1824.8222656 6359.4619141 0.2006073 
1 883 1823.9133301 6363.1879883 0.2005970 
1 884 1823.0905762 6366.9682617 0.2005921 
1 885 1822.2130127 6370.7207031 0.2005992 
1 886 1821.3598633 6374.4472656 0.2005981 
1 887 1820.5202637 6378.1679688 0.2006054 
1 888 1819.3627930 6381.8457031 0.2006175 
1 889 1818.0856934 6385.3193359 0.2006053 
1 890 1816.9652100 6388.7490234 0.2005928 
1 891 1816.0596924 6392.1142578 0.2005683 
1 892 1815.2235107 6395.7197266 0.2005640 
1 893 1814.3867188 6399.3154297 0.2005868 
1 894 1813.5654297 6402.9843750 0.2005777 
1 895 1812.5096436 6406.5712891 0.2005913 
1 896 1811.3430176 6410.1440430 0.2006016 
1 897 1811.3430176 6410.1440430 0.2006016 
1 898 1810.1844482 6413.8203125 0.2005761 
1 899 1809.1127930 6417.5947266 0.2005829 
1 900 1807.7539062 6421.4086914 0.2005981 
1 901 1805.8732910 6425.0927734 0.2006122 
1 902 1804.0294189 6428.7329102 0.2005855 
1 903 1802.5566406 6432.4404297 0.2005747 
1 904 1801.1105957 6436.4179688 0.2005126 
1 905 1799.5546875 6440.7236328 0.2005117 
1 906 1797.7707520 6445.0986328 0.2005254 
1 907 1795.7395020 6449.7387695 0.2004945 
1 908 1794.0566406 6454.3647461 0.2004877 
1 909 1792.1914062 6459.0957031 0.2004873 
1 910 1790.4133301 6463.8085938 0.2004718 
1 911 1788.5919189 6468.2905273 0.2004889 
1 912 1786.4597168 6472.1992188 0.2005035 
1 913 1784.1721191 6475.5493164 0.2004972 
1 914 1781.8574219 6478.7055664 0.2005458 
1 915 1779.5001221 6481.5927734 0.2005606 
1 916 1777.0080566 6484.4331055 0.2005698 
1 917 1774.2578125 6487.2216797 0.2005657 
1 918 1771.3518066 6489.7539062 0.2005604 
1 919 1768.5622559 6492.3232422 0.2005402 
1 920 1765.7562256 6495.0097656 0.2005300 
1 921 1762.6978760 6497.2241211 0.2006182 
1 922 1762.6978760 6497.2241211 0.2006182 
1 923 1759.6767578 6499.5659180 0.2006180 
1 924 1756.4617920 6501.6948242 0.2006146 
1 925 1753.4241943 6503.6938477 0.2005956 
1 926 1750.4465332 6505.7763672 0.2005789 
1 927 1747.5018311 6507.7421875 0.2006171 
1 928 1744.5300293 6509.7905273 0.2006071 
1 929 1741.5167236 6511.8193359 0.2006616 
1 930 1738.1579590 6513.8178711 0.2006727 
1 931 1734.7719727 6515.7910156 0.2006318 
1 932 1731.8072510 6517.6445312 0.2006585 
1 933 1729.1000977 6519.6708984 0.2006494 
1 934 1726.4277344 6521.6337891 0.2006482 
1 935 1723.9523926 6523.6352539 0.2006412 
1 936 1721.5313721 6525.5507812 0.2006229 
1 937 1719.3723145 6527.4438477 0.2005872 
1 938 1717.3216553 6529.4995117 0.2005783 
1 939 1715.4033203 6531.6040039 0.2005793 
1 940 1713.6418457 6533.7958984 0.2005527 
1 941 1712.1531982 6536.1435547 0.2005138 
1 942 1710.7971191 6538.7006836 0.2005073 
1 943 1709.3775635 6541.2314453 0.2005233 
1 944 1707.8892822 6543.9589844 0.2005199 
1 945 1706.2993164 6546.7700195 0.2005080 
1 946 1705.6085205 6549.6230469 0.2004606 
1 947 1705.6085205 6549.6230469 0.2004606 
1 948 1704.5712891 6552.7548828 0.2004838 
1 949 1703.6070557 6555.9921875 0.2004458 
1 950 1702.7886963 6559.1591797 0.2004699 
1 951 1702.2407227 6562.1015625 0.2004513 
1 952 1701.5646973 6565.1357422 0.2004631 
1 953 1700.8441162 6568.1469727 0.2004582 
1 954 1700.5426025 6571.1791992 0.2004371 
1 955 1699.7976074 6573.7031250 0.2004829 
1 956 1699.9250488 6575.6279297 0.2004959 
1 957 1700.1976318 6577.1748047 0.2005185 
1 958 1700.1137695 6578.7148438 0.2005503 
1 959 1699.5297852 6579.7778320 0.2005943 
1 960 1699.0981445 6580.8593750 0.2005519 
1 961 1699.1871338 6581.9863281 0.2005324 
1 962 1699.2714844 6582.8901367 0.2005521 
1 963 1699.6022949 6583.9316406 0.2004981 
1 964 1699.6458740 6584.9648438 0.2005310 
1 965 1699.6209717 6585.6323242 0.2005566 
1 966 1699.4031982 6586.1210938 0.2005573 
1 967 1699.2747803 6586.6064453 0.2005288 
1 968 1699.1630859 6587.1459961 0.2005404 
1 969 1699.1522217 6587.6948242 0.2005454 
1 970 1699.1424561 6588.1230469 0.2005516 
1 971 1699.1203613 6588.6250000 0.2005361 
1 972 1699.1203613 6588.6250000 0.2005361 
1 973 1699.0931396 6589.1035156 0.2005318 
1 974 1699.0126953 6589.4716797 0.2005415 
1 975 1698.9680176 6589.8686523 0.2005302 
1 976 1698.9206543 6590.2812500 0.2005416 
1 977 1698.8250732 6590.7954102 0.2005199 
1 978 1698.7208252 6591.3642578 0.2005198 
1 979 1698.6146240 6591.9877930 0.2005187 
1 980 1698.5069580 6592.6308594 0.2005393 
1 981 1698.3769531 6593.2431641 0.2005282 
1 982 1698.2236328 6593.9951172 0.2005217 
1 983 1698.1049805 6594.7436523 0.2005169 
1 984 1697.9575195 6595.5400391 0.2005191 
1 985 1697.6950684 6596.2275391 0.2005625 
1 986 1697.5457764 6597.0532227 0.2005474 
1 987 1697.0679932 6597.8393555 0.2005337 
1 988 1696.8149414 6598.6093750 0.2005427 
1 989 1696.9118652 6599.5957031 0.2004980 
1 990 1696.5437012 6600.6318359 0.2005411 
1 991 1695.9971924 6601.6708984 0.2005360 
1 992 1695.5554199 6602.6796875 0.2005119 
1 993 1694.5787354 6604.1406250 0.2005677 
1 994 1693.9390869 6605.3413086 0.2005704 
1 995 1693.0627441 6606.7685547 0.2005700 
1 996 1692.3187256 6607.9584961 0.2005869 
1 997 1692.3187256 6607.9584961 0.2005869 
1 998 1691.5102539 6609.1171875 0.2005979 
1 999 1690.4677734 6610.2856445 0.2005903 
1 1000 1689.5874023 6611.3476562 0.2005842 
1 1001 1688.5888672 6612.4858398 0.2006038 
1 1002 1687.4781494 6613.8183594 0.2006067 
1 1003 1686.1317139 6615.0761719 0.2006713 
1 1004 1685.0340576 6616.4453125 0.2006677 
1 1005 1683.9062500 6617.9438477 0.2006431 
1 1006 1682.6169434 6619.5595703 0.2006351 
1 1007 1681.2481689 6621.1367188 0.2006423 
1 1008 1679.7349854 6622.5859375 0.2006359 
1 1009 1677.9559326 6623.9916992 0.2006631 
1 1010 1676.1875000 6625.3461914 0.2006616 
1 1011 1674.5761719 6626.8427734 0.2006541 
1 1012 1673.1024170 6628.4204102 0.2006457 
1 1013 1671.3454590 6629.8876953 0.2006424 
1 1014 1669.4868164 6631.4082031 0.2006066 
1 1015 1667.3692627 6632.6796875 0.2006045 
1 1016 1665.2650146 6634.1220703 0.2005879 
1 1016 1665.2650146 6634.1220703 0.2005879 
