1 2 2819 368 0.2012772 
1 3 2819 368 0.2011418 
1 4 2819 368 0.2011215 
1 5 2819 368 0.2011293 
1 6 2819 368 0.2011388 
1 7 2819 368 0.2011494 
1 8 2819 368 0.2011515 
1 9 2819 368 0.2011548 
1 10 2819 368 0.2011517 
1 11 2819 368 0.2011544 
1 12 2819 368 0.2011531 
1 13 2819 368 0.2011622 
1 14 2819 368 0.2011499 
1 15 2819 368 0.2011489 
1 16 2819 368 0.2011349 
1 17 2819 367 0.2011257 
1 18 2819 367 0.2011251 
1 19 2819 367 0.2011030 
1 20 2819 366 0.2011051 
1 21 2819 366 0.2011079 
1 22 2819 365 0.2011069 
1 23 2819 365 0.2011050 
1 24 2819 364 0.2011055 
1 25 2819 363 0.2011025 
1 26 2819 363 0.2011025 
1 27 2819 363 0.2011178 
1 28 2819 362 0.2011240 
1 29 2819 362 0.2011447 
1 30 2819 361 0.2011414 
1 31 2819 361 0.2011387 
1 32 2819 360 0.2011615 
1 33 2819 360 0.2011644 
1 34 2819 359 0.2011593 
1 35 2819 359 0.2011590 
1 36 2819 359 0.2011664 
1 37 2819 358 0.2011856 
1 38 2819 358 0.2012038 
1 39 2819 357 0.2011892 
1 40 2819 357 0.2011880 
1 41 2819 357 0.2011462 
1 42 2819 356 0.2011354 
1 43 2819 356 0.2011508 
1 44 2819 356 0.2011611 
1 45 2819 356 0.2011908 
1 46 2819 355 0.2013077 
1 47 2819 355 0.2013746 
1 48 2819 355 0.2013364 
1 49 2819 355 0.2012973 
1 50 2819 355 0.2013129 
1 51 2819 355 0.2013129 
1 52 2819 355 0.2013027 
1 53 2819 355 0.2013019 
1 54 2819 355 0.2012760 
1 55 2819 355 0.2012175 
1 56 2819 355 0.2011915 
1 57 2819 355 0.2011479 
1 58 2819 355 0.2011148 
1 59 2819 355 0.2010893 
1 60 2819 355 0.2010782 
1 61 2819 355 0.2010549 
1 62 2819 355 0.2010463 
1 63 2819 355 0.2010047 
1 64 2819 355 0.2009685 
1 65 2819 355 0.2009691 
1 66 2819 355 0.2009360 
1 67 2819 355 0.2009492 
1 68 2819 355 0.2008816 
1 69 2819 355 0.2008578 
1 70 2819 355 0.2009176 
1 71 2819 355 0.2009537 
1 72 2819 355 0.2011818 
1 73 2819 355 0.2011976 
1 74 2819 355 0.2011756 
1 75 2819 355 0.2011492 
1 76 2819 355 0.2011492 
1 77 2819 355 0.2011485 
1 78 2819 355 0.2011442 
1 79 2819 355 0.2012016 
1 80 2819 355 0.2013655 
1 81 2818 355 0.2014843 
1 82 2818 355 0.2013526 
1 83 2818 354 0.2012976 
1 84 2817 354 0.2012205 
1 85 2817 354 0.2010996 
1 86 2817 354 0.2009948 
1 87 2817 354 0.2009196 
1 88 2816 354 0.2008421 
1 89 2816 354 0.2008437 
1 90 2816 354 0.2008025 
1 91 2816 354 0.2007322 
1 92 2815 354 0.2007007 
1 93 2815 354 0.2006005 
1 94 2815 354 0.2005031 
1 95 2814 354 0.2004209 
1 96 2814 354 0.2003208 
1 97 2814 354 0.2002474 
1 98 2813 354 0.2002096 
1 99 2813 354 0.2000990 
1 100 2812 354 0.2000376 
1 101 2812 354 0.2000354 
1 102 2812 354 0.2000252 
1 103 2811 354 0.2000000 
1 104 2811 354 0.2000069 
1 105 2811 354 0.2000095 
1 106 2810 354 0.2000344 
1 107 2810 354 0.2000376 
1 108 2810 354 0.2000470 
1 109 2810 354 0.2000799 
1 110 2810 354 0.2000799 
1 111 2809 354 0.2001246 
1 112 2809 354 0.2001553 
1 113 2809 354 0.2001854 
1 114 2809 354 0.2002004 
1 115 2809 354 0.2002366 
1 116 2808 354 0.2002967 
1 117 2808 354 0.2003426 
1 118 2808 354 0.2003729 
1 119 2808 354 0.2003885 
1 120 2808 354 0.2003897 
1 121 2808 354 0.2004260 
1 122 2808 354 0.2004643 
1 123 2809 354 0.2004959 
1 124 2809 354 0.2005304 
1 125 2809 354 0.2005728 
1 126 2809 354 0.2005728 
1 127 2809 354 0.2006198 
1 128 2809 354 0.2006405 
1 129 2809 354 0.2006935 
1 130 2810 354 0.2007570 
1 131 2810 354 0.2008162 
1 132 2810 354 0.2008203 
1 133 2810 354 0.2008281 
1 134 2811 354 0.2009030 
1 135 2811 354 0.2009991 
1 136 2811 354 0.2010649 
1 137 2812 354 0.2011308 
1 138 2812 354 0.2011551 
1 139 2812 354 0.2011974 
1 140 2812 354 0.2012438 
1 141 2812 354 0.2012618 
1 142 2813 354 0.2012652 
1 143 2813 354 0.2012703 
1 144 2813 354 0.2013056 
1 145 2813 354 0.2013541 
1 146 2813 354 0.2014301 
1 147 2813 354 0.2014560 
1 148 2813 354 0.2015088 
1 149 2813 354 0.2015582 
1 150 2814 354 0.2016164 
1 151 2814 354 0.2016164 
1 152 2814 354 0.2016935 
1 153 2814 354 0.2018023 
1 154 2814 354 0.2018957 
1 155 2814 354 0.2015763 
1 156 2815 354 0.2015693 
1 157 2815 354 0.2015229 
1 158 2815 354 0.2015980 
1 159 2815 354 0.2016277 
1 160 2815 354 0.2017482 
1 161 2816 354 0.2018016 
1 162 2816 354 0.2018517 
1 163 2816 354 0.2018751 
1 164 2816 354 0.2019555 
1 165 2817 354 0.2020531 
1 166 2817 354 0.2021594 
1 167 2817 354 0.2022890 
1 168 2817 354 0.2024291 
1 169 2818 354 0.2025635 
1 170 2818 354 0.2026538 
1 171 2818 354 0.2024162 
1 172 2819 354 0.2022673 
1 173 2819 354 0.2025607 
1 174 2819 354 0.2028434 
1 175 2819 354 0.2030231 
1 176 2819 354 0.2030231 
1 177 2820 354 0.2018854 
1 178 2820 354 0.2018957 
1 179 2820 354 0.2018684 
1 180 2820 354 0.2018504 
1 181 2821 354 0.2018641 
1 182 2821 354 0.2018695 
1 183 2821 354 0.2018843 
1 184 2821 354 0.2018739 
1 185 2822 354 0.2018848 
1 186 2822 354 0.2018909 
1 187 2822 354 0.2018991 
1 188 2823 354 0.2019082 
1 189 2823 354 0.2019179 
1 190 2823 354 0.2019083 
1 191 2824 354 0.2019320 
1 192 2824 354 0.2019486 
1 193 2824 354 0.2019674 
1 194 2825 354 0.2019880 
1 195 2825 354 0.2020039 
1 196 2825 354 0.2020315 
1 197 2826 354 0.2020495 
1 198 2826 354 0.2020785 
1 199 2827 354 0.2020994 
1 200 2827 354 0.2021274 
1 201 2827 354 0.2021273 
1 202 2828 354 0.2020989 
1 203 2828 354 0.2021281 
1 204 2829 354 0.2021576 
1 205 2830 354 0.2021767 
1 206 2830 354 0.2021900 
1 207 2831 354 0.2022123 
1 208 2832 354 0.2022313 
1 209 2832 354 0.2022382 
1 210 2833 354 0.2022287 
1 211 2833 354 0.2022403 
1 212 2834 354 0.2022573 
1 213 2834 354 0.2022728 
1 214 2835 354 0.2022653 
1 215 2835 354 0.2022986 
1 216 2835 354 0.2022480 
1 217 2836 354 0.2022518 
1 218 2836 354 0.2022889 
1 219 2837 354 0.2023145 
1 220 2837 354 0.2023428 
1 221 2838 354 0.2023764 
1 222 2838 354 0.2024056 
1 223 2839 354 0.2024172 
1 224 2839 354 0.2024521 
1 225 2840 354 0.2024624 
1 226 2840 354 0.2024624 
1 227 2840 354 0.2024791 
1 228 2841 354 0.2024070 
1 229 2841 354 0.2023027 
1 230 2841 354 0.2023719 
1 231 2842 354 0.2024173 
1 232 2842 354 0.2024436 
1 233 2843 354 0.2023131 
1 234 2843 354 0.2023469 
1 235 2843 354 0.2023688 
1 236 2844 354 0.2023571 
1 237 2844 354 0.2023575 
1 238 2845 354 0.2023571 
1 239 2845 354 0.2023707 
1 240 2846 354 0.2023410 
1 241 2846 354 0.2023636 
1 242 2846 354 0.2023686 
1 243 2847 354 0.2023900 
1 244 2847 354 0.2024320 
1 245 2847 354 0.2024258 
1 246 2848 354 0.2024547 
1 247 2848 354 0.2024881 
1 248 2848 354 0.2025116 
1 249 2849 354 0.2025603 
1 250 2849 354 0.2025937 
1 251 2849 354 0.2025917 
1 252 2850 354 0.2026118 
1 253 2850 354 0.2026476 
1 254 2851 354 0.2025909 
1 255 2851 354 0.2025610 
1 256 2851 354 0.2025398 
1 257 2852 354 0.2024204 
1 258 2852 354 0.2024052 
1 259 2853 354 0.2025137 
1 260 2853 354 0.2025510 
1 261 2853 354 0.2024297 
1 262 2854 354 0.2024345 
1 263 2854 354 0.2024447 
1 264 2854 354 0.2024397 
1 265 2855 354 0.2024425 
1 266 2855 354 0.2024351 
1 267 2855 354 0.2024364 
1 268 2856 354 0.2024436 
1 269 2856 354 0.2024612 
1 270 2856 354 0.2024740 
1 271 2857 354 0.2024972 
1 272 2857 354 0.2025173 
1 273 2857 354 0.2025237 
1 274 2858 354 0.2025375 
1 275 2858 354 0.2025537 
1 276 2858 354 0.2025537 
1 277 2858 354 0.2025501 
1 278 2859 354 0.2025657 
1 279 2859 354 0.2025688 
1 280 2860 354 0.2025763 
1 281 2860 354 0.2025800 
1 282 2860 354 0.2025963 
1 283 2861 354 0.2026226 
1 284 2861 354 0.2026454 
1 285 2862 354 0.2026551 
1 286 2862 354 0.2026737 
1 287 2863 354 0.2026895 
1 288 2863 354 0.2027151 
1 289 2864 354 0.2027289 
1 290 2865 354 0.2027505 
1 291 2865 354 0.2027655 
1 292 2866 354 0.2027799 
1 293 2866 354 0.2028112 
1 294 2867 354 0.2028518 
1 295 2868 354 0.2028774 
1 296 2869 354 0.2029002 
1 297 2869 354 0.2029154 
1 298 2870 354 0.2029407 
1 299 2870 354 0.2029537 
1 300 2871 355 0.2029881 
1 301 2871 355 0.2029881 
1 302 2872 355 0.2030019 
1 303 2873 355 0.2030066 
1 304 2873 355 0.2030127 
1 305 2874 355 0.2030535 
1 306 2875 355 0.2030686 
1 307 2875 355 0.2030863 
1 308 2876 355 0.2030855 
1 309 2877 355 0.2030209 
1 310 2877 354 0.2030484 
1 311 2878 354 0.2030874 
1 312 2878 355 0.2031269 
1 313 2878 354 0.2031514 
1 314 2879 355 0.2031831 
1 315 2879 354 0.2032156 
1 316 2880 355 0.2032109 
1 317 2880 355 0.2032387 
1 318 2881 355 0.2032559 
1 319 2881 355 0.2032968 
1 320 2882 355 0.2033049 
1 321 2883 355 0.2033319 
1 322 2884 355 0.2033536 
1 323 2884 355 0.2033691 
1 324 2885 355 0.2033897 
1 325 2886 355 0.2034134 
1 326 2886 355 0.2034134 
1 327 2886 355 0.2033303 
1 328 2887 355 0.2032509 
1 329 2888 355 0.2032356 
1 330 2888 355 0.2032317 
1 331 2889 355 0.2032629 
1 332 2889 355 0.2032722 
1 333 2890 355 0.2032897 
1 334 2890 355 0.2033056 
1 335 2890 355 0.2033390 
1 336 2891 355 0.2033624 
1 337 2891 355 0.2034153 
1 338 2891 355 0.2034745 
1 339 2891 355 0.2035002 
1 340 2892 355 0.2035413 
1 341 2892 355 0.2035903 
1 342 2892 355 0.2036297 
1 343 2893 355 0.2036564 
1 344 2893 355 0.2036956 
1 345 2893 355 0.2037572 
1 346 2894 355 0.2038587 
1 347 2894 355 0.2038576 
1 348 2894 355 0.2038844 
1 349 2895 355 0.2039769 
1 350 2895 355 0.2040832 
1 351 2895 355 0.2040820 
1 352 2895 355 0.2040605 
1 353 2896 355 0.2041883 
1 354 2896 355 0.2042577 
1 355 2897 355 0.2043094 
1 356 2897 355 0.2043761 
1 357 2897 355 0.2044244 
1 358 2897 355 0.2042731 
1 359 2898 355 0.2042101 
1 360 2898 355 0.2042583 
1 361 2898 355 0.2042834 
1 362 2899 355 0.2043008 
1 363 2899 355 0.2043859 
1 364 2899 355 0.2044290 
1 365 2900 355 0.2044715 
1 366 2900 355 0.2045129 
1 367 2901 355 0.2045380 
1 368 2901 355 0.2045960 
1 369 2901 355 0.2046586 
1 370 2902 355 0.2046942 
1 371 2902 355 0.2047664 
1 372 2902 355 0.2047922 
1 373 2903 355 0.2048465 
1 374 2903 355 0.2049252 
1 375 2903 355 0.2049532 
1 376 2903 355 0.2049532 
1 377 2904 355 0.2049584 
1 378 2904 355 0.2049852 
1 379 2904 355 0.2050032 
1 380 2904 355 0.2050042 
1 381 2905 355 0.2050555 
1 382 2905 355 0.2050445 
1 383 2905 355 0.2050721 
1 384 2906 355 0.2051004 
1 385 2906 355 0.2051121 
1 386 2906 355 0.2051484 
1 387 2907 355 0.2051948 
1 388 2907 355 0.2052334 
1 389 2907 355 0.2052098 
1 390 2907 355 0.2052614 
1 391 2908 355 0.2052938 
1 392 2908 355 0.2052870 
1 393 2908 355 0.2052932 
1 394 2908 355 0.2053173 
1 395 2909 355 0.2053265 
1 396 2909 355 0.2053330 
1 397 2909 355 0.2053320 
1 398 2910 355 0.2053791 
1 399 2910 355 0.2053328 
1 400 2910 355 0.2053473 
1 401 2910 355 0.2053473 
1 402 2911 355 0.2053699 
1 403 2911 355 0.2053743 
1 404 2912 355 0.2053865 
1 405 2912 355 0.2054756 
1 406 2912 355 0.2055764 
1 407 2913 355 0.2057003 
1 408 2913 355 0.2058634 
1 409 2913 355 0.2060807 
1 410 2914 355 0.2062324 
1 411 2914 355 0.2064192 
1 412 2915 355 0.2065025 
1 413 2916 355 0.2052081 
1 414 2916 355 0.2051754 
1 415 2916 355 0.2051795 
1 416 2917 355 0.2051570 
1 417 2917 355 0.2051968 
1 418 2917 355 0.2051907 
1 419 2918 355 0.2051901 
1 420 2918 355 0.2052531 
1 421 2918 355 0.2052705 
1 422 2919 355 0.2052978 
1 423 2919 355 0.2053087 
1 424 2920 355 0.2053261 
1 425 2920 355 0.2053044 
1 426 2920 355 0.2053072 
1 427 2920 355 0.2053404 
1 428 2921 355 0.2053370 
1 429 2921 355 0.2053986 
1 430 2922 355 0.2053559 
1 431 2922 355 0.2053805 
1 432 2922 355 0.2053896 
1 433 2923 355 0.2054069 
1 434 2923 355 0.2054345 
1 435 2924 355 0.2054421 
1 436 2924 355 0.2054529 
1 437 2925 355 0.2054566 
1 438 2925 356 0.2054856 
1 439 2925 356 0.2055018 
1 440 2926 356 0.2055121 
1 441 2926 356 0.2055311 
1 442 2926 356 0.2055499 
1 443 2927 356 0.2055664 
1 444 2927 356 0.2054809 
1 445 2927 356 0.2055157 
1 446 2927 356 0.2054935 
1 447 2928 356 0.2054909 
1 448 2928 356 0.2055186 
1 449 2928 356 0.2055498 
1 450 2928 356 0.2055674 
1 451 2928 356 0.2055674 
1 452 2928 356 0.2055884 
1 453 2928 356 0.2056286 
1 454 2929 356 0.2056937 
1 455 2929 356 0.2057383 
1 456 2929 356 0.2057520 
1 457 2929 355 0.2057746 
1 458 2929 355 0.2057350 
1 459 2929 355 0.2057996 
1 460 2929 355 0.2058354 
1 461 2929 355 0.2057390 
1 462 2930 355 0.2058053 
1 463 2930 355 0.2057829 
1 464 2930 355 0.2057711 
1 465 2930 355 0.2057706 
1 466 2930 355 0.2058308 
1 467 2930 355 0.2057555 
1 468 2930 355 0.2057742 
1 469 2930 355 0.2057755 
1 470 2931 355 0.2057916 
1 471 2931 355 0.2057776 
1 472 2931 355 0.2057686 
1 473 2931 355 0.2057517 
1 474 2931 355 0.2057661 
1 475 2931 355 0.2057705 
1 476 2931 355 0.2057685 
1 477 2931 355 0.2057701 
1 478 2931 355 0.2057793 
1 479 2931 355 0.2057337 
1 480 2931 355 0.2057270 
1 481 2932 355 0.2057145 
1 482 2932 355 0.2057060 
1 483 2932 355 0.2056902 
1 484 2932 355 0.2057240 
1 485 2932 355 0.2057412 
1 486 2932 355 0.2057934 
1 487 2932 355 0.2058246 
1 488 2932 355 0.2058242 
1 489 2932 355 0.2058252 
1 490 2932 355 0.2058268 
1 491 2932 355 0.2058326 
1 492 2932 355 0.2058372 
1 493 2932 355 0.2057924 
1 494 2932 355 0.2057788 
1 495 2932 355 0.2057428 
1 496 2932 355 0.2057405 
1 497 2932 355 0.2057320 
1 498 2932 355 0.2057312 
1 499 2932 354 0.2057059 
1 500 2932 354 0.2057014 
1 501 2932 354 0.2056886 
1 502 2932 354 0.2056896 
1 503 2932 354 0.2056935 
1 504 2932 354 0.2056947 
1 505 2932 354 0.2056923 
1 506 2932 354 0.2057057 
1 507 2932 354 0.2056925 
1 508 2932 354 0.2056959 
1 509 2932 354 0.2056945 
1 510 2932 354 0.2056967 
1 511 2932 354 0.2056959 
1 512 2932 354 0.2057076 
1 513 2932 354 0.2057204 
1 514 2932 354 0.2057362 
1 515 2932 354 0.2057515 
1 516 2932 354 0.2057657 
1 517 2932 354 0.2057760 
1 518 2932 354 0.2057784 
1 519 2932 354 0.2057720 
1 520 2932 354 0.2057949 
1 521 2932 354 0.2057969 
1 522 2932 354 0.2058055 
1 523 2932 354 0.2058188 
1 524 2932 354 0.2057969 
1 525 2932 354 0.2057893 
1 526 2932 354 0.2057828 
1 527 2932 354 0.2057747 
1 528 2932 354 0.2057821 
1 529 2932 354 0.2057902 
1 530 2932 354 0.2057811 
1 531 2932 354 0.2057872 
1 532 2932 354 0.2057862 
1 533 2932 354 0.2057699 
1 534 2932 354 0.2057549 
1 535 2932 354 0.2057485 
1 536 2933 354 0.2057331 
1 537 2933 354 0.2057362 
1 538 2933 354 0.2057373 
1 539 2933 354 0.2057433 
1 540 2933 355 0.2057594 
1 541 2934 355 0.2057258 
1 542 2934 355 0.2057002 
1 543 2935 355 0.2056939 
1 544 2935 355 0.2057070 
1 545 2936 355 0.2057118 
1 546 2936 355 0.2057352 
1 547 2936 355 0.2057472 
1 548 2937 355 0.2057390 
1 549 2937 355 0.2057522 
1 550 2937 355 0.2057422 
1 551 2937 355 0.2057440 
1 552 2937 355 0.2057410 
1 553 2937 355 0.2057539 
1 554 2937 355 0.2057309 
1 555 2938 355 0.2057504 
1 556 2938 355 0.2057695 
1 557 2938 355 0.2057814 
1 558 2938 355 0.2057687 
1 559 2938 355 0.2057552 
1 560 2938 355 0.2057598 
1 561 2939 355 0.2057606 
1 562 2939 355 0.2057593 
1 563 2939 355 0.2057627 
1 564 2939 355 0.2057651 
1 565 2940 355 0.2057612 
1 566 2940 355 0.2057664 
1 567 2941 355 0.2057402 
1 568 2941 355 0.2057382 
1 569 2941 355 0.2057664 
1 570 2942 355 0.2057665 
1 571 2942 355 0.2057808 
1 572 2943 355 0.2057808 
1 573 2943 355 0.2057791 
1 574 2944 355 0.2057918 
1 575 2944 355 0.2058059 
1 576 2944 355 0.2058166 
1 577 2944 355 0.2058306 
1 578 2945 355 0.2058543 
1 579 2945 355 0.2058548 
1 580 2946 355 0.2058376 
1 581 2946 355 0.2058440 
1 582 2946 355 0.2058376 
1 583 2947 355 0.2058472 
1 584 2947 355 0.2058414 
1 585 2948 355 0.2058492 
1 586 2948 355 0.2058894 
1 587 2948 355 0.2059004 
1 588 2949 355 0.2059295 
1 589 2949 355 0.2059319 
1 590 2950 355 0.2059398 
1 591 2950 355 0.2059710 
1 592 2951 355 0.2059905 
1 593 2951 355 0.2060463 
1 594 2952 355 0.2060611 
1 595 2952 355 0.2060515 
1 596 2953 355 0.2060626 
1 597 2953 355 0.2060952 
1 598 2953 355 0.2061091 
1 599 2954 355 0.2061021 
1 600 2954 355 0.2060893 
1 601 2954 355 0.2060893 
1 602 2954 355 0.2062056 
1 603 2955 355 0.2061712 
1 604 2955 355 0.2061727 
1 605 2955 355 0.2061760 
1 606 2956 355 0.2061475 
1 607 2956 355 0.2061372 
1 608 2956 355 0.2061315 
1 609 2957 355 0.2061283 
1 610 2957 355 0.2061252 
1 611 2957 355 0.2061285 
1 612 2958 355 0.2061402 
1 613 2958 355 0.2061160 
1 614 2959 355 0.2061225 
1 615 2959 355 0.2061494 
1 616 2960 354 0.2061877 
1 617 2960 354 0.2062168 
1 618 2961 354 0.2062462 
1 619 2961 354 0.2062923 
1 620 2962 353 0.2063265 
1 621 2962 353 0.2063671 
1 622 2963 353 0.2064018 
1 623 2964 353 0.2064391 
1 624 2964 353 0.2064649 
1 625 2965 353 0.2064956 
1 626 2965 353 0.2064956 
1 627 2965 353 0.2065184 
1 628 2966 352 0.2065585 
1 629 2967 352 0.2065759 
1 630 2967 352 0.2065944 
1 631 2968 352 0.2065949 
1 632 2968 352 0.2065654 
1 633 2969 352 0.2065680 
1 634 2970 352 0.2065973 
1 635 2970 352 0.2066136 
1 636 2971 352 0.2066229 
1 637 2971 352 0.2066436 
1 638 2972 352 0.2066282 
1 639 2972 352 0.2066652 
1 640 2972 352 0.2066436 
1 641 2973 352 0.2066685 
1 642 2973 352 0.2067022 
1 643 2973 352 0.2066155 
1 644 2974 352 0.2066363 
1 645 2974 352 0.2066531 
1 646 2974 352 0.2066788 
1 647 2974 352 0.2066845 
1 648 2975 352 0.2066135 
1 649 2975 352 0.2066316 
1 650 2975 353 0.2066275 
1 651 2975 353 0.2066275 
1 652 2975 353 0.2065978 
1 653 2976 353 0.2065935 
1 654 2976 353 0.2065660 
1 655 2976 353 0.2065573 
1 656 2976 353 0.2065611 
1 657 2976 353 0.2065845 
1 658 2977 353 0.2065869 
1 659 2977 353 0.2066063 
1 660 2977 353 0.2066130 
1 661 2977 353 0.2066046 
1 662 2977 353 0.2066333 
1 663 2977 353 0.2066636 
1 664 2977 353 0.2066754 
1 665 2978 353 0.2066938 
1 666 2978 353 0.2067187 
1 667 2978 353 0.2067371 
1 668 2978 353 0.2067356 
1 669 2978 353 0.2067271 
1 670 2979 353 0.2067235 
1 671 2979 353 0.2067171 
1 672 2979 353 0.2067355 
1 673 2979 353 0.2067606 
1 674 2980 353 0.2067954 
1 675 2980 353 0.2068474 
1 676 2980 353 0.2068470 
1 677 2980 353 0.2069134 
1 678 2980 353 0.2069299 
1 679 2980 353 0.2069367 
1 680 2981 353 0.2069200 
1 681 2981 353 0.2068818 
1 682 2981 353 0.2068699 
1 683 2981 353 0.2068686 
1 684 2981 353 0.2068640 
1 685 2981 353 0.2068478 
1 686 2981 353 0.2068533 
1 687 2981 353 0.2068383 
1 688 2981 353 0.2068179 
1 689 2981 353 0.2068124 
1 690 2981 353 0.2068290 
1 690 2981 353 0.2068290 
