1 2 2584 229 0.8036230 
1 3 2584 229 0.8035136 
1 4 2584 229 0.8035620 
1 5 2584 229 0.8035620 
1 6 2584 229 0.8035412 
1 7 2584 229 0.8034928 
1 8 2584 229 0.8035144 
1 9 2584 229 0.8034864 
1 10 2584 228 0.8034218 
1 11 2585 229 0.8034168 
1 12 2585 228 0.8034518 
1 13 2585 228 0.8034230 
1 14 2585 229 0.8034340 
1 15 2585 229 0.8034618 
1 16 2585 229 0.8034595 
1 17 2585 229 0.8034763 
1 18 2585 229 0.8034259 
1 19 2586 229 0.8034338 
1 20 2586 229 0.8033873 
1 21 2586 229 0.8034111 
1 22 2586 229 0.8034106 
1 23 2586 229 0.8034238 
1 24 2586 229 0.8034402 
1 25 2587 229 0.8034442 
1 26 2587 229 0.8035272 
1 27 2587 229 0.8034642 
1 28 2588 229 0.8034469 
1 29 2588 229 0.8034645 
1 30 2588 229 0.8034645 
1 31 2588 229 0.8033906 
1 32 2588 229 0.8033977 
1 33 2588 229 0.8034620 
1 34 2588 229 0.8034268 
1 35 2588 229 0.8034584 
1 36 2589 229 0.8035318 
1 37 2589 229 0.8034624 
1 38 2589 228 0.8034106 
1 39 2589 229 0.8034438 
1 40 2589 228 0.8035221 
1 41 2589 228 0.8034809 
1 42 2589 228 0.8034722 
1 43 2589 229 0.8034115 
1 44 2589 229 0.8034284 
1 45 2590 228 0.8034055 
1 46 2590 228 0.8034395 
1 47 2590 228 0.8034220 
1 48 2590 228 0.8035083 
1 49 2590 228 0.8035527 
1 50 2589 228 0.8036087 
1 51 2589 228 0.8036898 
1 52 2589 229 0.8036990 
1 53 2589 228 0.8037323 
1 54 2589 228 0.8036130 
1 55 2589 228 0.8036130 
1 56 2589 229 0.8036281 
1 57 2589 229 0.8034934 
1 58 2589 229 0.8035395 
1 59 2589 228 0.8036467 
1 60 2589 228 0.8036583 
1 61 2589 228 0.8037413 
1 62 2589 228 0.8037485 
1 63 2589 228 0.8038446 
1 64 2589 228 0.8038549 
1 65 2589 229 0.8038605 
1 66 2589 229 0.8038148 
1 67 2589 229 0.8037840 
1 68 2589 229 0.8038403 
1 69 2589 229 0.8037974 
1 70 2589 229 0.8036967 
1 71 2589 229 0.8037233 
1 72 2589 229 0.8038182 
1 73 2589 229 0.8038403 
1 74 2589 229 0.8039353 
1 75 2589 229 0.8040172 
1 76 2589 229 0.8040988 
1 77 2589 229 0.8040469 
1 78 2589 229 0.8040643 
1 79 2589 229 0.8040501 
1 80 2589 229 0.8040501 
1 81 2589 229 0.8040910 
1 82 2589 229 0.8041184 
1 83 2589 229 0.8040553 
1 84 2589 229 0.8040241 
1 85 2589 229 0.8041015 
1 86 2589 229 0.8040926 
1 87 2589 229 0.8041059 
1 88 2589 229 0.8040777 
1 89 2589 229 0.8041036 
1 90 2589 230 0.8040954 
1 91 2589 230 0.8040723 
1 92 2589 230 0.8040513 
1 93 2589 230 0.8040587 
1 94 2589 230 0.8039503 
1 95 2589 230 0.8039652 
1 96 2589 230 0.8039538 
1 97 2589 230 0.8039259 
1 98 2589 231 0.8039070 
1 99 2590 231 0.8038895 
1 100 2590 231 0.8038982 
1 101 2590 231 0.8037806 
1 102 2590 231 0.8038168 
1 103 2590 231 0.8038151 
1 104 2590 231 0.8037618 
1 105 2590 231 0.8037618 
1 106 2590 231 0.8037905 
1 107 2590 231 0.8037230 
1 108 2590 232 0.8036764 
1 109 2590 232 0.8036789 
1 110 2590 232 0.8037525 
1 111 2591 232 0.8037389 
1 112 2591 232 0.8037270 
1 113 2591 232 0.8037420 
1 114 2592 232 0.8037500 
1 115 2592 232 0.8037478 
1 116 2593 233 0.8037942 
1 117 2593 233 0.8037417 
1 118 2594 233 0.8037722 
1 119 2594 233 0.8037938 
1 120 2595 234 0.8037440 
1 121 2595 234 0.8036832 
1 122 2595 234 0.8037109 
1 123 2596 234 0.8037340 
1 124 2596 234 0.8037721 
1 125 2596 234 0.8038098 
1 126 2596 234 0.8036901 
1 127 2596 234 0.8036463 
1 128 2597 234 0.8035926 
1 129 2597 234 0.8035668 
1 130 2597 234 0.8035668 
1 131 2597 234 0.8036093 
1 132 2597 234 0.8036053 
1 133 2597 234 0.8035696 
1 134 2597 234 0.8036160 
1 135 2597 234 0.8036926 
1 136 2597 234 0.8036963 
1 137 2597 234 0.8036806 
1 138 2597 234 0.8037297 
1 139 2597 234 0.8036944 
1 140 2597 234 0.8036081 
1 141 2597 234 0.8035841 
1 142 2597 234 0.8035796 
1 143 2597 234 0.8036206 
1 144 2598 234 0.8035882 
1 145 2598 234 0.8035968 
1 146 2598 234 0.8035626 
1 147 2598 234 0.8035332 
1 148 2598 234 0.8035167 
1 149 2598 234 0.8035025 
1 150 2598 234 0.8034971 
1 151 2598 234 0.8034986 
1 152 2598 234 0.8034173 
1 153 2598 234 0.8033673 
1 154 2597 234 0.8033056 
1 155 2597 234 0.8033056 
1 156 2597 234 0.8024207 
1 157 2597 233 0.7987493 
1 158 2597 233 0.7987330 
1 159 2597 233 0.7780662 
1 160 2596 232 0.7626243 
1 161 2596 232 0.7456793 
1 162 2596 232 0.7250444 
1 163 2596 232 0.7059724 
1 164 2596 232 0.6849277 
1 165 2596 232 0.6673213 
1 166 2596 233 0.6476315 
1 167 2596 234 0.6267447 
1 168 2596 235 0.6020457 
1 169 2596 235 0.5758922 
1 170 2596 236 0.5498269 
1 171 2596 237 0.5260669 
1 172 2596 238 0.5047821 
1 173 2595 239 0.4852564 
1 174 2595 239 0.4666968 
1 175 2594 239 0.4478002 
1 176 2593 239 0.4325289 
1 177 2592 240 0.4177401 
1 178 2591 240 0.4035783 
1 179 2589 240 0.3901553 
1 180 2589 240 0.3901461 
1 181 2588 240 0.3769784 
1 182 2587 241 0.3640421 
1 183 2586 241 0.3507350 
1 184 2585 241 0.3370755 
1 185 2584 241 0.3233455 
1 186 2583 241 0.3097751 
1 187 2582 242 0.2978418 
1 188 2581 242 0.2860665 
1 189 2581 242 0.2749992 
1 190 2580 242 0.2652955 
1 191 2580 242 0.2564833 
1 192 2579 241 0.2490461 
1 193 2579 241 0.2423596 
1 194 2578 241 0.2361993 
1 195 2578 241 0.2315407 
1 196 2577 241 0.2275943 
1 197 2577 241 0.2236020 
1 198 2576 241 0.2200887 
1 199 2575 241 0.2171589 
1 200 2575 241 0.2147889 
1 201 2574 241 0.2123446 
1 202 2574 241 0.2099645 
1 203 2573 241 0.2078713 
1 204 2573 241 0.2056888 
1 205 2573 241 0.2056949 
1 206 2573 241 0.2047539 
1 207 2573 241 0.2028382 
1 208 2573 241 0.2015151 
1 209 2573 241 0.2013464 
1 210 2573 241 0.2005499 
1 211 2573 241 0.2004354 
1 212 2572 241 0.2004728 
1 213 2572 241 0.2005398 
1 214 2573 241 0.2005159 
1 215 2573 241 0.2005637 
1 216 2573 241 0.2005527 
1 217 2573 241 0.2005540 
1 218 2573 241 0.2005482 
1 219 2573 241 0.2005379 
1 220 2573 241 0.2005822 
1 221 2573 241 0.2006412 
1 222 2573 241 0.2006275 
1 223 2573 241 0.2006158 
1 224 2573 241 0.2006105 
1 225 2573 241 0.2006135 
1 226 2573 241 0.2007013 
1 227 2573 241 0.2006441 
1 228 2573 241 0.2006343 
1 229 2573 241 0.2006218 
1 230 2573 241 0.2006218 
1 231 2573 241 0.2005881 
1 232 2573 241 0.2005842 
1 233 2574 241 0.2005963 
1 234 2574 241 0.2005618 
1 235 2574 241 0.2004819 
1 236 2574 241 0.2004318 
1 237 2574 241 0.2004178 
1 238 2574 241 0.2004285 
1 239 2574 241 0.2004797 
1 240 2574 241 0.2004895 
1 241 2574 241 0.2004645 
1 242 2574 241 0.2003967 
1 243 2574 241 0.2003954 
1 244 2574 241 0.2004034 
1 245 2574 241 0.2004730 
1 246 2574 241 0.2005080 
1 247 2574 241 0.2005173 
1 248 2574 241 0.2004809 
1 249 2574 241 0.2004125 
1 250 2574 241 0.2004340 
1 251 2574 241 0.2004488 
1 252 2574 241 0.2004624 
1 253 2574 241 0.2004626 
1 254 2574 241 0.2004696 
1 255 2574 241 0.2004696 
1 256 2574 241 0.2004514 
1 257 2574 241 0.2004593 
1 258 2574 241 0.2005041 
1 259 2574 241 0.2005083 
1 260 2574 241 0.2005352 
1 261 2574 241 0.2005046 
1 262 2574 241 0.2004612 
1 263 2574 241 0.2004713 
1 264 2574 241 0.2004855 
1 265 2574 241 0.2004808 
1 266 2574 241 0.2004690 
1 267 2574 241 0.2004558 
1 268 2574 241 0.2004297 
1 269 2574 241 0.2004719 
1 270 2574 241 0.2004729 
1 271 2574 241 0.2005002 
1 272 2574 241 0.2005661 
1 273 2574 241 0.2005759 
1 274 2574 241 0.2005521 
1 275 2574 241 0.2005436 
1 276 2574 241 0.2005009 
1 277 2574 241 0.2004897 
1 278 2574 241 0.2004375 
1 279 2574 241 0.2004605 
1 280 2574 241 0.2004605 
1 281 2574 241 0.2004794 
1 282 2574 241 0.2005023 
1 283 2574 241 0.2005121 
1 284 2574 241 0.2005275 
1 285 2574 241 0.2005247 
1 286 2574 241 0.2004950 
1 287 2574 241 0.2004633 
1 288 2574 241 0.2004960 
1 289 2574 241 0.2004795 
1 290 2574 241 0.2005126 
1 291 2574 241 0.2004872 
1 292 2574 241 0.2004718 
1 293 2574 241 0.2004682 
1 294 2574 241 0.2004281 
1 295 2573 241 0.2003682 
1 296 2573 241 0.2003191 
1 297 2573 241 0.2002959 
1 298 2573 241 0.2002896 
1 299 2573 241 0.2002651 
1 300 2573 241 0.2003244 
1 301 2573 241 0.2000322 
1 302 2573 241 0.2000357 
1 303 2573 241 0.2000000 
1 304 2573 241 0.2001068 
1 305 2573 241 0.2001068 
1 306 2573 241 0.2001991 
1 307 2573 241 0.2002948 
1 308 2573 241 0.2003501 
1 309 2573 241 0.2004547 
1 310 2573 241 0.2005476 
1 311 2573 241 0.2006719 
1 312 2573 241 0.2008242 
1 313 2573 241 0.2009596 
1 314 2573 241 0.2010837 
1 315 2573 241 0.2012264 
1 316 2573 241 0.2014222 
1 317 2573 241 0.2015645 
1 318 2573 241 0.2016432 
1 319 2573 241 0.2016990 
1 320 2573 241 0.2017402 
1 321 2573 241 0.2017699 
1 322 2573 241 0.2017724 
1 323 2573 241 0.2018134 
1 324 2573 241 0.2018478 
1 325 2573 241 0.2018631 
1 326 2573 241 0.2018455 
1 327 2573 241 0.2018439 
1 328 2573 241 0.2018797 
1 329 2573 241 0.2018951 
1 330 2573 241 0.2018951 
1 331 2573 241 0.2019284 
1 332 2573 241 0.2019533 
1 333 2573 241 0.2019876 
1 334 2573 241 0.2019562 
1 335 2573 241 0.2019845 
1 336 2573 241 0.2019563 
1 337 2573 241 0.2019941 
1 338 2573 241 0.2020252 
1 339 2573 241 0.2020672 
1 340 2573 241 0.2020888 
1 341 2573 241 0.2020965 
1 342 2573 241 0.2020838 
1 343 2573 241 0.2020213 
1 344 2573 241 0.2019228 
1 345 2573 241 0.2018615 
1 346 2573 241 0.2018376 
1 347 2573 241 0.2018079 
1 348 2573 241 0.2017133 
1 349 2573 241 0.2015842 
1 350 2573 241 0.2015177 
1 351 2573 241 0.2015801 
1 352 2574 241 0.2014653 
1 353 2574 241 0.2013888 
1 354 2574 241 0.2013278 
1 355 2574 241 0.2013286 
1 356 2574 241 0.2012632 
1 357 2574 242 0.2010984 
1 358 2574 242 0.2010645 
1 359 2574 242 0.2009840 
1 360 2574 243 0.2009498 
1 361 2574 243 0.2009209 
1 362 2574 243 0.2009646 
1 363 2574 243 0.2010004 
1 364 2574 244 0.2010136 
1 365 2574 244 0.2010112 
1 366 2574 245 0.2010785 
1 367 2574 245 0.2010455 
1 368 2574 245 0.2010086 
1 369 2574 246 0.2009971 
1 370 2574 247 0.2010066 
1 371 2574 248 0.2010210 
1 372 2574 248 0.2009724 
1 373 2574 249 0.2009860 
1 374 2574 250 0.2009827 
1 375 2574 250 0.2009450 
1 376 2574 251 0.2009497 
1 377 2574 251 0.2009465 
1 378 2574 252 0.2009597 
1 379 2574 253 0.2009185 
1 380 2574 253 0.2009185 
1 381 2573 253 0.2009670 
1 382 2573 254 0.2009248 
1 383 2573 254 0.2009704 
1 384 2573 255 0.2009823 
1 385 2573 255 0.2010103 
1 386 2573 256 0.2010209 
1 387 2573 257 0.2009895 
1 388 2573 257 0.2009799 
1 389 2573 258 0.2009869 
1 390 2573 258 0.2009559 
1 391 2573 258 0.2009426 
1 392 2573 259 0.2009467 
1 393 2572 259 0.2009231 
1 394 2572 259 0.2009370 
1 395 2572 260 0.2009510 
1 396 2571 260 0.2009612 
1 397 2571 260 0.2009459 
1 398 2571 260 0.2009741 
1 399 2570 261 0.2009989 
1 400 2570 261 0.2010269 
1 401 2570 262 0.2010085 
1 402 2569 262 0.2010054 
1 403 2569 262 0.2009514 
1 404 2568 263 0.2009359 
1 405 2568 263 0.2009359 
1 406 2568 263 0.2009194 
1 407 2567 263 0.2009277 
1 408 2567 263 0.2009177 
1 409 2567 264 0.2009074 
1 410 2566 264 0.2009051 
1 411 2566 264 0.2009159 
1 412 2566 264 0.2009400 
1 413 2565 265 0.2009308 
1 414 2565 265 0.2009185 
1 415 2565 265 0.2009363 
1 416 2565 265 0.2009350 
1 417 2564 266 0.2009233 
1 418 2564 266 0.2009619 
1 419 2564 266 0.2009531 
1 420 2563 266 0.2009603 
1 421 2563 267 0.2009574 
1 422 2563 267 0.2009532 
1 423 2562 267 0.2009562 
1 424 2562 267 0.2009490 
1 425 2562 267 0.2009478 
1 426 2562 267 0.2009485 
1 427 2561 268 0.2009536 
1 428 2561 268 0.2009523 
1 429 2561 268 0.2009244 
1 430 2561 268 0.2009244 
1 431 2561 268 0.2009427 
1 432 2561 268 0.2009551 
1 433 2560 269 0.2009343 
1 434 2560 269 0.2009394 
1 435 2560 269 0.2009227 
1 436 2560 269 0.2009347 
1 437 2560 269 0.2009472 
1 438 2560 269 0.2009577 
1 439 2559 269 0.2009805 
1 440 2559 270 0.2010501 
1 441 2559 270 0.2010737 
1 442 2559 270 0.2010397 
1 443 2559 270 0.2010308 
1 444 2559 270 0.2010185 
1 445 2559 271 0.2010150 
1 446 2559 271 0.2010127 
1 447 2559 271 0.2010248 
1 448 2559 271 0.2010330 
1 449 2559 271 0.2010227 
1 450 2559 271 0.2010419 
1 451 2559 272 0.2010721 
1 452 2559 272 0.2010909 
1 453 2559 272 0.2011090 
1 454 2559 273 0.2010901 
1 455 2559 273 0.2010911 
1 456 2559 273 0.2010790 
1 457 2559 273 0.2010495 
1 458 2559 273 0.2010468 
1 459 2559 274 0.2010671 
1 460 2559 274 0.2010692 
1 461 2559 274 0.2010963 
1 462 2559 275 0.2010821 
1 463 2559 275 0.2010690 
1 464 2559 275 0.2010614 
1 465 2559 275 0.2010263 
1 466 2559 276 0.2010078 
1 467 2559 276 0.2010181 
1 468 2559 276 0.2010519 
1 469 2559 276 0.2010602 
1 470 2559 276 0.2010468 
1 471 2559 276 0.2010451 
1 472 2559 276 0.2010351 
1 473 2559 277 0.2010404 
1 474 2559 277 0.2010221 
1 475 2559 277 0.2010381 
1 476 2559 277 0.2010351 
1 477 2559 277 0.2010473 
1 478 2559 277 0.2010236 
1 479 2559 277 0.2010389 
1 480 2559 277 0.2010389 
1 481 2559 277 0.2010445 
1 482 2559 277 0.2010428 
1 483 2559 277 0.2010220 
1 484 2559 277 0.2010130 
1 485 2559 277 0.2010087 
1 486 2559 277 0.2010008 
1 487 2559 277 0.2010124 
1 488 2559 277 0.2009946 
1 489 2559 277 0.2009978 
1 490 2559 277 0.2009990 
1 491 2559 277 0.2010124 
1 492 2559 277 0.2010206 
1 493 2559 277 0.2010380 
1 494 2559 277 0.2010416 
1 495 2559 277 0.2010223 
1 496 2559 277 0.2010130 
1 497 2559 277 0.2010177 
1 498 2559 277 0.2010071 
1 499 2559 278 0.2010144 
1 500 2559 278 0.2010148 
1 501 2559 278 0.2010272 
1 502 2559 278 0.2010517 
1 503 2559 278 0.2010409 
1 504 2559 278 0.2010503 
1 505 2559 278 0.2010503 
1 506 2559 278 0.2010593 
1 507 2559 278 0.2010378 
1 508 2559 278 0.2010290 
1 509 2559 278 0.2010211 
1 510 2559 278 0.2010408 
1 511 2559 278 0.2010547 
1 512 2559 278 0.2010748 
1 513 2560 279 0.2010759 
1 514 2560 279 0.2010614 
1 515 2560 279 0.2010438 
1 516 2560 279 0.2010274 
1 517 2560 279 0.2010366 
1 518 2560 279 0.2010622 
1 519 2560 279 0.2010338 
1 520 2560 279 0.2010288 
1 521 2560 279 0.2010282 
1 522 2560 279 0.2010116 
1 523 2560 279 0.2010194 
1 524 2560 279 0.2010229 
1 525 2560 279 0.2009981 
1 526 2560 279 0.2010085 
1 527 2560 279 0.2010110 
1 528 2560 279 0.2010173 
1 529 2560 279 0.2010135 
1 530 2560 279 0.2010135 
1 531 2561 279 0.2010304 
1 532 2561 279 0.2010133 
1 533 2561 279 0.2010198 
1 534 2561 279 0.2010311 
1 535 2561 279 0.2010444 
1 536 2561 279 0.2010535 
1 537 2561 279 0.2010637 
1 538 2561 279 0.2010711 
1 539 2561 279 0.2010598 
1 540 2562 279 0.2010586 
1 541 2562 279 0.2010841 
1 542 2562 279 0.2010905 
1 543 2563 279 0.2010812 
1 544 2563 279 0.2010759 
1 545 2564 279 0.2010483 
1 546 2564 278 0.2010512 
1 547 2564 278 0.2010644 
1 548 2565 278 0.2011374 
1 549 2565 278 0.2011265 
1 550 2566 278 0.2011295 
1 551 2566 277 0.2010928 
1 552 2566 277 0.2010851 
1 553 2566 277 0.2011005 
1 554 2567 277 0.2011135 
1 555 2567 277 0.2011137 
1 556 2567 276 0.2010860 
1 557 2567 276 0.2011000 
1 558 2567 275 0.2011406 
1 559 2568 275 0.2011653 
1 560 2568 275 0.2011892 
1 561 2568 275 0.2012170 
1 562 2568 274 0.2012068 
1 563 2569 274 0.2012242 
1 564 2569 274 0.2012252 
1 565 2569 274 0.2012473 
1 566 2569 273 0.2012414 
1 567 2569 273 0.2012199 
1 568 2570 273 0.2011582 
1 569 2570 272 0.2011631 
1 570 2570 272 0.2011591 
1 571 2570 271 0.2011786 
1 572 2570 271 0.2011764 
1 573 2570 270 0.2012104 
1 574 2570 270 0.2012084 
1 575 2571 269 0.2012082 
1 576 2571 269 0.2012331 
1 577 2571 268 0.2012462 
1 578 2571 268 0.2012460 
1 579 2571 268 0.2012386 
1 580 2571 268 0.2012386 
1 581 2572 267 0.2012203 
1 582 2572 266 0.2013055 
1 583 2572 266 0.2013435 
1 584 2572 265 0.2013572 
1 585 2572 265 0.2013471 
1 586 2573 264 0.2013305 
1 587 2573 264 0.2013104 
1 588 2573 263 0.2013117 
1 589 2573 263 0.2013345 
1 590 2573 262 0.2013298 
1 591 2574 261 0.2013268 
1 592 2574 261 0.2013196 
1 593 2574 260 0.2014200 
1 594 2574 260 0.2014460 
1 595 2574 259 0.2014729 
1 596 2574 259 0.2014990 
1 597 2575 258 0.2014752 
1 598 2575 258 0.2014005 
1 599 2575 257 0.2013631 
1 600 2575 257 0.2012819 
1 601 2575 256 0.2012169 
1 602 2575 256 0.2012530 
1 603 2576 255 0.2012860 
1 604 2576 255 0.2012291 
1 605 2576 255 0.2012295 
1 606 2576 254 0.2011971 
1 607 2576 254 0.2011726 
1 608 2576 253 0.2011616 
1 609 2576 252 0.2011596 
1 610 2576 252 0.2011763 
1 611 2576 251 0.2011841 
1 612 2576 251 0.2011926 
1 613 2576 250 0.2012026 
1 614 2576 250 0.2012990 
1 615 2576 250 0.2012884 
1 616 2576 249 0.2013127 
1 617 2576 249 0.2017151 
1 618 2576 249 0.2018719 
1 619 2576 248 0.2019008 
1 620 2576 248 0.2019819 
1 621 2576 248 0.2019685 
1 622 2576 247 0.2021403 
1 623 2576 247 0.2020949 
1 624 2576 247 0.2020054 
1 625 2576 247 0.2019343 
1 626 2577 246 0.2019108 
1 627 2577 246 0.2019112 
1 628 2577 246 0.2018762 
1 629 2577 246 0.2018435 
1 630 2577 246 0.2018435 
1 631 2577 245 0.2017596 
1 632 2577 245 0.2017068 
1 633 2577 245 0.2016520 
1 634 2577 245 0.2015555 
1 635 2577 244 0.2015477 
1 636 2578 244 0.2015121 
1 637 2578 244 0.2015231 
1 638 2578 244 0.2014568 
1 639 2579 244 0.2014913 
1 640 2579 244 0.2014796 
1 641 2579 243 0.2015222 
1 642 2579 243 0.2015123 
1 643 2579 243 0.2016061 
1 644 2580 243 0.2016317 
1 645 2580 242 0.2016702 
1 646 2580 242 0.2016951 
1 647 2580 242 0.2016182 
1 648 2580 242 0.2016141 
1 649 2580 241 0.2014931 
1 650 2581 241 0.2014147 
1 651 2581 241 0.2014598 
1 652 2581 241 0.2013128 
1 653 2582 241 0.2012383 
1 654 2582 240 0.2011306 
1 655 2582 240 0.2011306 
1 656 2583 240 0.2009056 
1 657 2584 240 0.2008674 
1 658 2584 240 0.2008877 
1 659 2585 240 0.2008673 
1 660 2586 240 0.2009237 
1 661 2586 240 0.2008884 
1 662 2587 240 0.2009185 
1 663 2588 240 0.2009582 
1 664 2589 240 0.2009831 
1 665 2589 240 0.2009556 
1 666 2590 240 0.2009485 
1 667 2591 240 0.2008931 
1 668 2591 240 0.2008853 
1 669 2591 240 0.2009226 
1 670 2592 240 0.2009826 
1 671 2592 240 0.2009786 
1 672 2593 240 0.2010017 
1 673 2593 240 0.2009922 
1 674 2594 240 0.2010221 
1 675 2594 240 0.2010450 
1 676 2595 240 0.2010942 
1 677 2595 240 0.2010907 
1 678 2596 240 0.2011815 
1 679 2596 240 0.2012336 
1 680 2596 240 0.2012336 
1 681 2597 240 0.2013462 
1 682 2597 240 0.2014180 
1 683 2598 240 0.2015305 
1 684 2598 240 0.2015840 
1 685 2598 240 0.2016973 
1 686 2599 240 0.2018003 
1 687 2599 240 0.2018980 
1 688 2600 240 0.2019454 
1 689 2600 240 0.2019980 
1 690 2600 240 0.2020755 
1 691 2601 240 0.2021086 
1 692 2601 240 0.2021969 
1 693 2601 240 0.2022500 
1 694 2601 240 0.2023379 
1 695 2602 241 0.2023887 
1 696 2602 241 0.2023473 
1 697 2602 240 0.2022989 
1 698 2603 240 0.2021990 
1 699 2603 241 0.2022008 
1 700 2603 241 0.2019168 
1 701 2603 241 0.2019386 
1 702 2603 240 0.2017057 
1 703 2603 240 0.2017028 
1 704 2604 240 0.2016095 
1 705 2604 240 0.2016079 
1 706 2604 240 0.2017121 
1 707 2604 240 0.2018217 
1 708 2604 240 0.2018325 
1 709 2604 240 0.2019333 
1 710 2604 241 0.2019971 
1 711 2604 241 0.2019518 
1 712 2604 241 0.2019122 
1 713 2604 241 0.2019020 
1 714 2605 241 0.2018420 
1 715 2605 241 0.2017515 
1 716 2605 241 0.2017390 
1 717 2605 242 0.2017478 
1 718 2605 242 0.2017581 
1 719 2605 242 0.2017268 
1 720 2605 242 0.2016764 
1 721 2605 242 0.2016529 
1 722 2605 242 0.2015564 
1 723 2605 242 0.2015067 
1 724 2605 242 0.2014535 
1 725 2605 242 0.2014415 
1 726 2605 242 0.2014221 
1 727 2605 242 0.2013827 
1 728 2605 243 0.2013565 
1 729 2605 243 0.2012818 
1 730 2605 243 0.2012818 
1 731 2605 243 0.2012527 
1 732 2605 243 0.2012272 
1 733 2606 243 0.2012535 
1 734 2606 243 0.2012369 
1 735 2606 243 0.2012480 
1 736 2606 243 0.2012267 
1 737 2606 243 0.2011546 
1 738 2606 243 0.2011219 
1 739 2606 244 0.2011199 
1 740 2606 244 0.2011271 
1 741 2606 244 0.2010771 
1 742 2606 244 0.2010749 
1 743 2606 244 0.2010879 
1 744 2606 244 0.2011164 
1 745 2606 244 0.2012193 
1 746 2606 244 0.2012406 
1 747 2606 244 0.2012686 
1 748 2606 244 0.2012834 
1 749 2606 244 0.2012688 
1 750 2606 244 0.2012871 
1 751 2606 245 0.2013057 
1 752 2606 245 0.2012369 
1 753 2606 245 0.2012417 
1 754 2606 245 0.2011818 
1 755 2606 245 0.2011818 
1 756 2606 245 0.2011631 
1 757 2606 245 0.2011334 
1 758 2607 245 0.2011255 
1 759 2607 245 0.2011181 
1 760 2607 245 0.2011204 
1 761 2607 246 0.2011142 
1 762 2607 246 0.2011037 
1 763 2607 246 0.2010366 
1 764 2607 246 0.2010390 
1 765 2606 246 0.2010166 
1 766 2606 246 0.2009987 
1 767 2606 246 0.2010042 
1 768 2606 246 0.2010379 
1 769 2606 246 0.2010118 
1 770 2606 246 0.2009989 
1 771 2606 246 0.2009612 
1 772 2606 246 0.2009719 
1 773 2606 247 0.2009201 
1 774 2606 247 0.2010145 
1 775 2606 247 0.2010137 
1 776 2606 247 0.2010218 
1 777 2606 247 0.2010114 
1 778 2606 247 0.2010282 
1 779 2606 247 0.2010478 
1 780 2606 247 0.2010478 
1 781 2606 247 0.2010827 
1 782 2606 247 0.2011013 
1 783 2606 247 0.2011140 
1 784 2606 248 0.2011289 
1 785 2606 248 0.2011582 
1 786 2606 248 0.2011129 
1 787 2606 248 0.2012875 
1 788 2606 248 0.2013161 
1 789 2606 248 0.2013481 
1 790 2606 248 0.2012559 
1 791 2606 248 0.2012716 
1 792 2606 248 0.2013259 
1 793 2606 248 0.2013334 
1 794 2606 248 0.2013234 
1 795 2606 248 0.2013262 
1 796 2606 248 0.2013535 
1 797 2606 248 0.2013664 
1 798 2606 248 0.2013718 
1 799 2606 248 0.2013830 
1 800 2606 248 0.2013956 
1 801 2606 248 0.2013906 
1 802 2606 248 0.2014364 
1 803 2606 248 0.2014687 
1 804 2606 248 0.2013297 
1 805 2606 248 0.2013297 
1 806 2606 247 0.2013268 
1 807 2606 247 0.2013936 
1 808 2606 247 0.2015780 
1 809 2606 247 0.2017540 
1 810 2606 246 0.2020779 
1 811 2606 247 0.2023786 
1 812 2606 247 0.2025121 
1 813 2606 247 0.2023908 
1 814 2606 247 0.2023831 
1 815 2606 246 0.2023721 
1 816 2605 247 0.2018721 
1 817 2605 246 0.2019390 
1 818 2605 246 0.2019411 
1 819 2605 246 0.2015331 
1 820 2605 246 0.2006571 
1 821 2605 246 0.2006654 
1 822 2605 246 0.2008665 
1 823 2605 246 0.2010173 
1 824 2605 246 0.2011499 
1 825 2605 246 0.2012553 
1 826 2605 246 0.2013433 
1 827 2605 246 0.2015139 
1 828 2605 247 0.2016364 
1 829 2605 247 0.2017578 
1 830 2605 247 0.2017481 
1 831 2605 247 0.2018914 
1 832 2605 247 0.2020123 
1 833 2605 247 0.2021502 
1 834 2605 248 0.2022607 
1 835 2605 248 0.2024186 
1 836 2605 248 0.2025721 
1 837 2605 248 0.2027050 
1 838 2605 248 0.2028271 
1 839 2605 248 0.2029261 
1 840 2605 248 0.2030450 
1 841 2605 248 0.2031341 
1 842 2604 248 0.2032416 
1 843 2604 249 0.2033485 
1 844 2604 249 0.2034308 
1 845 2604 249 0.2035239 
1 846 2604 249 0.2036243 
1 847 2604 249 0.2036472 
1 848 2604 249 0.2037577 
1 849 2604 249 0.2038971 
1 850 2604 249 0.2040057 
1 851 2604 249 0.2040888 
1 852 2604 250 0.2042214 
1 853 2604 250 0.2043669 
1 854 2604 250 0.2045359 
1 855 2604 250 0.2045359 
1 856 2604 250 0.2047199 
1 857 2604 250 0.2049064 
1 858 2604 250 0.2052168 
1 859 2604 250 0.2054390 
1 860 2604 250 0.2061408 
1 861 2604 250 0.2064305 
1 862 2604 250 0.2064739 
1 863 2604 250 0.2069773 
1 864 2604 250 0.2077607 
1 865 2604 250 0.2083304 
1 866 2604 250 0.2084445 
1 867 2604 250 0.2086504 
1 868 2604 250 0.2090437 
1 869 2604 250 0.2087353 
1 870 2604 250 0.2089639 
1 871 2604 250 0.2092431 
1 872 2604 249 0.2093551 
1 873 2604 249 0.2094881 
1 874 2604 249 0.2097918 
1 875 2604 249 0.2100775 
1 876 2604 249 0.2103664 
1 877 2604 249 0.2107548 
1 878 2604 249 0.2111219 
1 879 2604 249 0.2119407 
1 880 2604 249 0.2119407 
1 881 2604 249 0.2126976 
1 882 2604 249 0.2131892 
1 883 2604 249 0.2138629 
1 884 2604 249 0.2139786 
1 885 2605 250 0.2109419 
1 886 2606 250 0.2091071 
1 887 2607 250 0.2092372 
1 888 2607 250 0.2093139 
1 889 2607 250 0.2095913 
1 890 2608 250 0.2085420 
1 891 2608 250 0.2085694 
1 892 2609 250 0.2085056 
1 893 2609 250 0.2084818 
1 894 2610 250 0.2085341 
1 895 2610 250 0.2085630 
1 896 2610 250 0.2084437 
1 897 2611 250 0.2086832 
1 898 2612 250 0.2089516 
1 899 2612 250 0.2091094 
1 900 2612 250 0.2093467 
1 901 2613 250 0.2096271 
1 902 2613 250 0.2097038 
1 903 2613 250 0.2097621 
1 904 2613 251 0.2097194 
1 905 2613 251 0.2097194 
1 906 2613 252 0.2095858 
1 907 2613 252 0.2094576 
1 908 2613 253 0.2093262 
1 909 2613 254 0.2091781 
1 910 2613 254 0.2090785 
1 911 2613 255 0.2090145 
1 912 2613 256 0.2090062 
1 913 2613 257 0.2089728 
1 914 2613 257 0.2090043 
1 915 2613 258 0.2091094 
1 916 2613 259 0.2092723 
1 917 2613 259 0.2094063 
1 918 2613 260 0.2095769 
1 919 2613 260 0.2097587 
1 920 2613 261 0.2098748 
1 921 2613 261 0.2099203 
1 922 2613 261 0.2099271 
1 923 2613 262 0.2099348 
1 924 2613 262 0.2099353 
1 925 2613 263 0.2099387 
1 926 2613 263 0.2099081 
1 927 2613 263 0.2098454 
1 928 2613 263 0.2097862 
1 929 2613 263 0.2097473 
1 930 2613 263 0.2097473 
1 931 2613 264 0.2097218 
1 932 2613 264 0.2096664 
1 933 2612 264 0.2095972 
1 934 2613 264 0.2095529 
1 935 2613 264 0.2094786 
1 936 2613 264 0.2094148 
1 937 2613 264 0.2093549 
1 938 2613 265 0.2092982 
1 939 2613 265 0.2092493 
1 940 2613 265 0.2092089 
1 941 2613 265 0.2091820 
1 942 2612 265 0.2091673 
1 943 2612 265 0.2091307 
1 944 2612 265 0.2091264 
1 945 2612 265 0.2091104 
1 946 2612 265 0.2091096 
1 947 2613 265 0.2091045 
1 948 2613 265 0.2090954 
1 949 2613 265 0.2090406 
1 950 2613 265 0.2089713 
1 951 2613 265 0.2089130 
1 952 2613 265 0.2088752 
1 953 2613 265 0.2088606 
1 954 2613 266 0.2088466 
1 955 2613 266 0.2088466 
1 956 2613 266 0.2088311 
1 957 2613 266 0.2088334 
1 958 2613 266 0.2088514 
1 959 2613 266 0.2089149 
1 960 2613 266 0.2089893 
1 961 2613 266 0.2090897 
1 962 2613 266 0.2092899 
1 963 2613 266 0.2094916 
1 964 2612 266 0.2097528 
1 965 2612 266 0.2092029 
1 966 2612 266 0.2092056 
1 967 2612 266 0.2092682 
1 968 2612 266 0.2092965 
1 969 2613 266 0.2093138 
1 970 2612 266 0.2093332 
1 971 2613 266 0.2093432 
1 972 2613 266 0.2093529 
1 973 2613 266 0.2093762 
1 974 2613 266 0.2093791 
1 975 2613 266 0.2093667 
1 976 2613 266 0.2094027 
1 977 2613 267 0.2094226 
1 978 2613 267 0.2093861 
1 979 2613 267 0.2094624 
1 980 2613 267 0.2094648 
1 981 2614 267 0.2094252 
1 982 2614 267 0.2094492 
1 983 2614 267 0.2095191 
1 984 2615 267 0.2094866 
1 985 2615 267 0.2095431 
1 986 2615 267 0.2096307 
1 987 2616 267 0.2096700 
1 988 2616 267 0.2097296 
1 989 2617 267 0.2096738 
1 990 2617 267 0.2097937 
1 991 2617 267 0.2098021 
1 992 2618 268 0.2098234 
1 993 2618 268 0.2098465 
1 994 2618 269 0.2098324 
1 995 2618 269 0.2098439 
1 996 2618 270 0.2098501 
1 997 2618 270 0.2098450 
1 998 2618 270 0.2098381 
1 999 2618 271 0.2098827 
1 1000 2618 271 0.2097794 
1 1001 2619 271 0.2096893 
1 1002 2619 271 0.2096085 
1 1003 2619 271 0.2096291 
1 1004 2619 271 0.2096562 
1 1005 2619 271 0.2096562 
1 1006 2619 271 0.2096359 
1 1007 2619 271 0.2096435 
1 1008 2619 271 0.2096359 
1 1009 2619 271 0.2096618 
1 1010 2619 271 0.2096597 
1 1011 2619 271 0.2096757 
1 1012 2619 272 0.2096132 
1 1013 2619 272 0.2096626 
1 1014 2619 272 0.2097048 
1 1015 2619 272 0.2097953 
1 1016 2619 272 0.2098627 
1 1017 2619 272 0.2099231 
1 1018 2619 272 0.2099666 
1 1019 2619 272 0.2100055 
1 1020 2619 272 0.2100320 
1 1021 2619 272 0.2100822 
1 1022 2619 272 0.2101015 
1 1023 2619 272 0.2101240 
1 1024 2619 272 0.2101186 
1 1025 2619 272 0.2101243 
1 1026 2619 273 0.2101264 
1 1027 2619 273 0.2101814 
1 1028 2619 273 0.2101990 
1 1029 2619 273 0.2102136 
1 1030 2619 273 0.2102136 
1 1031 2620 273 0.2102708 
1 1032 2620 273 0.2104247 
1 1033 2620 273 0.2104996 
1 1034 2620 273 0.2105049 
1 1035 2620 273 0.2103035 
1 1036 2620 273 0.2100064 
1 1037 2620 273 0.2100612 
1 1038 2620 273 0.2100074 
1 1039 2620 274 0.2099116 
1 1040 2620 274 0.2098376 
1 1041 2620 274 0.2096889 
1 1042 2620 274 0.2097489 
1 1043 2620 274 0.2096885 
1 1044 2620 274 0.2095546 
1 1045 2620 274 0.2092776 
1 1046 2620 274 0.2090689 
1 1047 2620 274 0.2088862 
1 1048 2620 274 0.2087437 
1 1049 2620 274 0.2086059 
1 1050 2620 274 0.2085286 
1 1051 2620 274 0.2084514 
1 1052 2620 274 0.2083895 
1 1053 2620 274 0.2084221 
1 1054 2619 274 0.2084740 
1 1055 2619 274 0.2084740 
1 1056 2619 274 0.2085560 
1 1057 2619 274 0.2086803 
1 1058 2619 274 0.2087936 
1 1059 2619 274 0.2089133 
1 1060 2618 274 0.2090614 
1 1061 2618 274 0.2092094 
1 1062 2618 274 0.2093558 
1 1063 2618 274 0.2094661 
1 1064 2618 274 0.2095661 
1 1065 2618 274 0.2096123 
1 1066 2618 274 0.2096379 
1 1067 2618 274 0.2096612 
1 1068 2618 274 0.2096709 
1 1069 2618 274 0.2096645 
1 1070 2618 274 0.2096386 
1 1071 2618 274 0.2096419 
1 1072 2618 274 0.2096376 
1 1073 2618 274 0.2096343 
1 1074 2618 274 0.2096479 
1 1075 2618 274 0.2096670 
1 1076 2617 274 0.2096937 
1 1077 2617 274 0.2097005 
1 1078 2617 274 0.2097012 
1 1079 2617 274 0.2097071 
1 1080 2617 274 0.2097071 
1 1081 2617 274 0.2097001 
1 1082 2617 274 0.2097276 
1 1083 2617 274 0.2097377 
1 1084 2617 274 0.2097237 
1 1085 2617 273 0.2097516 
1 1086 2617 273 0.2097787 
1 1087 2617 273 0.2097853 
1 1088 2617 273 0.2097804 
1 1089 2617 274 0.2097926 
1 1090 2617 274 0.2098131 
1 1091 2617 274 0.2098371 
1 1092 2617 274 0.2099038 
1 1093 2617 274 0.2099621 
1 1094 2617 274 0.2100285 
1 1095 2617 274 0.2101287 
1 1096 2617 274 0.2102174 
1 1097 2617 274 0.2102698 
1 1098 2617 274 0.2103302 
1 1099 2617 274 0.2103604 
1 1100 2617 274 0.2103983 
1 1101 2617 274 0.2104410 
1 1102 2617 274 0.2104289 
1 1103 2617 274 0.2104218 
1 1104 2617 274 0.2104030 
1 1105 2617 274 0.2104030 
1 1106 2617 274 0.2104136 
1 1107 2617 274 0.2104118 
1 1108 2617 274 0.2103940 
1 1109 2617 274 0.2103862 
1 1110 2617 274 0.2104017 
1 1111 2617 274 0.2104184 
1 1112 2617 274 0.2104477 
1 1113 2617 274 0.2104948 
1 1114 2617 274 0.2104798 
1 1115 2617 274 0.2104931 
1 1116 2617 274 0.2105220 
1 1117 2617 274 0.2105289 
1 1118 2617 274 0.2105343 
1 1119 2617 274 0.2105536 
1 1120 2617 274 0.2105468 
1 1121 2617 274 0.2105541 
1 1122 2617 274 0.2105647 
1 1123 2617 274 0.2105962 
1 1124 2617 274 0.2106528 
1 1125 2617 274 0.2106676 
1 1126 2617 275 0.2106787 
1 1127 2617 275 0.2107263 
1 1128 2617 275 0.2107389 
1 1129 2617 275 0.2107699 
1 1130 2617 275 0.2107699 
1 1131 2617 276 0.2108074 
1 1132 2617 276 0.2108193 
1 1133 2617 277 0.2108203 
1 1134 2617 277 0.2107829 
1 1135 2617 278 0.2108146 
1 1136 2617 278 0.2108517 
1 1137 2617 279 0.2108442 
1 1138 2616 280 0.2108323 
1 1139 2616 281 0.2108445 
1 1140 2616 282 0.2108247 
1 1141 2616 283 0.2109087 
1 1142 2616 284 0.2109402 
1 1143 2616 285 0.2109493 
1 1144 2616 286 0.2109549 
1 1145 2616 287 0.2109409 
1 1146 2616 288 0.2109087 
1 1147 2616 289 0.2109389 
1 1148 2616 290 0.2107757 
1 1149 2616 291 0.2107266 
1 1150 2616 292 0.2108005 
1 1151 2616 292 0.2108800 
1 1152 2616 293 0.2108595 
1 1153 2616 294 0.2107685 
1 1154 2616 295 0.2104757 
1 1155 2616 295 0.2104757 
1 1156 2616 296 0.2103601 
1 1157 2616 296 0.2103273 
1 1158 2616 297 0.2102180 
1 1159 2616 298 0.2102578 
1 1160 2616 298 0.2098042 
1 1161 2615 299 0.2100581 
1 1162 2615 300 0.2100516 
1 1163 2615 300 0.2099896 
1 1164 2615 301 0.2099855 
1 1165 2615 301 0.2100883 
1 1166 2615 302 0.2100612 
1 1167 2615 302 0.2098211 
1 1168 2615 303 0.2096758 
1 1169 2615 303 0.2096405 
1 1170 2614 303 0.2096163 
1 1171 2614 304 0.2096711 
1 1172 2614 304 0.2098497 
1 1173 2613 304 0.2099638 
1 1174 2613 304 0.2100613 
1 1175 2612 305 0.2102236 
1 1176 2612 305 0.2102683 
1 1177 2611 305 0.2101171 
1 1178 2611 305 0.2101907 
1 1179 2610 306 0.2102498 
1 1180 2610 306 0.2102482 
1 1181 2610 306 0.2104106 
1 1182 2610 307 0.2103710 
1 1183 2609 307 0.2104099 
1 1184 2609 308 0.2104720 
1 1185 2609 308 0.2104694 
1 1186 2608 308 0.2105173 
1 1187 2608 308 0.2107031 
1 1188 2608 309 0.2108853 
1 1189 2608 310 0.2109488 
1 1190 2608 310 0.2109579 
1 1191 2608 311 0.2108553 
1 1192 2607 311 0.2109064 
1 1193 2607 312 0.2110114 
1 1194 2607 313 0.2110156 
1 1195 2607 313 0.2110130 
1 1196 2606 314 0.2111817 
1 1197 2606 315 0.2111780 
1 1198 2606 315 0.2111898 
1 1199 2605 316 0.2111488 
1 1200 2605 317 0.2110737 
1 1201 2604 317 0.2110303 
1 1202 2603 318 0.2110282 
1 1203 2602 318 0.2110910 
1 1204 2602 319 0.2111259 
1 1205 2602 319 0.2111316 
1 1206 2601 320 0.2111064 
1 1207 2601 320 0.2111061 
1 1208 2600 321 0.2111532 
1 1209 2599 322 0.2111631 
1 1210 2599 322 0.2111738 
1 1211 2599 323 0.2111669 
1 1212 2598 324 0.2111548 
1 1213 2598 324 0.2111583 
1 1214 2598 325 0.2112248 
1 1215 2598 326 0.2112666 
1 1216 2598 326 0.2112868 
1 1217 2598 327 0.2112598 
1 1218 2597 327 0.2112464 
1 1219 2597 327 0.2112557 
1 1220 2597 328 0.2112482 
1 1221 2597 328 0.2112720 
1 1222 2597 328 0.2112918 
1 1223 2597 329 0.2112961 
1 1224 2597 329 0.2112665 
1 1225 2597 329 0.2112828 
1 1226 2597 329 0.2112733 
1 1227 2597 330 0.2113205 
1 1228 2597 330 0.2113572 
1 1229 2597 330 0.2113701 
1 1230 2597 330 0.2113691 
1 1231 2597 330 0.2114042 
1 1232 2597 331 0.2114582 
1 1233 2597 331 0.2114678 
1 1234 2597 331 0.2114812 
1 1235 2597 331 0.2114663 
1 1236 2597 332 0.2114407 
1 1237 2597 332 0.2114401 
1 1238 2597 332 0.2114367 
1 1239 2597 332 0.2114464 
1 1240 2597 332 0.2114115 
1 1241 2597 333 0.2114165 
1 1242 2597 333 0.2114343 
1 1243 2597 333 0.2113888 
1 1244 2597 333 0.2113979 
1 1245 2597 333 0.2113869 
1 1246 2597 333 0.2113676 
1 1247 2597 333 0.2113335 
1 1248 2597 333 0.2113034 
1 1249 2597 334 0.2113012 
1 1250 2597 334 0.2112938 
1 1251 2597 334 0.2112954 
1 1252 2597 334 0.2112955 
1 1253 2597 334 0.2112703 
1 1254 2597 334 0.2112498 
1 1255 2597 334 0.2112498 
1 1256 2597 334 0.2112447 
1 1257 2597 334 0.2112874 
1 1258 2597 334 0.2112760 
1 1259 2597 334 0.2112978 
1 1260 2597 334 0.2112953 
1 1261 2597 334 0.2113101 
1 1262 2597 334 0.2113188 
1 1263 2597 334 0.2113102 
1 1264 2597 334 0.2113221 
1 1265 2597 334 0.2113174 
1 1266 2597 334 0.2113315 
1 1267 2597 334 0.2113394 
1 1268 2597 334 0.2113462 
1 1269 2597 334 0.2113689 
1 1270 2597 334 0.2113557 
1 1271 2597 334 0.2113497 
1 1272 2597 334 0.2113580 
1 1273 2597 334 0.2113692 
1 1274 2597 334 0.2113774 
1 1275 2597 334 0.2113636 
1 1276 2597 334 0.2113829 
1 1277 2597 334 0.2113944 
1 1278 2597 334 0.2113733 
1 1279 2597 334 0.2113563 
1 1280 2597 334 0.2113572 
1 1281 2597 334 0.2113952 
1 1282 2597 334 0.2114015 
1 1283 2597 334 0.2114227 
1 1284 2597 335 0.2114258 
1 1285 2597 335 0.2114320 
1 1286 2597 335 0.2114646 
1 1287 2597 335 0.2114866 
1 1288 2597 336 0.2114832 
1 1289 2598 336 0.2114816 
1 1290 2598 336 0.2114843 
1 1291 2598 336 0.2114065 
1 1292 2598 336 0.2113957 
1 1293 2599 336 0.2114028 
1 1294 2599 336 0.2113826 
1 1295 2599 336 0.2113605 
1 1296 2600 336 0.2113710 
1 1297 2600 336 0.2114292 
1 1298 2600 336 0.2114229 
1 1299 2600 336 0.2114042 
1 1300 2600 336 0.2114249 
1 1301 2600 335 0.2114187 
1 1302 2600 334 0.2114134 
1 1303 2600 334 0.2114030 
1 1304 2600 333 0.2114397 
1 1305 2600 333 0.2114392 
1 1306 2600 332 0.2114153 
1 1307 2600 330 0.2115237 
1 1308 2600 329 0.2116541 
1 1309 2600 328 0.2117158 
1 1310 2601 327 0.2117811 
1 1311 2601 325 0.2117402 
1 1312 2601 324 0.2118122 
1 1313 2601 323 0.2118231 
1 1314 2601 322 0.2118634 
1 1315 2601 322 0.2119563 
1 1316 2601 321 0.2119538 
1 1317 2602 320 0.2119721 
1 1318 2602 319 0.2119333 
1 1319 2602 318 0.2119126 
1 1320 2602 318 0.2119951 
1 1321 2602 317 0.2119782 
1 1322 2602 316 0.2119871 
1 1323 2602 316 0.2119575 
1 1324 2602 315 0.2118785 
1 1325 2602 315 0.2118658 
1 1326 2602 314 0.2118431 
1 1327 2602 314 0.2118501 
1 1328 2602 313 0.2117987 
1 1329 2603 312 0.2117570 
1 1330 2603 312 0.2117560 
1 1331 2603 312 0.2117009 
1 1332 2603 311 0.2117175 
1 1333 2603 311 0.2117462 
1 1334 2603 311 0.2116816 
1 1335 2603 310 0.2116379 
1 1336 2603 309 0.2116420 
1 1337 2603 309 0.2116900 
1 1338 2603 308 0.2117389 
1 1339 2603 308 0.2117574 
1 1340 2603 308 0.2117946 
1 1341 2603 307 0.2117557 
1 1342 2603 306 0.2117692 
1 1343 2603 306 0.2117402 
1 1344 2603 305 0.2117905 
1 1345 2603 305 0.2118368 
1 1346 2603 304 0.2118476 
1 1347 2603 304 0.2118432 
1 1348 2604 303 0.2117993 
1 1349 2604 303 0.2118019 
1 1350 2604 302 0.2118307 
1 1351 2604 302 0.2118210 
1 1352 2604 302 0.2118448 
1 1353 2604 301 0.2118521 
1 1354 2605 301 0.2118782 
1 1355 2605 301 0.2118750 
1 1356 2605 300 0.2118536 
1 1357 2605 300 0.2118766 
1 1358 2605 299 0.2118570 
1 1359 2605 299 0.2118721 
1 1360 2605 298 0.2119331 
1 1361 2605 298 0.2119160 
1 1362 2606 297 0.2119579 
1 1363 2606 297 0.2119679 
1 1364 2607 297 0.2119424 
1 1365 2607 297 0.2119190 
1 1366 2607 296 0.2118939 
1 1367 2608 296 0.2118727 
1 1368 2608 296 0.2119115 
1 1369 2608 295 0.2119051 
1 1370 2608 295 0.2118618 
1 1371 2608 295 0.2119022 
1 1372 2609 294 0.2119436 
1 1373 2609 294 0.2119266 
1 1374 2609 294 0.2119634 
1 1375 2609 293 0.2119448 
1 1376 2610 293 0.2119064 
1 1377 2610 293 0.2118391 
1 1378 2610 292 0.2118806 
1 1379 2610 292 0.2119216 
1 1380 2610 292 0.2119216 
1 1381 2610 292 0.2119946 
1 1382 2610 292 0.2120012 
1 1383 2610 292 0.2119936 
1 1384 2610 292 0.2120020 
1 1385 2610 292 0.2120443 
1 1386 2610 291 0.2121198 
1 1387 2610 291 0.2121390 
1 1388 2611 291 0.2121651 
1 1389 2611 291 0.2121628 
1 1390 2611 291 0.2121992 
1 1391 2611 291 0.2122570 
1 1392 2611 291 0.2122410 
1 1393 2611 291 0.2122164 
1 1394 2611 290 0.2122185 
1 1395 2611 290 0.2122140 
1 1396 2611 290 0.2122166 
1 1397 2611 290 0.2122163 
1 1398 2612 290 0.2121864 
1 1399 2612 290 0.2121171 
1 1400 2612 290 0.2120232 
1 1401 2612 290 0.2120565 
1 1402 2612 290 0.2120707 
1 1403 2612 290 0.2121062 
1 1404 2612 289 0.2121060 
1 1405 2612 289 0.2121060 
1 1406 2612 289 0.2121212 
1 1407 2612 289 0.2121264 
1 1408 2612 289 0.2121540 
1 1409 2612 290 0.2121947 
1 1410 2612 289 0.2120958 
1 1411 2612 290 0.2121296 
1 1412 2612 290 0.2121174 
1 1413 2612 290 0.2121117 
1 1414 2612 290 0.2121208 
1 1415 2612 290 0.2120550 
1 1416 2612 290 0.2120249 
1 1417 2612 290 0.2120039 
1 1418 2612 290 0.2120040 
1 1419 2612 290 0.2120230 
1 1420 2612 290 0.2120629 
1 1421 2612 290 0.2120757 
1 1422 2612 290 0.2120741 
1 1423 2612 290 0.2120536 
1 1424 2612 290 0.2120483 
1 1425 2612 290 0.2120577 
1 1426 2612 290 0.2120633 
1 1427 2612 290 0.2120664 
1 1428 2612 290 0.2120564 
1 1429 2612 290 0.2120445 
1 1430 2612 290 0.2120445 
1 1431 2612 290 0.2120298 
1 1432 2612 290 0.2120245 
1 1433 2612 290 0.2120551 
1 1434 2612 290 0.2120210 
1 1435 2612 290 0.2120279 
1 1436 2612 290 0.2120202 
1 1437 2612 290 0.2120204 
1 1438 2612 290 0.2120295 
1 1439 2612 290 0.2120610 
1 1440 2612 290 0.2120308 
1 1441 2612 290 0.2120285 
1 1442 2612 290 0.2120392 
1 1443 2612 290 0.2120338 
1 1444 2612 290 0.2120435 
1 1445 2612 290 0.2120569 
1 1446 2612 290 0.2120554 
1 1447 2612 290 0.2120495 
1 1448 2612 291 0.2120446 
1 1449 2612 291 0.2120429 
1 1450 2612 291 0.2120387 
1 1451 2612 291 0.2120364 
1 1452 2612 291 0.2120254 
1 1453 2612 291 0.2120174 
1 1454 2612 291 0.2120139 
1 1455 2612 291 0.2120130 
1 1456 2612 291 0.2120094 
1 1457 2612 291 0.2120080 
1 1458 2612 291 0.2120040 
1 1459 2612 291 0.2120033 
1 1460 2612 291 0.2120036 
1 1461 2612 291 0.2120027 
1 1462 2612 291 0.2120087 
1 1463 2612 291 0.2120089 
1 1464 2612 291 0.2120084 
1 1465 2612 291 0.2120147 
1 1466 2612 291 0.2120226 
1 1467 2612 291 0.2120230 
1 1468 2612 291 0.2120234 
1 1469 2612 291 0.2120476 
1 1470 2612 291 0.2120398 
1 1471 2612 291 0.2120382 
1 1472 2612 291 0.2120462 
1 1473 2612 291 0.2120856 
1 1474 2612 291 0.2120507 
1 1475 2612 291 0.2120276 
1 1476 2612 291 0.2120331 
1 1476 2612 291 0.2120331 
