1 2 20722.8300781 3642.9541016 0.5549722 
1 3 20725.8828125 3643.5144043 0.5550453 
1 4 20727.9570312 3643.7868652 0.5549262 
1 5 20728.1621094 3642.8486328 0.5549664 
1 6 20727.8125000 3642.9047852 0.5549966 
1 7 20729.5195312 3642.1384277 0.5548357 
1 8 20731.2031250 3639.0410156 0.5547867 
1 9 20733.1289062 3635.2875977 0.5548269 
1 10 20734.5703125 3635.5585938 0.5549245 
1 11 20733.8398438 3634.4809570 0.5548361 
1 12 20731.5703125 3631.9360352 0.5549269 
1 13 20731.0859375 3631.3986816 0.5549491 
1 14 20730.0039062 3629.9997559 0.5549879 
1 15 20730.7148438 3629.4082031 0.5549455 
1 16 20729.6796875 3628.2441406 0.5549988 
1 17 20729.6796875 3628.2441406 0.5549988 
1 18 20727.9511719 3627.6430664 0.5550357 
1 19 20726.3125000 3626.3120117 0.5550328 
1 20 20724.9804688 3625.6440430 0.5550767 
1 21 20725.0898438 3625.4001465 0.5550737 
1 22 20724.5117188 3625.6223145 0.5550976 
1 23 20724.4238281 3626.3342285 0.5550880 
1 24 20723.3378906 3626.3442383 0.5551100 
1 25 20721.9375000 3627.3920898 0.5551665 
1 26 20721.0781250 3626.7770996 0.5551041 
1 27 20721.5351562 3624.6953125 0.5551043 
1 28 20722.8710938 3624.8671875 0.5551493 
1 29 20721.6816406 3625.0891113 0.5551046 
1 30 20719.5312500 3624.7651367 0.5551848 
1 31 20719.1367188 3625.6879883 0.5551661 
1 32 20718.5039062 3624.6408691 0.5550836 
1 33 20717.9492188 3622.8105469 0.5550919 
1 34 20716.9492188 3622.1579590 0.5551485 
1 35 20717.5781250 3621.9680176 0.5551329 
1 36 20715.9453125 3622.0615234 0.5552011 
1 37 20713.8632812 3622.6730957 0.5552103 
1 38 20713.3046875 3621.8334961 0.5551634 
1 39 20713.2265625 3620.7712402 0.5552295 
1 40 20713.5820312 3621.0583496 0.5552405 
1 41 20712.7167969 3621.6044922 0.5552859 
1 42 20712.7167969 3621.6044922 0.5552859 
1 43 20711.5332031 3623.6643066 0.5553256 
1 44 20711.4375000 3625.1567383 0.5552607 
1 45 20711.7421875 3624.9782715 0.5552626 
1 46 20711.3007812 3624.3884277 0.5553019 
1 47 20710.7734375 3625.4375000 0.5553418 
1 48 20711.1953125 3626.4235840 0.5553372 
1 49 20711.8398438 3626.0644531 0.5551885 
1 50 20710.8886719 3624.7165527 0.5552471 
1 51 20709.9218750 3624.1574707 0.5552319 
1 52 20709.5664062 3623.4697266 0.5552514 
1 53 20708.4960938 3621.8745117 0.5552347 
1 54 20708.2070312 3619.3542480 0.5551966 
1 55 20708.3105469 3618.0898438 0.5553070 
1 56 20709.1835938 3618.0815430 0.5552037 
1 57 20712.6406250 3615.4055176 0.5550058 
1 58 20717.5039062 3609.7812500 0.5549308 
1 59 20719.7246094 3605.1723633 0.5548917 
1 60 20723.8828125 3601.3754883 0.5549695 
1 61 20725.2226562 3599.5336914 0.5549625 
1 62 20725.7792969 3597.2634277 0.5549706 
1 63 20724.6972656 3594.9377441 0.5549593 
1 64 20723.4199219 3592.4125977 0.5550711 
1 65 20722.6328125 3593.9401855 0.5552263 
1 66 20718.7070312 3597.3637695 0.5552849 
1 67 20718.7070312 3597.3637695 0.5552849 
1 68 20716.5898438 3598.8903809 0.5552230 
1 69 20713.8242188 3600.7971191 0.5553871 
1 70 20712.0917969 3603.9204102 0.5552670 
1 71 20712.4335938 3603.9829102 0.5552960 
1 72 20712.5019531 3605.6833496 0.5553039 
1 73 20713.7109375 3605.7392578 0.5552629 
1 74 20714.0078125 3605.7656250 0.5553098 
1 75 20714.7226562 3604.7668457 0.5551645 
1 76 20715.5058594 3601.8149414 0.5553051 
1 77 20714.0429688 3603.9672852 0.5554855 
1 78 20710.7773438 3607.6955566 0.5554950 
1 79 20706.5273438 3610.5661621 0.5555241 
1 80 20704.4121094 3610.1469727 0.5554258 
1 81 20701.7460938 3608.7983398 0.5555070 
1 82 20695.7812500 3607.1464844 0.5554578 
1 83 20684.7539062 3602.4704590 0.5557130 
1 84 20671.0078125 3608.2836914 0.5563537 
1 85 20682.7187500 3614.7497559 0.5555541 
1 86 20715.4765625 3604.8789062 0.5548449 
1 87 20722.7539062 3588.3752441 0.5546564 
1 88 20706.5273438 3564.6865234 0.5551022 
1 89 20697.8750000 3568.2272949 0.5564495 
1 90 20697.0390625 3596.2355957 0.5566499 
1 91 20695.1015625 3616.9653320 0.5558380 
1 92 20695.1015625 3616.9653320 0.5558380 
1 93 20692.3984375 3615.9892578 0.5552939 
1 94 20676.4726562 3607.3876953 0.5556150 
1 95 20664.9589844 3596.7700195 0.5557736 
1 96 20661.9492188 3593.0004883 0.5564601 
1 97 20662.7265625 3605.4487305 0.5566307 
1 98 20658.5273438 3615.7182617 0.5562765 
1 99 20657.7753906 3610.9013672 0.5556533 
1 100 20654.0449219 3590.9169922 0.5557478 
1 101 20636.5449219 3577.3452148 0.5568420 
1 102 20633.3281250 3584.1506348 0.5572418 
1 103 20642.8339844 3588.2636719 0.5566999 
1 104 20650.9140625 3590.8215332 0.5564558 
1 105 20648.5312500 3591.7873535 0.5564740 
1 106 20642.4003906 3594.5227051 0.5565999 
1 107 20643.9648438 3596.2094727 0.5565518 
1 108 20646.1445312 3599.0014648 0.5565050 
1 109 20646.1953125 3601.4375000 0.5563003 
1 110 20644.4179688 3598.8696289 0.5562750 
1 111 20641.8671875 3598.8059082 0.5565760 
1 112 20639.2167969 3605.0412598 0.5566970 
1 113 20639.7539062 3608.1059570 0.5564696 
1 114 20639.7246094 3606.3178711 0.5563896 
1 115 20640.3886719 3605.9140625 0.5565197 
1 116 20642.2089844 3608.4682617 0.5564486 
1 117 20642.2089844 3608.4682617 0.5564486 
1 118 20642.9511719 3606.2807617 0.5562495 
1 119 20646.0195312 3601.6770020 0.5563499 
1 120 20645.8417969 3598.7722168 0.5564768 
1 121 20644.2734375 3603.5571289 0.5570412 
1 122 20646.6953125 3615.2573242 0.5566638 
1 123 20647.7343750 3612.9699707 0.5562731 
1 124 20642.4589844 3608.6040039 0.5566784 
1 125 20639.1367188 3609.2778320 0.5568442 
1 126 20637.3828125 3613.0561523 0.5569727 
1 127 20639.3945312 3615.8662109 0.5567446 
1 128 20641.4453125 3615.8471680 0.5566441 
1 129 20643.9921875 3613.2260742 0.5565200 
1 130 20643.9941406 3613.6770020 0.5567911 
1 131 20642.8144531 3617.2780762 0.5566772 
1 132 20643.1132812 3613.1250000 0.5565678 
1 133 20646.1445312 3612.6875000 0.5567532 
1 134 20646.6113281 3615.0646973 0.5567025 
1 135 20647.1210938 3612.3940430 0.5565412 
1 136 20647.0898438 3606.3674316 0.5566413 
1 137 20647.5410156 3603.3444824 0.5567328 
1 138 20648.1992188 3601.1684570 0.5567979 
1 139 20647.0996094 3598.3200684 0.5568009 
1 140 20650.0019531 3597.5864258 0.5569045 
1 141 20653.3046875 3593.5585938 0.5566544 
1 142 20653.3046875 3593.5585938 0.5566544 
1 143 20656.2734375 3581.9628906 0.5569400 
1 144 20660.6484375 3579.2124023 0.5573516 
1 145 20656.7792969 3577.6562500 0.5576277 
1 146 20656.4355469 3581.2709961 0.5578954 
1 147 20653.2988281 3581.8666992 0.5581397 
1 148 20650.0019531 3584.3525391 0.5583970 
1 149 20647.2851562 3584.2507324 0.5585560 
1 150 20648.9082031 3585.8300781 0.5588281 
1 151 20655.5312500 3590.5366211 0.5589152 
1 152 20657.4785156 3597.2138672 0.5588171 
1 153 20655.9882812 3594.9213867 0.5585929 
1 154 20647.7460938 3596.1821289 0.5590367 
1 155 20638.7968750 3601.3168945 0.5590546 
1 156 20644.6992188 3602.9162598 0.5586526 
1 157 20655.6054688 3595.4858398 0.5582509 
1 158 20659.9433594 3588.9565430 0.5584357 
1 159 20657.3281250 3592.2358398 0.5587686 
1 160 20657.6875000 3598.5537109 0.5585109 
1 161 20653.7402344 3597.3244629 0.5584312 
1 162 20653.2324219 3597.2075195 0.5581585 
1 163 20655.7890625 3599.0329590 0.5580292 
1 164 20656.9726562 3600.7775879 0.5571911 
1 165 20658.0683594 3598.5290527 0.5519815 
1 166 20645.3691406 3589.8823242 0.4875816 
1 167 20645.3691406 3589.8823242 0.4875816 
1 168 20639.9023438 3597.9169922 0.4690775 
1 169 20641.9531250 3592.5190430 0.4618875 
1 170 20632.9199219 3598.8676758 0.4039880 
1 171 20622.0273438 3604.8952637 0.3913085 
1 172 20614.7441406 3599.7978516 0.3823272 
1 173 20603.6445312 3590.8571777 0.3407452 
1 174 20597.1679688 3582.1152344 0.3392411 
1 175 20593.9140625 3575.4797363 0.3299210 
1 176 20591.2148438 3564.4086914 0.3190596 
1 177 20596.5742188 3545.8532715 0.3225311 
1 178 20595.7148438 3546.5493164 0.3229892 
1 179 20587.2500000 3555.5178223 0.3230269 
1 180 20582.6738281 3573.6274414 0.3234936 
1 181 20590.3476562 3593.6843262 0.3233668 
1 182 20596.3710938 3610.6718750 0.3232172 
1 183 20611.7734375 3615.6262207 0.3230091 
1 184 20619.2304688 3619.2727051 0.3229310 
1 185 20614.4570312 3626.3454590 0.3228202 
1 186 20617.4238281 3626.7177734 0.3228001 
1 187 20617.5273438 3623.7473145 0.3227029 
1 188 20615.9882812 3621.7973633 0.3225025 
1 189 20618.6718750 3611.5476074 0.3148587 
1 190 20602.4687500 3616.3696289 0.2828379 
1 191 20601.8476562 3616.2001953 0.2823154 
1 192 20601.8515625 3616.2048340 0.2823155 
1 193 20604.6835938 3601.6782227 0.2822589 
1 194 20600.1132812 3595.3891602 0.2822503 
1 195 20603.3808594 3582.4099121 0.2820545 
1 196 20609.2285156 3562.6757812 0.2824838 
1 197 20608.3515625 3560.6613770 0.2828326 
1 198 20617.4882812 3566.3291016 0.2831425 
1 199 20622.7968750 3592.6040039 0.2519450 
1 200 20516.2597656 3646.0429688 0.2197746 
1 201 20617.6835938 3622.9772949 0.2299914 
1 202 20606.9257812 3626.4355469 0.2302065 
1 203 20598.1464844 3642.8159180 0.2300583 
1 204 20599.4921875 3642.8688965 0.2239133 
1 205 20594.5078125 3631.2673340 0.2088828 
1 206 20596.5507812 3624.5192871 0.2086991 
1 207 20597.6914062 3609.5712891 0.2040496 
1 208 20590.9296875 3609.2382812 0.2009941 
1 209 20598.6210938 3601.7602539 0.2007072 
1 210 20604.2617188 3589.4458008 0.2008382 
1 211 20596.2968750 3590.2868652 0.2010244 
1 212 20589.5898438 3598.4863281 0.2011256 
1 213 20580.7519531 3601.2333984 0.2008964 
1 214 20572.1250000 3599.6828613 0.2007592 
1 215 20568.0292969 3586.4199219 0.2008227 
1 216 20568.4062500 3593.0815430 0.2011279 
1 217 20568.4062500 3593.0815430 0.2011279 
1 218 20567.9140625 3594.3007812 0.2007380 
1 219 20565.6464844 3585.9243164 0.2007659 
1 220 20572.1054688 3567.0700684 0.2000000 
1 221 20564.5976562 3548.2583008 0.2013604 
1 222 20545.7070312 3553.3627930 0.2018951 
1 223 20532.2226562 3564.4252930 0.2017116 
1 224 20516.3378906 3573.9306641 0.2018612 
1 225 20498.8085938 3572.0468750 0.2010999 
1 226 20498.7597656 3564.5502930 0.2012164 
1 227 20493.7304688 3571.2353516 0.2015601 
1 228 20504.1796875 3586.2595215 0.2015592 
1 229 20499.1445312 3595.6179199 0.2011922 
1 230 20489.7734375 3597.7346191 0.2009722 
1 231 20473.3671875 3589.6381836 0.2009784 
1 232 20464.1093750 3588.0805664 0.2010738 
1 233 20455.0351562 3587.9272461 0.2012665 
1 234 20446.2968750 3594.1010742 0.2011843 
1 235 20437.9218750 3597.6367188 0.2011002 
1 236 20435.6875000 3594.7050781 0.2009638 
1 237 20438.9980469 3593.0319824 0.2010974 
1 238 20447.5546875 3597.1901855 0.2013125 
1 239 20468.9179688 3605.5288086 0.2015415 
1 240 20503.6757812 3620.7871094 0.2014784 
1 241 20528.6679688 3596.9543457 0.2005820 
1 242 20528.6679688 3596.9543457 0.2005820 
1 243 20560.1718750 3577.4047852 0.2007817 
1 244 20583.9765625 3574.9953613 0.2009251 
1 245 20594.0136719 3581.6540527 0.2012232 
1 246 20598.5820312 3600.3830566 0.2013305 
1 247 20598.2207031 3615.3293457 0.2012184 
1 248 20595.0859375 3629.4821777 0.2013345 
1 249 20585.5644531 3639.5830078 0.2011034 
1 250 20576.7382812 3640.0844727 0.2010403 
1 251 20566.4882812 3645.8417969 0.2010789 
1 252 20562.2343750 3651.3168945 0.2009967 
1 253 20564.2460938 3650.1743164 0.2009114 
1 254 20568.5644531 3649.3984375 0.2009565 
1 255 20570.8183594 3646.7495117 0.2008137 
1 256 20579.8046875 3637.1977539 0.2009234 
1 257 20588.4941406 3640.1499023 0.2011080 
1 258 20589.2675781 3637.5166016 0.2008574 
1 259 20596.1347656 3631.9738770 0.2010047 
1 260 20604.3710938 3637.1547852 0.2011513 
1 261 20609.8144531 3637.9423828 0.2009374 
1 262 20611.9921875 3634.3361816 0.2010438 
1 263 20613.0839844 3640.2368164 0.2010867 
1 264 20608.0195312 3642.9665527 0.2009501 
1 265 20602.2753906 3642.2800293 0.2008647 
1 266 20599.1562500 3639.6301270 0.2009120 
1 267 20599.1562500 3639.6301270 0.2009120 
1 268 20602.4414062 3635.7570801 0.2007557 
1 269 20604.1796875 3628.4885254 0.2008940 
1 270 20608.8320312 3629.0212402 0.2009705 
1 271 20613.4492188 3626.8698730 0.2008294 
1 272 20616.5839844 3617.4785156 0.2007251 
1 273 20617.6660156 3607.5842285 0.2008650 
1 274 20618.9609375 3610.2714844 0.2010851 
1 275 20618.1523438 3614.9750977 0.2009564 
1 276 20619.1054688 3607.9516602 0.2007347 
1 277 20614.6464844 3600.6738281 0.2009290 
1 278 20614.1953125 3597.6459961 0.2009178 
1 279 20614.0644531 3593.9331055 0.2010392 
1 280 20618.3789062 3593.3559570 0.2010749 
1 281 20622.2304688 3593.3076172 0.2011190 
1 282 20624.4570312 3592.8320312 0.2010792 
1 283 20627.6972656 3591.0649414 0.2010816 
1 284 20631.8769531 3587.8813477 0.2010243 
1 285 20634.9843750 3580.2333984 0.2009002 
1 286 20638.9804688 3573.6772461 0.2009856 
1 287 20644.2988281 3572.8696289 0.2010365 
1 288 20642.7773438 3574.1289062 0.2010234 
1 289 20641.4335938 3570.8645020 0.2008152 
1 290 20641.2324219 3564.4057617 0.2008537 
1 291 20638.9140625 3560.8107910 0.2008959 
1 292 20638.9140625 3560.8107910 0.2008959 
1 293 20640.2382812 3560.5446777 0.2010312 
1 294 20636.9902344 3565.5058594 0.2009931 
1 295 20632.0156250 3563.8366699 0.2008655 
1 296 20629.7558594 3558.5737305 0.2008794 
1 297 20626.1835938 3558.3457031 0.2011708 
1 298 20624.7167969 3559.0270996 0.2010181 
1 299 20623.4335938 3553.7368164 0.2011611 
1 300 20622.9707031 3551.3457031 0.2012983 
1 301 20619.7753906 3551.0336914 0.2014598 
1 302 20619.0742188 3551.4238281 0.2012361 
1 303 20617.0136719 3550.4423828 0.2012297 
1 304 20619.7675781 3549.0212402 0.2011958 
1 305 20624.9726562 3544.9130859 0.2011652 
1 306 20627.2382812 3540.1259766 0.2012468 
1 307 20627.3164062 3540.4868164 0.2013988 
1 308 20631.4238281 3537.1328125 0.2011805 
1 309 20635.7539062 3529.7021484 0.2013256 
1 310 20639.2578125 3530.0537109 0.2014993 
1 311 20645.5664062 3529.4045410 0.2014723 
1 312 20651.9960938 3530.8344727 0.2016724 
1 313 20658.4921875 3532.0349121 0.2015726 
1 314 20663.7343750 3527.2207031 0.2017256 
1 315 20667.1269531 3523.8613281 0.2019879 
1 316 20673.1757812 3520.0937500 0.2021576 
1 317 20673.1757812 3520.0937500 0.2021576 
1 318 20679.5781250 3520.2358398 0.2023392 
1 319 20685.9960938 3519.2094727 0.2023904 
1 320 20690.4863281 3514.0898438 0.2022371 
1 321 20694.9511719 3500.0695801 0.2021706 
1 322 20700.8125000 3488.7153320 0.2027190 
1 323 20703.9062500 3487.8701172 0.2030203 
1 324 20707.6992188 3484.5153809 0.2032674 
1 325 20712.9921875 3480.4074707 0.2036220 
1 326 20716.8925781 3478.4543457 0.2039118 
1 327 20719.1015625 3477.8576660 0.2042983 
1 328 20718.9628906 3479.5300293 0.2046674 
1 329 20721.3945312 3481.2009277 0.2050508 
1 330 20724.1640625 3480.8745117 0.2051991 
1 331 20725.1171875 3476.6198730 0.2054588 
1 332 20722.8906250 3475.8955078 0.2058404 
1 333 20719.5625000 3472.6171875 0.2061211 
1 334 20719.5273438 3468.1743164 0.2066989 
1 335 20715.3417969 3474.1088867 0.2068733 
1 336 20705.8789062 3485.4526367 0.2069132 
1 337 20699.1113281 3493.1140137 0.2066749 
1 338 20697.9843750 3491.3098145 0.2065749 
1 339 20695.9609375 3492.0371094 0.2067287 
1 340 20688.2695312 3497.5981445 0.2067112 
1 341 20688.0273438 3501.0556641 0.2065654 
1 342 20688.0273438 3501.0556641 0.2065654 
1 343 20691.6425781 3499.6999512 0.2061844 
1 344 20694.2773438 3500.6872559 0.2057830 
1 345 20695.9746094 3503.6259766 0.2052157 
1 346 20696.2812500 3499.9829102 0.2046911 
1 347 20701.5664062 3500.5961914 0.2043999 
1 348 20703.4355469 3501.9863281 0.2039153 
1 349 20701.2617188 3500.4746094 0.2034853 
1 350 20699.1328125 3500.9726562 0.2032498 
1 351 20703.1347656 3503.9970703 0.2028322 
1 352 20703.1015625 3501.4106445 0.2025254 
1 353 20699.6367188 3501.4477539 0.2025009 
1 354 20702.4257812 3505.8144531 0.2022393 
1 355 20703.2441406 3503.9375000 0.2019857 
1 356 20702.8476562 3502.7700195 0.2021432 
1 357 20702.0585938 3504.2727051 0.2020505 
1 358 20699.6992188 3503.2021484 0.2020131 
1 359 20701.0625000 3502.7236328 0.2020735 
1 360 20700.8437500 3505.2563477 0.2021837 
1 361 20699.1796875 3511.1855469 0.2021757 
1 362 20698.2050781 3511.8286133 0.2019065 
1 363 20698.7324219 3510.1875000 0.2020319 
1 364 20698.7148438 3513.2451172 0.2020939 
1 365 20699.3984375 3517.1362305 0.2021107 
1 366 20698.3359375 3518.0270996 0.2019914 
1 367 20698.3359375 3518.0270996 0.2019914 
1 368 20697.5175781 3518.1328125 0.2019260 
1 369 20698.6503906 3516.7880859 0.2018988 
1 370 20699.8789062 3515.8542480 0.2018168 
1 371 20698.8671875 3513.3579102 0.2018512 
1 372 20697.7558594 3510.3095703 0.2019635 
1 373 20703.0683594 3509.3041992 0.2021343 
1 374 20705.3496094 3512.2583008 0.2023382 
1 375 20706.0664062 3516.7197266 0.2022561 
1 376 20705.9296875 3517.8916016 0.2022175 
1 377 20706.5332031 3516.2910156 0.2023722 
1 378 20710.0820312 3518.9743652 0.2024544 
1 379 20713.1328125 3520.9453125 0.2023965 
1 380 20713.9960938 3520.0891113 0.2025758 
1 381 20715.1718750 3518.2041016 0.2027180 
1 382 20718.0742188 3514.7312012 0.2027628 
1 383 20719.7851562 3512.1921387 0.2028884 
1 384 20724.3750000 3512.0820312 0.2029993 
1 385 20727.9843750 3515.4992676 0.2030806 
1 386 20728.0820312 3522.8732910 0.2031310 
1 387 20726.7871094 3529.2060547 0.2030006 
1 388 20726.1054688 3534.0065918 0.2030304 
1 389 20725.0605469 3538.0312500 0.2029905 
1 390 20724.2968750 3542.9575195 0.2030974 
1 391 20721.3437500 3549.3852539 0.2030563 
1 392 20721.3437500 3549.3852539 0.2030563 
1 393 20718.8066406 3553.1350098 0.2030077 
1 394 20719.3554688 3557.8642578 0.2029435 
1 395 20721.7675781 3555.4335938 0.2026696 
1 396 20721.9023438 3551.1704102 0.2029000 
1 397 20722.0527344 3554.2807617 0.2029813 
1 398 20720.6425781 3557.6323242 0.2029027 
1 399 20718.0781250 3557.6435547 0.2028426 
1 400 20717.5292969 3556.7187500 0.2028486 
1 401 20717.2226562 3556.0224609 0.2028306 
1 402 20717.1191406 3552.9272461 0.2027529 
1 403 20717.9335938 3552.6730957 0.2029395 
1 404 20718.5566406 3553.9938965 0.2027879 
1 405 20718.7539062 3547.8330078 0.2027033 
1 406 20718.1621094 3544.4724121 0.2027800 
1 407 20718.2128906 3541.5595703 0.2027630 
1 408 20718.7910156 3536.1650391 0.2026376 
1 409 20719.6484375 3529.8352051 0.2027379 
1 410 20718.6835938 3527.9716797 0.2028088 
1 411 20715.8593750 3528.0698242 0.2028950 
1 412 20713.0507812 3530.6091309 0.2028829 
1 413 20710.2460938 3531.7763672 0.2028034 
1 414 20706.9140625 3527.3764648 0.2026589 
1 415 20704.4160156 3525.3249512 0.2028624 
1 416 20700.6855469 3527.3203125 0.2029091 
1 417 20700.6855469 3527.3203125 0.2029091 
1 418 20697.7558594 3528.0976562 0.2027969 
1 419 20695.5781250 3527.7314453 0.2028556 
1 420 20692.9453125 3528.7634277 0.2028464 
1 421 20691.8320312 3526.6452637 0.2027079 
1 422 20691.1250000 3523.4804688 0.2028625 
1 423 20691.1406250 3526.6677246 0.2028989 
1 424 20691.7265625 3526.0354004 0.2027695 
1 425 20690.6757812 3524.9311523 0.2028601 
1 426 20691.3750000 3526.9272461 0.2028749 
1 427 20692.2304688 3526.4699707 0.2028126 
1 428 20692.1679688 3526.5898438 0.2029167 
1 429 20692.7382812 3529.2641602 0.2030596 
1 430 20692.6562500 3531.2421875 0.2029071 
1 431 20690.7929688 3530.3930664 0.2029137 
1 432 20689.7265625 3530.5471191 0.2028359 
1 433 20691.6113281 3529.9804688 0.2029869 
1 434 20691.0273438 3532.9194336 0.2029166 
1 435 20687.9023438 3535.0747070 0.2028629 
1 436 20685.1484375 3539.0004883 0.2029134 
1 437 20685.4882812 3542.2709961 0.2028364 
1 438 20685.9179688 3545.2712402 0.2028604 
1 439 20684.7441406 3546.6923828 0.2027737 
1 440 20685.8906250 3550.4482422 0.2028666 
1 441 20686.3710938 3553.9172363 0.2027333 
1 442 20686.3710938 3553.9172363 0.2027333 
1 443 20684.5878906 3554.5534668 0.2027532 
1 444 20682.7109375 3556.6142578 0.2027688 
1 445 20684.8750000 3557.1372070 0.2027238 
1 446 20686.6367188 3558.8437500 0.2027919 
1 447 20687.0742188 3563.0942383 0.2027931 
1 448 20686.1308594 3564.6779785 0.2027006 
1 449 20685.7460938 3568.5820312 0.2027582 
1 450 20685.3437500 3571.3369141 0.2026280 
1 451 20684.1054688 3571.6110840 0.2026678 
1 452 20681.4726562 3574.1159668 0.2028141 
1 453 20678.8242188 3575.9313965 0.2029025 
1 454 20673.2929688 3578.7421875 0.2028822 
1 455 20669.7285156 3579.6594238 0.2027932 
1 456 20666.8085938 3578.7241211 0.2027710 
1 457 20665.2265625 3578.8327637 0.2027846 
1 458 20660.8281250 3581.5893555 0.2028875 
1 459 20654.9218750 3586.7722168 0.2028750 
1 460 20650.6621094 3590.1687012 0.2028060 
1 461 20644.5937500 3593.6401367 0.2028475 
1 462 20639.8984375 3596.5944824 0.2027093 
1 463 20632.9648438 3595.9182129 0.2027521 
1 464 20626.2968750 3599.5690918 0.2028505 
1 465 20619.7148438 3604.5478516 0.2027849 
1 466 20613.1601562 3604.2763672 0.2026392 
1 467 20613.1601562 3604.2763672 0.2026392 
1 468 20606.7421875 3601.3112793 0.2026520 
1 469 20601.1738281 3598.3828125 0.2026865 
1 470 20597.4511719 3599.4238281 0.2027804 
1 471 20594.3457031 3602.1845703 0.2027895 
1 472 20588.4082031 3605.4155273 0.2028148 
1 473 20584.4628906 3608.1132812 0.2027422 
1 474 20581.6757812 3609.5795898 0.2027265 
1 475 20578.4863281 3613.3828125 0.2027967 
1 476 20575.4414062 3615.5490723 0.2026764 
1 477 20573.6621094 3617.4677734 0.2026751 
1 478 20571.2304688 3619.0205078 0.2026972 
1 479 20568.8125000 3620.2966309 0.2026489 
1 480 20566.9492188 3620.7529297 0.2026094 
1 481 20568.4277344 3618.4238281 0.2025278 
1 482 20570.8105469 3616.9116211 0.2026050 
1 483 20572.5429688 3616.8933105 0.2026142 
1 484 20573.6953125 3618.7634277 0.2026726 
1 485 20579.9648438 3623.7524414 0.2026249 
1 486 20586.6718750 3624.3686523 0.2025392 
1 487 20591.8437500 3627.8178711 0.2026787 
1 488 20594.7343750 3630.3139648 0.2025606 
1 489 20597.5878906 3632.1579590 0.2026402 
1 490 20600.6269531 3635.8034668 0.2025884 
1 491 20603.5566406 3637.5092773 0.2025827 
1 492 20603.5625000 3637.4880371 0.2025843 
1 493 20608.1523438 3636.1342773 0.2024496 
1 494 20609.4843750 3630.8168945 0.2024857 
1 495 20611.4628906 3629.4626465 0.2025572 
1 496 20613.9609375 3631.7221680 0.2026371 
1 497 20615.6367188 3633.3837891 0.2026271 
1 498 20618.4980469 3628.9892578 0.2025805 
1 499 20620.9667969 3628.6782227 0.2026573 
1 500 20622.8867188 3628.1694336 0.2026395 
1 501 20623.8183594 3625.4501953 0.2026295 
1 502 20626.5429688 3622.1694336 0.2025537 
1 503 20629.4042969 3620.1511230 0.2026336 
1 504 20630.8632812 3619.6252441 0.2025115 
1 505 20634.3730469 3617.3605957 0.2025018 
1 506 20639.7753906 3614.3530273 0.2023774 
1 507 20645.3125000 3611.3303223 0.2023954 
1 508 20649.9101562 3611.1333008 0.2025072 
1 509 20652.3144531 3612.2463379 0.2025518 
1 510 20655.7832031 3614.0844727 0.2024593 
1 511 20657.1093750 3612.5410156 0.2024015 
1 512 20658.2187500 3610.0991211 0.2023497 
1 513 20660.3222656 3610.1738281 0.2024047 
1 514 20663.6894531 3611.1938477 0.2023204 
1 515 20665.1796875 3610.9082031 0.2023966 
1 516 20665.6757812 3608.8251953 0.2022831 
1 517 20665.6757812 3608.8251953 0.2022831 
1 518 20666.9257812 3605.1582031 0.2022803 
1 519 20668.2460938 3604.2705078 0.2023475 
1 520 20669.9980469 3605.3852539 0.2022871 
1 521 20670.0175781 3604.2111816 0.2022876 
1 522 20671.3164062 3604.9897461 0.2022462 
1 523 20672.3066406 3605.3317871 0.2022431 
1 524 20674.6113281 3604.6879883 0.2021393 
1 525 20676.5195312 3600.4511719 0.2020968 
1 526 20681.2187500 3599.0212402 0.2020926 
1 527 20687.7343750 3595.3969727 0.2020222 
1 528 20693.3378906 3590.7060547 0.2020354 
1 529 20696.0761719 3583.4299316 0.2020415 
1 530 20696.4628906 3577.6445312 0.2022770 
1 531 20697.4335938 3577.2138672 0.2023455 
1 532 20697.3261719 3576.1853027 0.2023739 
1 533 20695.6289062 3575.8647461 0.2023738 
1 534 20695.4296875 3575.1867676 0.2023658 
1 535 20695.1953125 3575.9328613 0.2023766 
1 536 20695.1074219 3576.8173828 0.2022658 
1 537 20695.3554688 3576.4914551 0.2021545 
1 538 20697.5312500 3576.0815430 0.2021831 
1 539 20698.3281250 3576.0522461 0.2021483 
1 540 20699.1035156 3573.1323242 0.2020914 
1 541 20697.7500000 3568.6362305 0.2021565 
1 542 20697.8046875 3568.5932617 0.2021718 
1 543 20701.2109375 3564.6203613 0.2020315 
1 544 20705.2617188 3559.7668457 0.2021448 
1 545 20706.2148438 3557.1196289 0.2032836 
1 546 20708.3496094 3553.0407715 0.2032794 
1 547 20707.5156250 3549.7277832 0.2033373 
1 548 20708.6230469 3547.1018066 0.2032285 
1 549 20710.6210938 3540.6250000 0.2031165 
1 550 20714.7968750 3536.5019531 0.2033156 
1 551 20716.7558594 3534.8237305 0.2032749 
1 552 20717.3261719 3531.7409668 0.2033141 
1 553 20717.8632812 3531.9477539 0.2032666 
1 554 20720.5898438 3525.9838867 0.2030553 
1 555 20725.4687500 3519.0336914 0.2031254 
1 556 20730.5664062 3516.8159180 0.2033232 
1 557 20734.3281250 3518.7163086 0.2033430 
1 558 20732.6269531 3521.1079102 0.2034447 
1 559 20734.8984375 3525.0546875 0.2033471 
1 560 20738.9531250 3526.4221191 0.2034121 
1 561 20740.1542969 3528.3151855 0.2033241 
1 562 20742.7265625 3525.4663086 0.2033207 
1 563 20740.9472656 3528.3327637 0.2036426 
1 564 20738.1074219 3534.6005859 0.2035210 
1 565 20738.3046875 3534.0434570 0.2034122 
1 566 20740.9023438 3534.9243164 0.2034775 
1 567 20740.9023438 3534.9243164 0.2034775 
1 568 20740.3554688 3533.6428223 0.2033820 
1 569 20740.7050781 3533.7790527 0.2035530 
1 570 20742.7167969 3540.4147949 0.2035547 
1 571 20742.9570312 3541.8237305 0.2032630 
1 572 20743.2734375 3537.6264648 0.2031555 
1 573 20745.6562500 3537.0029297 0.2031997 
1 574 20749.5410156 3538.6298828 0.2032276 
1 575 20749.6796875 3537.2546387 0.2031915 
1 576 20752.9121094 3539.3447266 0.2031710 
1 577 20756.8906250 3542.2604980 0.2031549 
1 578 20760.2558594 3543.8962402 0.2030033 
1 579 20760.1835938 3542.8779297 0.2030129 
1 580 20761.3300781 3545.6545410 0.2029890 
1 581 20763.3203125 3544.9443359 0.2028018 
1 582 20764.4257812 3544.4252930 0.2029466 
1 583 20764.9843750 3546.3552246 0.2029043 
1 584 20762.1796875 3546.8183594 0.2029957 
1 585 20761.1601562 3548.9545898 0.2028543 
1 585 20761.1601562 3548.9545898 0.2028543 
