1 2 11199.0839844 3375.2592773 0.2061847 
1 3 11201.7441406 3389.0566406 0.2061632 
1 4 11201.7441406 3389.0566406 0.2061632 
1 5 11204.3701172 3400.9177246 0.2060128 
1 6 11207.1494141 3411.2707520 0.2059408 
1 7 11209.3759766 3421.5888672 0.2058456 
1 8 11211.4609375 3431.5893555 0.2058077 
1 9 11213.4228516 3440.5595703 0.2056689 
1 10 11215.5058594 3448.2001953 0.2054515 
1 11 11216.8144531 3455.9543457 0.2053449 
1 12 11217.5273438 3464.5187988 0.2054142 
1 13 11221.1337891 3469.8288574 0.2041050 
1 14 11222.6679688 3475.7058105 0.2040014 
1 15 11224.7578125 3480.9614258 0.2039443 
1 16 11227.2763672 3486.5512695 0.2034611 
1 17 11229.4033203 3491.2741699 0.2035525 
1 18 11231.7363281 3494.7368164 0.2036169 
1 19 11233.7841797 3497.9394531 0.2036806 
1 20 11236.6318359 3500.8891602 0.2036722 
1 21 11239.4609375 3504.3374023 0.2037012 
1 22 11241.8515625 3508.1259766 0.2037105 
1 23 11243.8164062 3512.3073730 0.2037605 
1 24 11245.8281250 3517.5468750 0.2038296 
1 25 11247.5390625 3522.8039551 0.2037981 
1 26 11249.4218750 3527.9741211 0.2037536 
1 27 11251.3466797 3532.9025879 0.2037499 
1 28 11253.7255859 3537.2905273 0.2036756 
1 29 11253.7255859 3537.2905273 0.2036756 
1 30 11255.8750000 3541.3032227 0.2035467 
1 31 11257.9082031 3545.0087891 0.2033890 
1 32 11259.6484375 3549.4023438 0.2031951 
1 33 11261.2460938 3553.8823242 0.2029978 
1 34 11262.3251953 3558.4619141 0.2028340 
1 35 11262.8125000 3563.4624023 0.2028463 
1 36 11263.3349609 3568.6997070 0.2026563 
1 37 11263.3750000 3573.5180664 0.2026100 
1 38 11263.6484375 3577.8217773 0.2025393 
1 39 11264.1542969 3581.3479004 0.2024326 
1 40 11264.7021484 3584.2539062 0.2024045 
1 41 11265.4541016 3586.8466797 0.2023821 
1 42 11266.2001953 3589.2431641 0.2023471 
1 43 11267.1093750 3591.7343750 0.2022805 
1 44 11267.7880859 3594.0722656 0.2022714 
1 45 11269.0429688 3596.2282715 0.2022431 
1 46 11270.2490234 3598.2392578 0.2022291 
1 47 11271.4628906 3600.2143555 0.2021851 
1 48 11272.8955078 3602.5051270 0.2021313 
1 49 11274.7158203 3605.0419922 0.2021435 
1 50 11276.9179688 3607.7973633 0.2022608 
1 51 11280.0058594 3609.9997559 0.2022416 
1 52 11283.2734375 3612.0373535 0.2022232 
1 53 11286.7207031 3613.8852539 0.2021493 
1 54 11286.7275391 3613.8867188 0.2021577 
1 55 11290.4746094 3615.2768555 0.2021104 
1 56 11294.7871094 3615.8310547 0.2020277 
1 57 11299.6044922 3616.2380371 0.2020391 
1 58 11304.7265625 3616.5368652 0.2020193 
1 59 11310.0742188 3616.6257324 0.2019971 
1 60 11315.5527344 3616.9509277 0.2019981 
1 61 11320.7753906 3617.0690918 0.2020430 
1 62 11326.4267578 3617.1459961 0.2020502 
1 63 11332.2753906 3617.0861816 0.2020398 
1 64 11338.1679688 3617.2187500 0.2020157 
1 65 11343.6376953 3617.4792480 0.2020559 
1 66 11349.1250000 3617.6491699 0.2020348 
1 67 11354.3164062 3617.6486816 0.2020407 
1 68 11359.2070312 3617.8000488 0.2020395 
1 69 11364.0312500 3617.8642578 0.2020504 
1 70 11368.7617188 3618.1052246 0.2020117 
1 71 11373.5664062 3618.1223145 0.2019773 
1 72 11378.2382812 3618.2717285 0.2019581 
1 73 11382.7968750 3618.4255371 0.2019504 
1 74 11387.1406250 3618.7641602 0.2019619 
1 75 11391.2802734 3618.7392578 0.2019862 
1 76 11395.4218750 3618.9350586 0.2020042 
1 77 11399.6865234 3619.1943359 0.2019831 
1 78 11404.2050781 3619.4812012 0.2019909 
1 79 11404.2050781 3619.4812012 0.2019909 
1 80 11408.8427734 3619.6682129 0.2020076 
1 81 11413.4941406 3619.8750000 0.2020204 
1 82 11418.4179688 3620.1779785 0.2020164 
1 83 11423.4609375 3620.5854492 0.2020141 
1 84 11428.5166016 3621.0825195 0.2020095 
1 85 11433.5537109 3621.7675781 0.2020168 
1 86 11438.6699219 3622.6821289 0.2020153 
1 87 11444.1025391 3623.8466797 0.2020170 
1 88 11449.7597656 3625.5092773 0.2020445 
1 89 11455.6523438 3627.1767578 0.2020305 
1 90 11461.7890625 3629.4860840 0.2020255 
1 91 11468.0175781 3632.0332031 0.2020184 
1 92 11474.3886719 3634.8203125 0.2019607 
1 93 11481.0195312 3638.1850586 0.2019088 
1 94 11487.1699219 3641.9699707 0.2018833 
1 95 11493.0000000 3645.3322754 0.2018542 
1 96 11499.2041016 3648.7148438 0.2018428 
1 97 11505.0449219 3651.7675781 0.2018188 
1 98 11510.8437500 3654.6066895 0.2018055 
1 99 11516.7753906 3657.8251953 0.2017924 
1 100 11522.4716797 3660.9621582 0.2017595 
1 101 11528.3701172 3664.0451660 0.2017499 
1 102 11534.4814453 3667.2995605 0.2017297 
1 103 11541.0000000 3670.5051270 0.2017162 
1 104 11541.0058594 3670.5017090 0.2017158 
1 105 11547.1484375 3674.0573730 0.2016988 
1 106 11552.1669922 3677.4184570 0.2016568 
1 107 11556.7958984 3681.0742188 0.2016929 
1 108 11561.0849609 3685.1086426 0.2016555 
1 109 11564.6308594 3688.8576660 0.2015763 
1 110 11568.0390625 3692.3769531 0.2015711 
1 111 11571.2158203 3696.3417969 0.2014833 
1 112 11573.9501953 3699.6594238 0.2014746 
1 113 11576.5146484 3703.3120117 0.2014867 
1 114 11579.0322266 3707.6076660 0.2014798 
1 115 11581.9189453 3712.3610840 0.2014507 
1 116 11584.9121094 3718.2351074 0.2014352 
1 117 11587.9199219 3725.0302734 0.2013918 
1 118 11590.5615234 3732.2043457 0.2012933 
1 119 11593.0078125 3739.3886719 0.2012669 
1 120 11595.2392578 3746.1611328 0.2012042 
1 121 11597.3906250 3752.2368164 0.2011548 
1 122 11599.2919922 3757.8862305 0.2011173 
1 123 11601.0078125 3763.3916016 0.2010969 
1 124 11602.6269531 3768.2988281 0.2010104 
1 125 11604.2480469 3772.8391113 0.2009836 
1 126 11605.8701172 3777.4443359 0.2009893 
1 127 11607.5732422 3781.9755859 0.2010213 
1 128 11609.6894531 3786.5310059 0.2009820 
1 129 11609.6865234 3786.5283203 0.2009801 
1 130 11611.5332031 3791.3881836 0.2009869 
1 131 11613.5439453 3796.6013184 0.2009573 
1 132 11615.5869141 3801.9064941 0.2009042 
1 133 11617.6738281 3807.0195312 0.2008959 
1 134 11620.0869141 3812.1782227 0.2008431 
1 135 11622.3554688 3817.3535156 0.2008123 
1 136 11624.4511719 3822.6157227 0.2007661 
1 137 11625.7910156 3827.7597656 0.2007148 
1 138 11626.9580078 3832.4697266 0.2006861 
1 139 11628.4941406 3836.8676758 0.2006565 
1 140 11629.9755859 3840.7937012 0.2006259 
1 141 11631.6621094 3843.7895508 0.2005866 
1 142 11633.5839844 3845.7031250 0.2005674 
1 143 11635.8808594 3847.3376465 0.2005665 
1 144 11638.4033203 3848.7163086 0.2005638 
1 145 11641.0097656 3849.8142090 0.2005556 
1 146 11644.3398438 3850.4599609 0.2005576 
1 147 11648.0380859 3850.9106445 0.2005816 
1 148 11652.1689453 3851.3803711 0.2006143 
1 149 11656.4667969 3851.9409180 0.2006233 
1 150 11660.8193359 3852.6306152 0.2006532 
1 151 11665.6044922 3853.3459473 0.2006491 
1 152 11670.6210938 3854.2041016 0.2005826 
1 153 11676.3085938 3854.9160156 0.2005815 
1 154 11676.3085938 3854.9160156 0.2005815 
1 155 11682.3144531 3855.6813965 0.2005796 
1 156 11688.9843750 3856.5905762 0.2005854 
1 157 11696.1083984 3857.4936523 0.2007306 
1 158 11703.7060547 3858.1909180 0.2007711 
1 159 11711.7724609 3858.7438965 0.2009383 
1 160 11719.1113281 3859.8513184 0.2007733 
1 161 11726.7656250 3860.6176758 0.2006100 
1 162 11735.0351562 3861.4890137 0.2006989 
1 163 11742.4111328 3862.5607910 0.2006869 
1 164 11749.1318359 3863.6928711 0.2003064 
1 165 11754.3662109 3865.0671387 0.2001957 
1 166 11757.8437500 3865.7114258 0.2002707 
1 167 11759.7558594 3866.0068359 0.2000731 
1 168 11760.1250000 3865.9350586 0.2000000 
1 169 11760.2919922 3866.0654297 0.2002106 
1 170 11760.7050781 3866.4750977 0.2003313 
1 171 11760.6455078 3867.4702148 0.2004486 
1 172 11760.4101562 3869.7219238 0.2005298 
1 173 11759.4843750 3873.2836914 0.2005991 
1 174 11758.1044922 3878.3200684 0.2007227 
1 175 11756.2880859 3883.8820801 0.2008468 
1 176 11754.5703125 3889.6762695 0.2009547 
1 177 11753.0126953 3895.3273926 0.2009966 
1 178 11751.7832031 3901.0170898 0.2010839 
1 179 11751.7675781 3901.0278320 0.2010884 
1 180 11750.6005859 3906.4597168 0.2010228 
1 181 11749.2978516 3911.2739258 0.2010761 
1 182 11747.5537109 3916.6809082 0.2012974 
1 183 11746.2285156 3922.0922852 0.2012850 
1 184 11745.1572266 3927.3750000 0.2012947 
1 185 11744.0937500 3932.5656738 0.2013716 
1 186 11742.8232422 3937.8862305 0.2014106 
1 187 11741.8662109 3943.4409180 0.2014736 
1 188 11740.6044922 3948.7375488 0.2015184 
1 189 11739.7939453 3953.9426270 0.2015299 
1 190 11739.2763672 3958.9052734 0.2014304 
1 191 11739.5351562 3963.2583008 0.2012534 
1 192 11739.7509766 3967.9357910 0.2012287 
1 193 11740.0097656 3971.9821777 0.2012404 
1 194 11740.4140625 3975.8923340 0.2012935 
1 195 11741.0703125 3979.9716797 0.2012997 
1 196 11741.7871094 3984.5458984 0.2013111 
1 197 11741.9062500 3989.1440430 0.2013375 
1 198 11742.0781250 3993.9687500 0.2013124 
1 199 11742.1005859 3999.0012207 0.2010869 
1 200 11741.4414062 4003.8437500 0.2010111 
1 201 11740.9843750 4008.6728516 0.2009094 
1 202 11740.4707031 4013.8027344 0.2007974 
1 203 11740.2294922 4018.1748047 0.2007006 
1 204 11740.2294922 4018.1748047 0.2007006 
1 205 11740.4804688 4021.7185059 0.2006058 
1 206 11740.9941406 4024.2331543 0.2005765 
1 207 11742.1542969 4025.8139648 0.2005332 
1 208 11743.9062500 4026.9055176 0.2005338 
1 209 11746.5312500 4027.7746582 0.2005582 
1 210 11750.1816406 4028.4372559 0.2005823 
1 211 11754.4277344 4029.0600586 0.2006244 
1 212 11759.3183594 4029.7768555 0.2006507 
1 213 11764.9238281 4030.1318359 0.2006862 
1 214 11771.3623047 4030.4909668 0.2006898 
1 215 11777.9941406 4030.4130859 0.2007251 
1 216 11785.0273438 4029.6616211 0.2007748 
1 217 11792.0888672 4028.2724609 0.2008117 
1 218 11799.6669922 4025.8227539 0.2008444 
1 219 11807.0986328 4022.4729004 0.2008430 
1 220 11814.8925781 4018.3378906 0.2008550 
1 221 11822.7070312 4013.1303711 0.2009112 
1 222 11830.9472656 4007.9580078 0.2010275 
1 223 11839.2441406 4002.2099609 0.2010997 
1 224 11848.0283203 3996.4260254 0.2012207 
1 225 11857.2207031 3991.1381836 0.2013453 
1 226 11866.2148438 3985.9218750 0.2014414 
1 227 11874.7988281 3981.3293457 0.2015895 
1 228 11882.2128906 3977.2495117 0.2017092 
1 229 11882.2128906 3977.2495117 0.2017092 
1 230 11888.6308594 3973.3271484 0.2017835 
1 231 11894.4960938 3969.8315430 0.2018872 
1 232 11899.7695312 3966.1284180 0.2019521 
1 233 11904.1113281 3961.8583984 0.2020079 
1 234 11908.2167969 3957.8491211 0.2020945 
1 235 11912.1640625 3953.4777832 0.2021385 
1 236 11916.3320312 3948.5532227 0.2021826 
1 237 11920.9609375 3942.9545898 0.2022272 
1 238 11925.6826172 3936.0524902 0.2022748 
1 239 11930.5683594 3928.2514648 0.2023748 
1 240 11935.7031250 3920.2519531 0.2025228 
1 241 11940.7607422 3912.2768555 0.2026370 
1 242 11945.8779297 3904.4638672 0.2027579 
1 243 11951.0986328 3896.5493164 0.2028847 
1 244 11956.3330078 3888.8457031 0.2030196 
1 245 11961.2597656 3881.3994141 0.2031489 
1 246 11965.8017578 3874.2729492 0.2032700 
1 247 11970.4287109 3867.2631836 0.2034018 
1 248 11975.2031250 3860.6157227 0.2035253 
1 249 11980.6542969 3853.2956543 0.2036142 
1 250 11986.4248047 3845.7890625 0.2037411 
1 251 11992.7558594 3837.5766602 0.2038651 
1 252 11999.3017578 3828.7363281 0.2040267 
1 253 12005.9130859 3820.0185547 0.2041722 
1 254 12005.9130859 3820.0185547 0.2041722 
1 255 12012.8632812 3811.1572266 0.2043150 
1 256 12020.1025391 3802.1347656 0.2044231 
1 257 12027.9296875 3792.5122070 0.2046161 
1 258 12036.5468750 3782.9208984 0.2047907 
1 259 12046.2773438 3773.0107422 0.2049972 
1 260 12057.2607422 3762.3076172 0.2051584 
1 261 12068.7412109 3751.3471680 0.2053829 
1 262 12080.5957031 3740.7182617 0.2055292 
1 263 12092.4267578 3728.9008789 0.2056774 
1 264 12104.2128906 3717.2202148 0.2058596 
1 265 12115.9814453 3705.5703125 0.2060282 
1 266 12128.1035156 3693.4042969 0.2062167 
1 267 12141.0156250 3679.8952637 0.2063875 
1 268 12155.3945312 3666.0224609 0.2066115 
1 269 12171.1796875 3652.7763672 0.2068135 
1 270 12187.3613281 3639.5522461 0.2069897 
1 271 12204.1601562 3625.1416016 0.2071530 
1 272 12220.1074219 3609.8464355 0.2073464 
1 273 12236.2500000 3595.2128906 0.2076079 
1 274 12252.9375000 3580.5368652 0.2078227 
1 275 12268.2226562 3565.7434082 0.2080021 
1 276 12282.0507812 3552.6403809 0.2082524 
1 277 12295.0410156 3540.7663574 0.2084391 
1 278 12308.1933594 3529.1748047 0.2086256 
1 279 12308.1933594 3529.1748047 0.2086256 
1 280 12321.6523438 3517.3837891 0.2087962 
1 281 12335.0976562 3505.7133789 0.2089158 
1 282 12348.6250000 3492.4682617 0.2090428 
1 283 12362.2910156 3480.5454102 0.2092547 
1 284 12373.8593750 3469.2629395 0.2093408 
1 285 12384.8906250 3457.1562500 0.2094954 
1 286 12393.7578125 3447.1083984 0.2096076 
1 287 12401.3593750 3435.3149414 0.2096480 
1 288 12410.3437500 3422.4624023 0.2097580 
1 289 12420.3320312 3409.2851562 0.2098309 
1 290 12430.0107422 3396.7312012 0.2100164 
1 291 12436.5410156 3385.5422363 0.2101578 
1 292 12441.7871094 3374.5959473 0.2102723 
1 293 12446.9414062 3363.2541504 0.2103630 
1 294 12451.8378906 3352.0153809 0.2104773 
1 295 12456.4638672 3342.1774902 0.2106175 
1 296 12461.1582031 3333.5559082 0.2106706 
1 297 12467.2773438 3323.1850586 0.2107490 
1 298 12473.8007812 3314.3127441 0.2108982 
1 299 12479.1591797 3307.2546387 0.2110055 
1 300 12484.1054688 3301.0727539 0.2110821 
1 301 12489.1503906 3294.2678223 0.2110861 
1 302 12493.1201172 3285.7619629 0.2111110 
1 303 12496.8925781 3276.6330566 0.2111774 
1 304 12496.8925781 3276.6330566 0.2111774 
1 305 12500.8125000 3266.8227539 0.2112014 
1 306 12505.6650391 3256.5908203 0.2112600 
1 307 12510.5742188 3247.8208008 0.2113893 
1 308 12515.1513672 3240.2910156 0.2114846 
1 309 12519.3515625 3233.9160156 0.2116046 
1 310 12523.3359375 3227.5263672 0.2116762 
1 311 12528.1923828 3221.2585449 0.2117707 
1 312 12533.1484375 3216.5366211 0.2118706 
1 313 12537.0957031 3212.2268066 0.2119263 
1 314 12541.0429688 3209.6870117 0.2119691 
1 315 12545.0380859 3205.5810547 0.2119980 
1 316 12549.6953125 3200.9145508 0.2119821 
1 317 12556.0341797 3197.3303223 0.2119668 
1 318 12562.5468750 3194.0427246 0.2119922 
1 319 12569.1875000 3191.5268555 0.2119806 
1 320 12575.6396484 3188.1000977 0.2120064 
1 321 12580.9677734 3184.8959961 0.2120277 
1 322 12586.6298828 3181.2001953 0.2120553 
1 323 12592.8525391 3177.4328613 0.2120789 
1 324 12601.4951172 3174.8320312 0.2121145 
1 325 12610.5332031 3172.9799805 0.2121730 
1 326 12618.7128906 3169.9611816 0.2121780 
1 327 12627.5732422 3167.3256836 0.2122780 
1 328 12635.7617188 3165.7949219 0.2123095 
1 329 12635.7558594 3165.8090820 0.2123086 
1 330 12643.4677734 3164.0532227 0.2123567 
1 331 12650.8505859 3163.1845703 0.2124129 
1 332 12658.5986328 3163.0251465 0.2124601 
1 333 12666.4599609 3163.2900391 0.2126292 
1 334 12674.4101562 3164.0371094 0.2126413 
1 335 12682.8203125 3166.3000488 0.2126527 
1 336 12690.9296875 3169.0100098 0.2126075 
1 337 12700.1660156 3172.3142090 0.2127789 
1 338 12708.8417969 3175.2976074 0.2127566 
1 339 12717.4062500 3178.3486328 0.2127989 
1 340 12723.9941406 3180.5407715 0.2127490 
1 341 12730.0283203 3182.3605957 0.2127542 
1 342 12735.0146484 3183.7692871 0.2127060 
1 343 12739.3837891 3184.5812988 0.2126772 
1 344 12742.9384766 3184.7939453 0.2126507 
1 345 12745.3535156 3184.4787598 0.2126081 
1 346 12746.9941406 3183.4948730 0.2125757 
1 347 12748.3486328 3181.9260254 0.2125629 
1 348 12749.6435547 3179.9272461 0.2125529 
1 349 12751.5869141 3177.3457031 0.2125989 
1 350 12753.5400391 3174.6262207 0.2126174 
1 351 12755.6621094 3171.8652344 0.2126321 
1 352 12757.8134766 3168.9357910 0.2126317 
1 353 12760.0576172 3166.5310059 0.2126927 
1 354 12760.0576172 3166.5310059 0.2126927 
1 355 12762.3769531 3164.1342773 0.2127154 
1 356 12765.2138672 3161.1147461 0.2127213 
1 357 12768.3710938 3157.5166016 0.2127555 
1 358 12772.4111328 3154.2038574 0.2128969 
1 359 12776.9638672 3151.4228516 0.2129970 
1 360 12781.5312500 3149.5209961 0.2130288 
1 361 12786.2675781 3148.7353516 0.2130561 
1 362 12791.0039062 3149.1362305 0.2130465 
1 363 12795.5058594 3150.5473633 0.2130623 
1 364 12800.2138672 3152.5795898 0.2130851 
1 365 12805.5390625 3154.8327637 0.2131038 
1 366 12810.9062500 3157.1877441 0.2131187 
1 367 12816.7392578 3159.6699219 0.2131447 
1 368 12822.9570312 3161.8579102 0.2132385 
1 369 12828.5556641 3164.2207031 0.2131650 
1 370 12833.6210938 3166.2446289 0.2130889 
1 371 12837.8955078 3167.7724609 0.2130226 
1 372 12841.2841797 3169.1147461 0.2128977 
1 373 12844.0917969 3170.1770020 0.2128647 
1 374 12846.0107422 3170.7985840 0.2127763 
1 375 12847.3925781 3171.3149414 0.2127021 
1 376 12848.3671875 3171.6499023 0.2126304 
1 377 12849.1992188 3171.9763184 0.2125726 
1 378 12849.7939453 3172.2824707 0.2124719 
1 379 12849.7939453 3172.2824707 0.2124719 
1 380 12850.1904297 3172.4289551 0.2124217 
1 381 12850.4150391 3172.5249023 0.2123601 
1 382 12850.6787109 3172.6591797 0.2122796 
1 383 12851.0273438 3172.7524414 0.2122582 
1 384 12851.6328125 3172.8911133 0.2121416 
1 385 12852.2451172 3172.9316406 0.2120712 
1 386 12852.8984375 3172.6894531 0.2120252 
1 387 12853.8857422 3172.6591797 0.2120098 
1 388 12855.4843750 3172.8305664 0.2119790 
1 389 12857.3535156 3173.0385742 0.2120120 
1 390 12859.4882812 3173.3791504 0.2119757 
1 391 12861.3300781 3173.4909668 0.2120098 
1 392 12862.9355469 3173.5957031 0.2120169 
1 393 12864.1718750 3173.7170410 0.2120507 
1 394 12865.2148438 3173.9301758 0.2120766 
1 395 12866.2265625 3174.2739258 0.2119849 
1 396 12866.7333984 3174.5507812 0.2119883 
1 397 12867.1308594 3174.7971191 0.2119893 
1 398 12867.5205078 3175.0668945 0.2119861 
1 399 12867.8964844 3175.3063965 0.2120472 
1 400 12868.1992188 3175.5600586 0.2121206 
1 401 12868.4609375 3175.7988281 0.2121857 
1 402 12868.6376953 3175.9008789 0.2122453 
1 403 12868.7714844 3176.0915527 0.2123261 
1 404 12868.7714844 3176.0915527 0.2123261 
1 405 12868.8857422 3176.1538086 0.2123701 
1 406 12868.9697266 3176.0893555 0.2124744 
1 407 12869.2109375 3176.2392578 0.2125428 
1 408 12869.4003906 3176.3303223 0.2125674 
1 409 12869.6494141 3176.4318848 0.2126236 
1 410 12869.6982422 3176.3596191 0.2126461 
1 411 12869.9746094 3176.3359375 0.2127218 
1 412 12870.2031250 3176.2241211 0.2127471 
1 413 12870.9335938 3176.1525879 0.2128416 
1 414 12872.5449219 3176.7329102 0.2127091 
1 415 12873.9121094 3176.9079590 0.2126973 
1 416 12875.4482422 3177.1298828 0.2126882 
1 417 12877.1308594 3177.0957031 0.2127112 
1 418 12878.7744141 3177.4694824 0.2127030 
1 419 12880.2187500 3177.9714355 0.2126760 
1 420 12881.5800781 3178.3359375 0.2126334 
1 421 12882.5781250 3178.5170898 0.2126025 
1 422 12883.5205078 3178.5000000 0.2126595 
1 423 12884.3632812 3178.8952637 0.2126299 
1 424 12884.9121094 3178.7917480 0.2126445 
1 425 12885.2968750 3178.7414551 0.2126250 
1 426 12885.7597656 3178.1391602 0.2126195 
1 427 12886.3232422 3176.8613281 0.2126064 
1 428 12887.4560547 3175.2980957 0.2126263 
1 429 12887.4560547 3175.2980957 0.2126263 
1 430 12889.2988281 3173.8476562 0.2126633 
1 431 12891.6718750 3173.3940430 0.2126894 
1 432 12894.2675781 3172.6394043 0.2126770 
1 433 12896.7753906 3171.1704102 0.2126427 
1 434 12899.4882812 3168.3730469 0.2126588 
1 435 12902.6992188 3165.6545410 0.2127022 
1 436 12906.4179688 3163.2009277 0.2127140 
1 437 12910.7128906 3160.5795898 0.2127552 
1 438 12915.9814453 3158.4909668 0.2128342 
1 439 12921.9511719 3157.3940430 0.2128757 
1 440 12927.7792969 3156.8850098 0.2128763 
1 441 12933.3974609 3156.6108398 0.2129018 
1 442 12938.6347656 3157.4938965 0.2129639 
1 443 12943.9062500 3158.4423828 0.2129189 
1 444 12948.9375000 3159.1452637 0.2128907 
1 445 12953.5800781 3160.0322266 0.2129160 
1 446 12957.8652344 3161.0598145 0.2129251 
1 447 12961.8125000 3162.3718262 0.2129938 
1 448 12965.7705078 3163.2370605 0.2130216 
1 449 12969.3251953 3163.9702148 0.2130585 
1 450 12972.3808594 3163.7939453 0.2130660 
1 451 12975.9101562 3163.1936035 0.2130798 
1 452 12979.6689453 3162.4074707 0.2131421 
1 453 12983.7695312 3161.6948242 0.2131740 
1 454 12983.7695312 3161.7077637 0.2131795 
1 455 12988.0000000 3161.9216309 0.2132189 
1 456 12992.2636719 3163.0434570 0.2132263 
1 457 12996.6904297 3164.6530762 0.2132552 
1 458 13001.4023438 3167.2277832 0.2132629 
1 459 13001.4023438 3167.2277832 0.2132629 
1 460 13001.4023438 3167.2277832 0.2132629 
1 461 13001.4023438 3167.2277832 0.2132629 
1 462 13001.4023438 3167.2277832 0.2132629 
1 463 13001.4023438 3167.2277832 0.2132629 
1 464 13001.4023438 3167.2277832 0.2132629 
1 465 13001.4023438 3167.2277832 0.2132629 
1 466 13001.4023438 3167.2277832 0.2132629 
1 467 13001.4023438 3167.2277832 0.2132629 
1 468 13001.4023438 3167.2277832 0.2132629 
1 469 13001.4023438 3167.2277832 0.2132629 
1 470 13001.4023438 3167.2277832 0.2132629 
1 471 13001.4023438 3167.2277832 0.2132629 
1 472 13001.4023438 3167.2277832 0.2132629 
1 473 13001.4023438 3167.2277832 0.2132629 
1 474 13001.4023438 3167.2277832 0.2132629 
1 475 13001.4023438 3167.2277832 0.2132629 
1 476 13001.4023438 3167.2277832 0.2132629 
1 477 13001.4023438 3167.2277832 0.2132629 
1 478 13001.4023438 3167.2277832 0.2132629 
1 479 13001.4023438 3167.2277832 0.2132629 
1 480 13001.4023438 3167.2277832 0.2132629 
1 481 13001.4023438 3167.2277832 0.2132629 
1 482 13001.4023438 3167.2277832 0.2132629 
1 483 13001.4023438 3167.2277832 0.2132629 
1 484 13001.4023438 3167.2277832 0.2132629 
1 485 13001.4023438 3167.2277832 0.2132629 
1 486 13001.4023438 3167.2277832 0.2132629 
1 487 13001.4023438 3167.2277832 0.2132629 
1 488 13001.4023438 3167.2277832 0.2132629 
1 489 13001.4023438 3167.2277832 0.2114212 
1 490 13000.0439453 3168.6235352 0.2116442 
1 491 12998.2714844 3167.8193359 0.2111336 
1 492 12996.8496094 3165.2199707 0.2110934 
1 493 12995.9218750 3163.6257324 0.2111610 
1 494 12993.5839844 3160.6293945 0.2098720 
1 495 12991.5175781 3156.6333008 0.2099361 
1 496 12990.9082031 3152.6135254 0.2104732 
1 497 12993.1884766 3151.8754883 0.2121775 
1 498 12995.9687500 3152.5234375 0.2126883 
1 499 13000.8701172 3155.0444336 0.2148071 
1 500 13005.8017578 3156.4995117 0.2158544 
1 501 13012.1376953 3160.5310059 0.2180129 
1 502 13018.9345703 3163.3632812 0.2202488 
1 503 13025.3027344 3164.3193359 0.2223837 
1 504 13025.3027344 3164.3193359 0.2223837 
1 505 13032.4414062 3166.6994629 0.2240055 
1 506 13039.5791016 3167.9699707 0.2261565 
1 507 13047.7822266 3168.3022461 0.2283056 
1 508 13055.0019531 3171.9125977 0.2313111 
1 509 13059.7548828 3168.3776855 0.2339066 
1 510 13066.2255859 3166.7590332 0.2367663 
1 511 13069.7382812 3166.5092773 0.2391867 
1 512 13072.1484375 3167.9128418 0.2406017 
1 513 13073.0390625 3169.1003418 0.2412751 
1 514 13073.2275391 3170.8713379 0.2422873 
1 515 13072.2558594 3172.9665527 0.2421917 
1 516 13071.3085938 3173.4121094 0.2439095 
1 517 13070.4257812 3178.2253418 0.2446433 
1 518 13068.7968750 3181.9462891 0.2465555 
1 519 13066.4658203 3185.8417969 0.2475598 
1 520 13062.8515625 3191.3808594 0.2472632 
1 521 13059.4140625 3193.4765625 0.2474195 
1 522 13056.0390625 3195.6953125 0.2460112 
1 523 13053.3164062 3197.3388672 0.2443065 
1 524 13051.6357422 3198.0512695 0.2464663 
1 525 13049.4375000 3198.4956055 0.2465286 
1 526 13047.4316406 3197.7495117 0.2481308 
1 527 13045.6953125 3196.4011230 0.2484936 
1 528 13043.1552734 3193.5339355 0.2471803 
1 529 13043.1552734 3193.5339355 0.2471803 
1 530 13042.5244141 3191.6442871 0.2485223 
1 531 13041.2304688 3190.3173828 0.2482748 
1 532 13040.1054688 3190.2529297 0.2456304 
1 533 13039.3515625 3190.6010742 0.2438870 
1 534 13039.4580078 3191.6005859 0.2441158 
1 535 13040.2060547 3194.0109863 0.2450691 
1 536 13040.7607422 3197.6625977 0.2450734 
1 537 13042.1406250 3200.3906250 0.2456187 
1 538 13042.8623047 3204.0322266 0.2448773 
1 539 13043.8769531 3207.8422852 0.2437264 
1 540 13045.3066406 3212.8427734 0.2437273 
1 541 13046.9873047 3218.6630859 0.2435220 
1 542 13048.6376953 3223.6289062 0.2433580 
1 543 13050.4277344 3229.3310547 0.2430949 
1 544 13052.7851562 3233.1562500 0.2427987 
1 545 13055.4150391 3237.4345703 0.2427684 
1 546 13058.0175781 3241.8508301 0.2423431 
1 547 13060.6923828 3245.3125000 0.2423333 
1 548 13063.6728516 3248.1677246 0.2423318 
1 549 13066.9179688 3250.4196777 0.2425547 
1 550 13070.0341797 3252.7683105 0.2427071 
1 551 13072.8720703 3253.1850586 0.2424923 
1 552 13074.6240234 3253.4062500 0.2430059 
1 553 13076.3632812 3252.5344238 0.2434053 
1 554 13076.3632812 3252.5344238 0.2434053 
1 555 13077.1523438 3251.5717773 0.2441166 
1 556 13076.8164062 3249.1855469 0.2447626 
1 557 13075.3613281 3245.5156250 0.2460471 
1 558 13073.2470703 3241.5888672 0.2474494 
1 559 13071.3173828 3236.7968750 0.2485630 
1 560 13070.2548828 3231.7370605 0.2497826 
1 561 13069.8007812 3228.0961914 0.2513243 
1 562 13068.9404297 3225.4804688 0.2537719 
1 563 13068.9365234 3222.5549316 0.2554185 
1 564 13067.5878906 3218.7089844 0.2561184 
1 565 13070.0673828 3219.7189941 0.2579933 
1 566 13072.4267578 3220.7834473 0.2587300 
1 567 13074.2109375 3220.6311035 0.2599561 
1 568 13075.4492188 3221.6274414 0.2616798 
1 569 13077.2509766 3220.4052734 0.2627296 
1 570 13079.2617188 3220.6494141 0.2640133 
1 571 13082.3623047 3220.8833008 0.2647127 
1 572 13083.8515625 3221.0207520 0.2664990 
1 573 13085.4599609 3219.4477539 0.2680733 
1 574 13087.7626953 3217.5786133 0.2704846 
1 575 13089.8134766 3214.5104980 0.2733979 
1 576 13092.3876953 3208.4013672 0.2760883 
1 577 13094.3115234 3200.9902344 0.2787749 
1 578 13097.3779297 3194.9697266 0.2815141 
1 579 13097.3779297 3194.9697266 0.2815141 
1 580 13098.0390625 3190.1674805 0.2856518 
1 581 13097.4902344 3184.3686523 0.2896034 
1 582 13096.3916016 3180.9760742 0.2941300 
1 583 13093.2187500 3175.5375977 0.2992141 
1 584 13089.4746094 3175.1235352 0.3049289 
1 585 13087.6835938 3174.6618652 0.3102715 
1 586 13085.9335938 3176.7724609 0.3141874 
1 587 13099.4023438 3198.3979492 0.3059554 
1 588 13104.4736328 3210.1916504 0.3059254 
1 589 13110.5019531 3223.5126953 0.3055356 
1 590 13119.5068359 3240.5966797 0.3007731 
1 591 13124.4189453 3254.3183594 0.3037578 
1 592 13138.3935547 3276.4418945 0.2922654 
1 593 13145.3671875 3287.2214355 0.2935834 
1 594 13151.0986328 3294.5849609 0.2966115 
1 595 13157.6601562 3302.4453125 0.3000093 
1 596 13166.5175781 3314.6948242 0.3009993 
1 597 13173.0976562 3321.9079590 0.3039582 
1 598 13179.8876953 3329.7194824 0.3067025 
1 599 13187.4238281 3335.9375000 0.3085478 
1 600 13192.5732422 3341.6650391 0.3090063 
1 601 13201.7236328 3354.7529297 0.3089626 
1 602 13207.1113281 3362.5332031 0.3083956 
1 603 13216.5625000 3376.8967285 0.3046197 
1 604 13216.5625000 3376.8967285 0.3046197 
1 605 13222.6650391 3387.4907227 0.3051318 
1 606 13225.4765625 3393.2070312 0.3100646 
1 607 13228.7001953 3401.2211914 0.3152812 
1 608 13233.1015625 3408.9938965 0.3188880 
1 609 13235.1230469 3412.8090820 0.3237119 
1 610 13238.2138672 3417.9250488 0.3282481 
1 611 13241.1230469 3423.2851562 0.3333955 
1 612 13255.0058594 3440.9597168 0.3243254 
1 613 13261.2001953 3451.2792969 0.3234788 
1 614 13266.4365234 3458.8552246 0.3242343 
1 615 13268.4482422 3460.6447754 0.3284518 
1 616 13272.2666016 3465.9921875 0.3301656 
1 617 13279.4384766 3479.3251953 0.3270425 
1 618 13284.2968750 3486.7770996 0.3264076 
1 619 13288.7148438 3493.2468262 0.3257572 
1 620 13293.1435547 3500.7922363 0.3255871 
1 621 13297.7353516 3507.7719727 0.3253521 
1 622 13302.3691406 3515.0197754 0.3250821 
1 623 13306.8125000 3522.7951660 0.3247168 
1 624 13310.7597656 3529.8742676 0.3246431 
1 625 13314.8632812 3537.9238281 0.3244213 
1 626 13318.8300781 3545.4472656 0.3243759 
1 627 13322.8085938 3553.6013184 0.3240165 
1 628 13326.0048828 3560.7617188 0.3241172 
1 629 13326.0048828 3560.7617188 0.3241172 
1 630 13328.9746094 3567.7890625 0.3241323 
1 631 13332.2080078 3574.7456055 0.3238488 
1 632 13335.2070312 3582.2055664 0.3236721 
1 633 13338.2558594 3588.7026367 0.3235043 
1 634 13341.2773438 3595.5710449 0.3230133 
1 635 13344.2128906 3601.7944336 0.3228876 
1 636 13347.4199219 3608.5834961 0.3226219 
1 637 13350.8183594 3616.0202637 0.3224819 
1 638 13354.2187500 3623.0532227 0.3225165 
1 639 13357.6406250 3630.4804688 0.3221959 
1 640 13360.6298828 3638.1677246 0.3220332 
1 641 13363.5292969 3645.7009277 0.3220075 
1 642 13365.9970703 3653.3483887 0.3219902 
1 643 13368.5878906 3659.0563965 0.3212012 
1 644 13370.5175781 3665.6057129 0.3210636 
1 645 13372.4326172 3671.7751465 0.3209282 
1 646 13374.2011719 3678.0541992 0.3208453 
1 647 13375.7226562 3683.5178223 0.3205453 
1 648 13377.0888672 3688.4499512 0.3201965 
1 649 13378.1308594 3693.5046387 0.3202343 
1 650 13378.9472656 3698.8732910 0.3202862 
1 651 13379.8144531 3704.0742188 0.3200309 
1 652 13380.5712891 3708.9145508 0.3201603 
1 653 13381.1123047 3713.9450684 0.3199313 
1 654 13381.1123047 3713.9450684 0.3199313 
1 655 13381.7568359 3717.2402344 0.3199625 
1 656 13382.2119141 3720.8251953 0.3200046 
1 657 13382.8496094 3722.0976562 0.3198968 
1 658 13383.5585938 3721.7260742 0.3201059 
1 659 13384.5332031 3719.0156250 0.3200887 
1 660 13385.8027344 3713.6962891 0.3199702 
1 661 13386.8593750 3709.6462402 0.3201070 
1 662 13387.1767578 3708.7326660 0.3175339 
1 663 13387.3193359 3708.8593750 0.3148710 
1 664 13387.8085938 3708.7631836 0.3150725 
1 665 13388.1201172 3708.9914551 0.3151166 
1 666 13388.1406250 3710.6000977 0.3153011 
1 667 13388.1826172 3711.6579590 0.3153620 
1 668 13388.1162109 3713.0090332 0.3156227 
1 669 13387.7441406 3715.7849121 0.3159195 
1 670 13387.5117188 3717.2412109 0.3138909 
1 671 13387.0654297 3719.5854492 0.3138924 
1 672 13386.6152344 3721.5427246 0.3139274 
1 673 13386.0722656 3723.6962891 0.3140675 
1 674 13385.9980469 3723.3518066 0.3122132 
1 675 13385.5976562 3724.1025391 0.3127600 
1 676 13385.4414062 3723.9711914 0.3116083 
1 677 13385.1113281 3724.5708008 0.3106530 
1 678 13384.6933594 3725.5676270 0.3101930 
1 679 13384.6933594 3725.5676270 0.3101930 
1 680 13384.6181641 3724.7509766 0.3099270 
1 681 13384.3789062 3724.2895508 0.3095980 
1 682 13383.3896484 3726.8935547 0.3101882 
1 683 13383.0322266 3726.2734375 0.3101368 
1 684 13382.8427734 3724.7534180 0.3101528 
1 685 13382.5537109 3723.7380371 0.3102039 
1 686 13381.9707031 3723.8188477 0.3102139 
1 687 13381.3095703 3724.2373047 0.3099692 
1 688 13380.7500000 3724.0498047 0.3100079 
1 689 13380.1220703 3724.4396973 0.3101395 
1 690 13379.1708984 3726.7260742 0.3102910 
1 691 13378.0527344 3729.8701172 0.3103975 
1 692 13376.8740234 3732.9714355 0.3105531 
1 693 13375.6210938 3735.8728027 0.3104816 
1 694 13374.5458984 3738.6545410 0.3107061 
1 695 13373.3876953 3742.3842773 0.3110875 
1 696 13372.4238281 3746.1982422 0.3110963 
1 697 13371.5351562 3749.2963867 0.3109505 
1 698 13370.6972656 3753.3007812 0.3110949 
1 699 13369.7255859 3757.7553711 0.3110596 
1 700 13368.9462891 3761.6230469 0.3110687 
1 701 13368.1582031 3766.1142578 0.3110881 
1 702 13367.5244141 3770.0754395 0.3110852 
1 703 13366.7041016 3774.8156738 0.3109507 
1 704 13366.7041016 3774.8156738 0.3109507 
1 705 13365.8847656 3780.1354980 0.3108938 
1 706 13364.7763672 3786.4960938 0.3107472 
1 707 13363.4921875 3793.4956055 0.3107463 
1 708 13362.0849609 3800.6464844 0.3106683 
1 709 13360.7968750 3807.0080566 0.3105625 
1 710 13359.4921875 3813.3603516 0.3106289 
1 711 13358.1064453 3820.1000977 0.3106593 
1 712 13356.9960938 3825.1633301 0.3107029 
1 713 13355.7558594 3830.1557617 0.3106565 
1 714 13354.5703125 3834.3847656 0.3107519 
1 715 13353.4492188 3838.4384766 0.3107113 
1 716 13352.6406250 3840.7080078 0.3105668 
1 717 13351.2587891 3844.4379883 0.3105947 
1 718 13349.8847656 3847.4038086 0.3105661 
1 719 13348.2089844 3850.7451172 0.3108686 
1 720 13346.6025391 3853.4548340 0.3109086 
1 721 13344.8535156 3855.9519043 0.3110702 
1 722 13342.7285156 3859.6064453 0.3112543 
1 723 13340.7275391 3862.4636230 0.3115071 
1 724 13338.4267578 3866.5688477 0.3117117 
1 725 13336.4599609 3869.0573730 0.3121307 
1 726 13334.4394531 3871.8139648 0.3122555 
1 727 13332.5234375 3874.5168457 0.3124002 
1 728 13331.0595703 3875.5759277 0.3126039 
1 729 13331.0595703 3875.5759277 0.3126039 
1 730 13329.0097656 3878.2104492 0.3126609 
1 731 13327.0302734 3880.7922363 0.3127106 
1 732 13324.9863281 3883.7006836 0.3128059 
1 733 13322.6328125 3887.1054688 0.3128943 
1 734 13320.0917969 3890.4223633 0.3129455 
1 735 13317.3134766 3894.2587891 0.3131020 
1 736 13314.3466797 3899.6203613 0.3134026 
1 737 13311.5771484 3904.0161133 0.3137266 
1 738 13308.8808594 3908.9121094 0.3139139 
1 739 13305.6445312 3916.6557617 0.3143982 
1 740 13302.6074219 3924.5664062 0.3151379 
1 741 13300.1279297 3932.3227539 0.3148980 
1 742 13297.2226562 3942.2971191 0.3151122 
1 743 13293.9892578 3953.7326660 0.3153009 
1 744 13290.6494141 3965.5212402 0.3150717 
1 745 13287.2451172 3978.3842773 0.3151993 
1 746 13283.6044922 3990.5593262 0.3156397 
1 747 13280.2070312 4002.9804688 0.3159071 
1 748 13276.8437500 4015.2329102 0.3160180 
1 749 13272.8281250 4030.1401367 0.3162734 
1 750 13268.6533203 4044.3266602 0.3162201 
1 751 13264.6562500 4058.4462891 0.3163176 
1 752 13260.5000000 4073.4746094 0.3156975 
1 753 13256.2656250 4086.7062988 0.3151629 
1 754 13256.2656250 4086.7062988 0.3151629 
1 755 13252.9882812 4097.6162109 0.3136366 
1 756 13246.7089844 4110.8837891 0.3169012 
1 757 13243.2402344 4120.7578125 0.3153107 
1 758 13239.3632812 4131.4062500 0.3139907 
1 759 13234.8769531 4143.8276367 0.3138166 
1 760 13230.0195312 4156.4394531 0.3130727 
1 761 13224.7167969 4169.1049805 0.3131346 
1 762 13218.5566406 4183.2304688 0.3134299 
1 763 13212.2050781 4196.2167969 0.3137443 
1 764 13205.7343750 4209.7802734 0.3156416 
1 765 13198.6435547 4222.7622070 0.3174502 
1 766 13190.8740234 4237.0244141 0.3203498 
1 767 13180.3281250 4255.7246094 0.3260803 
1 768 13168.1445312 4276.6074219 0.3330306 
1 769 13157.7880859 4297.3662109 0.3381507 
1 770 13148.8496094 4311.7216797 0.3416201 
1 771 13141.0742188 4323.1264648 0.3439795 
1 772 13137.3681641 4328.7211914 0.3435084 
1 773 13130.8925781 4343.1127930 0.3436004 
1 774 13127.4140625 4353.2788086 0.3413491 
1 775 13121.6367188 4367.5449219 0.3414803 
1 776 13115.4648438 4382.7075195 0.3407904 
1 777 13109.2392578 4397.2026367 0.3402413 
1 778 13103.3281250 4411.2358398 0.3397482 
1 779 13103.3281250 4411.2358398 0.3397482 
1 780 13098.2529297 4424.0000000 0.3390083 
1 781 13094.5595703 4434.7207031 0.3372160 
1 782 13091.2011719 4445.0527344 0.3352984 
1 783 13088.2871094 4454.2714844 0.3340002 
1 784 13086.6894531 4462.3784180 0.3309767 
1 785 13083.0566406 4472.6489258 0.3295428 
1 786 13079.0019531 4483.8886719 0.3293564 
1 787 13074.9882812 4494.9179688 0.3285639 
1 788 13069.7802734 4507.3125000 0.3277448 
1 789 13063.9609375 4520.0434570 0.3276480 
1 790 13057.2167969 4534.7270508 0.3253056 
1 791 13051.6386719 4548.8505859 0.3239815 
1 792 13044.0761719 4563.0883789 0.3239525 
1 793 13036.3945312 4577.1665039 0.3235935 
1 794 13028.0390625 4591.2055664 0.3268008 
1 795 13017.4208984 4608.0810547 0.3280615 
1 796 13006.5234375 4624.5473633 0.3288100 
1 797 12995.0156250 4641.0537109 0.3295825 
1 798 12982.1923828 4658.9726562 0.3310086 
1 799 12967.1289062 4679.5791016 0.3343924 
1 800 12951.4736328 4700.8500977 0.3353986 
1 801 12936.4599609 4721.0234375 0.3385506 
1 802 12925.3808594 4735.6923828 0.3385790 
1 803 12920.4804688 4740.8818359 0.3356341 
1 804 12920.4804688 4740.8818359 0.3356341 
1 805 12919.2568359 4739.9667969 0.3347310 
1 806 12919.1318359 4735.1982422 0.3303967 
1 807 12921.3847656 4730.9936523 0.3272098 
1 808 12908.0546875 4749.7529297 0.3310672 
1 809 12902.8408203 4755.9042969 0.3300077 
1 810 12897.1289062 4761.9843750 0.3290785 
1 811 12890.4902344 4770.7304688 0.3258926 
1 812 12884.7802734 4778.2753906 0.3236416 
1 813 12875.7968750 4791.7128906 0.3204047 
1 814 12870.5703125 4799.2070312 0.3196152 
1 815 12862.6796875 4810.5087891 0.3185515 
1 816 12856.0498047 4819.6269531 0.3178158 
1 817 12849.6699219 4828.5390625 0.3171124 
1 818 12843.9492188 4836.7011719 0.3161898 
1 819 12839.1191406 4843.6162109 0.3161953 
1 820 12833.1210938 4852.1098633 0.3159300 
1 821 12826.1474609 4861.4526367 0.3153230 
1 822 12820.3437500 4869.4843750 0.3159316 
1 823 12813.4882812 4878.3291016 0.3163739 
1 824 12805.3593750 4888.6015625 0.3162085 
1 825 12796.5322266 4899.4379883 0.3161846 
1 826 12788.0810547 4909.5581055 0.3171695 
1 827 12779.7734375 4919.3613281 0.3177220 
1 828 12771.5234375 4928.8999023 0.3185167 
1 829 12771.5234375 4928.8999023 0.3185167 
1 830 12762.8330078 4938.6958008 0.3188213 
1 831 12753.6767578 4948.8046875 0.3191955 
1 832 12744.9462891 4958.2319336 0.3196119 
1 833 12732.4316406 4971.1875000 0.3166686 
1 834 12723.0175781 4980.7270508 0.3166508 
1 835 12713.7412109 4989.9453125 0.3167293 
1 836 12704.1552734 4999.2470703 0.3170026 
1 837 12695.0732422 5007.9199219 0.3169510 
1 838 12686.3916016 5016.1074219 0.3169227 
1 839 12677.1679688 5024.6347656 0.3168145 
1 840 12668.5625000 5032.4677734 0.3167945 
1 841 12661.8896484 5038.4550781 0.3171653 
1 842 12655.7333984 5043.8935547 0.3173639 
1 843 12650.1708984 5048.7187500 0.3170583 
1 844 12644.1464844 5053.8476562 0.3165620 
1 845 12638.6933594 5058.3662109 0.3167231 
1 846 12634.3125000 5061.8481445 0.3170238 
1 847 12630.2324219 5064.9873047 0.3169183 
1 848 12627.0625000 5067.2841797 0.3171627 
1 849 12624.0742188 5069.3496094 0.3170796 
1 850 12620.8408203 5071.6113281 0.3169112 
1 851 12618.3193359 5073.2529297 0.3163189 
1 852 12616.4042969 5074.3271484 0.3163494 
1 853 12614.2285156 5075.5751953 0.3162987 
1 854 12614.3437500 5075.4770508 0.3163577 
1 855 12613.0039062 5075.9648438 0.3162095 
1 856 12611.1582031 5076.7143555 0.3163334 
1 857 12607.4375000 5079.0346680 0.3157477 
1 858 12603.6611328 5081.4003906 0.3155349 
1 859 12599.9687500 5083.6972656 0.3154260 
1 860 12595.6933594 5086.4521484 0.3153755 
1 861 12590.3359375 5090.0673828 0.3154043 
1 862 12584.2265625 5094.3906250 0.3151397 
1 863 12578.6757812 5098.4238281 0.3149367 
1 864 12572.7812500 5102.7939453 0.3148003 
1 865 12567.6123047 5106.6801758 0.3146828 
1 866 12562.3789062 5110.7587891 0.3144616 
1 867 12557.1865234 5114.8588867 0.3141728 
1 868 12552.4628906 5118.4892578 0.3139937 
1 869 12548.0712891 5121.8203125 0.3140121 
1 870 12542.9687500 5125.5708008 0.3140167 
1 871 12538.2412109 5129.0615234 0.3138477 
1 872 12533.7714844 5132.3603516 0.3137900 
1 873 12529.3076172 5135.7373047 0.3134618 
1 874 12525.2753906 5138.7451172 0.3135308 
1 875 12520.3818359 5142.2749023 0.3135194 
1 876 12516.5029297 5145.1582031 0.3134617 
1 877 12512.2246094 5148.4985352 0.3134325 
1 878 12508.4121094 5151.4506836 0.3134267 
1 879 12508.4375000 5151.4248047 0.3134164 
1 880 12504.0039062 5154.7958984 0.3134852 
1 881 12500.1445312 5157.6953125 0.3134742 
1 882 12496.1796875 5160.6240234 0.3134972 
1 883 12492.6660156 5163.2724609 0.3133965 
1 884 12490.6005859 5164.9003906 0.3133283 
1 885 12489.1787109 5166.1938477 0.3132823 
1 886 12489.1689453 5166.3305664 0.3134036 
1 887 12488.6621094 5166.7128906 0.3134197 
1 888 12488.1406250 5167.2143555 0.3133501 
1 889 12487.0097656 5168.2441406 0.3133149 
1 890 12487.2187500 5168.3046875 0.3132454 
1 891 12486.8349609 5168.6279297 0.3132767 
1 892 12487.2275391 5168.4609375 0.3133326 
1 893 12487.7626953 5168.3388672 0.3132480 
1 894 12489.8339844 5167.0141602 0.3130867 
1 895 12489.8613281 5167.0991211 0.3130454 
1 896 12490.1708984 5167.0068359 0.3130989 
1 897 12490.4082031 5167.1289062 0.3131011 
1 898 12489.6210938 5167.8735352 0.3131772 
1 899 12490.0966797 5167.8408203 0.3129795 
1 900 12490.6064453 5167.7949219 0.3131081 
1 901 12490.0703125 5168.4228516 0.3130599 
1 902 12492.1210938 5167.1035156 0.3131515 
1 903 12492.2636719 5167.2924805 0.3134622 
1 904 12492.2636719 5167.2924805 0.3134548 
1 905 12492.5136719 5167.4570312 0.3133839 
1 906 12493.7314453 5166.9804688 0.3135736 
1 907 12494.2695312 5166.9804688 0.3136759 
1 908 12495.0048828 5166.7822266 0.3137937 
1 909 12495.4248047 5166.8579102 0.3138644 
1 910 12495.6650391 5167.0253906 0.3138323 
1 911 12496.3515625 5166.9248047 0.3137309 
1 912 12496.7500000 5167.0712891 0.3137648 
1 913 12497.1474609 5167.1801758 0.3138310 
1 914 12498.0449219 5166.8925781 0.3138285 
1 915 12498.5693359 5166.8139648 0.3138392 
1 916 12498.9892578 5166.7675781 0.3139027 
1 917 12499.4257812 5166.6992188 0.3139072 
1 918 12499.5722656 5166.8466797 0.3138831 
1 919 12499.2207031 5167.3295898 0.3139134 
1 920 12498.6240234 5167.9746094 0.3140292 
1 921 12498.0263672 5168.5947266 0.3140039 
1 922 12499.1621094 5167.9755859 0.3139409 
1 923 12499.7607422 5167.7348633 0.3139971 
1 924 12501.2011719 5166.8740234 0.3136997 
1 925 12502.7871094 5165.8437500 0.3138261 
1 926 12503.8652344 5165.1328125 0.3138485 
1 927 12504.6054688 5164.6132812 0.3137959 
1 928 12504.5810547 5164.6069336 0.3139129 
1 929 12504.5810547 5164.6069336 0.3139129 
1 930 12504.3564453 5164.6953125 0.3139969 
1 931 12503.9062500 5164.9062500 0.3140824 
1 932 12503.8945312 5164.7807617 0.3140687 
1 933 12503.1914062 5165.1704102 0.3141961 
1 934 12502.3935547 5165.6269531 0.3142370 
1 935 12502.0888672 5165.7055664 0.3143134 
1 935 12502.0888672 5165.7055664 0.3143134 
