6 0 21022.348 3147.474 0.1322066
6 1 21020.676 3145.7358 0.1319216
6 2 21019.055 3144.032 0.13165441
6 3 21017.482 3142.3662 0.13140656
6 4 21015.963 3140.7397 0.13117586
6 5 21014.467 3139.1326 0.13096158
6 6 21013.021 3137.5583 0.13076602
6 7 21011.625 3135.9692 0.13059282
6 8 21010.268 3134.3464 0.13044435
6 9 21008.959 3132.7717 0.13032037
6 10 21007.703 3131.2314 0.1302184
6 11 21006.5 3129.7307 0.13013482
6 12 21005.326 3128.271 0.1300659
6 13 21004.205 3126.831 0.13000809
6 14 21003.135 3125.4255 0.12995787
6 15 21002.113 3123.963 0.12991168
6 16 21001.113 3122.4023 0.12986615
6 17 21000.156 3120.6963 0.12981886
6 18 20999.244 3118.8286 0.12976885
6 19 20998.38 3116.8203 0.12971692
6 20 20997.568 3114.72 0.12966526
6 21 20996.812 3112.5881 0.1296167
6 22 20996.113 3110.5068 0.12957391
6 23 20995.443 3108.486 0.129539
6 24 20994.824 3106.549 0.1295133
6 25 20994.252 3104.709 0.12949754
6 26 20993.627 3102.9749 0.12949204
6 27 20992.982 3101.353 0.12949684
6 28 20992.283 3099.848 0.12951192
6 29 20991.566 3098.4614 0.12953712
6 30 20990.873 3097.1929 0.12957205
6 31 20990.227 3096.0386 0.12961626
6 32 20989.61 3094.9924 0.12966934
6 33 20989.014 3094.0452 0.12973095
6 34 20988.475 3093.187 0.1298006
6 35 20987.96 3092.4084 0.12987693
6 36 20987.488 3091.7031 0.12995726
6 37 20987.094 3091.0662 0.1300377
6 38 20986.766 3090.4937 0.13011378
6 39 20986.535 3089.981 0.13018143
6 40 20986.426 3089.5232 0.13023764
6 41 20986.455 3089.116 0.13028091
6 42 20986.629 3088.7559 0.13031122
6 43 20986.94 3088.4402 0.13032973
6 44 20987.361 3088.1667 0.13033809
6 45 20987.852 3087.9138 0.13033763
6 46 20988.367 3087.7002 0.13032873
6 47 20988.92 3087.5222 0.13031061
6 48 20989.416 3087.3772 0.1302816
6 49 20989.834 3087.2622 0.13023965
6 50 20990.201 3087.1572 0.13018286
6 51 20990.516 3087.0916 0.13010979
6 52 20990.777 3087.0835 0.13001989
6 53 20990.984 3087.1448 0.12991408
6 54 20991.164 3087.2764 0.12979524
6 55 20991.29 3087.4666 0.12966807
6 56 20991.363 3087.682 0.12953852
6 57 20991.387 3087.9368 0.12941287
6 58 20991.36 3088.2085 0.1292969
6 59 20991.322 3088.4482 0.12919505
6 60 20991.262 3088.672 0.12911013
6 61 20991.166 3088.862 0.12904325
6 62 20991.115 3089.0146 0.12899454
6 63 20991.09 3089.1326 0.12896383
6 64 20991.072 3089.2273 0.12895103
6 65 20991.004 3089.3584 0.12895595
6 66 20990.885 3089.5073 0.12897773
6 67 20990.738 3089.623 0.12901437
6 68 20990.535 3089.7546 0.12906253
6 69 20990.277 3089.936 0.12911764
6 70 20989.965 3090.151 0.12917456
6 71 20989.682 3090.403 0.12922856
6 72 20989.447 3090.6985 0.12927613
6 73 20989.262 3091.0432 0.12931539
6 74 20989.062 3091.441 0.12934613
6 75 20988.885 3091.8933 0.1293692
6 76 20988.762 3092.3992 0.12938596
6 77 20988.61 3092.9546 0.12939788
6 78 20988.43 3093.555 0.12940627
6 79 20988.2 3094.1963 0.12941213
6 80 20987.914 3094.8577 0.12941599
6 81 20987.572 3095.5574 0.12941776
6 82 20987.207 3096.2947 0.12941676
6 83 20986.863 3097.0688 0.12941182
6 84 20986.49 3097.8794 0.12940142
6 85 20986.162 3098.708 0.12938403
6 86 20985.883 3099.507 0.12935849
6 87 20985.627 3100.2734 0.12932445
6 88 20985.422 3100.9888 0.1292826
6 89 20985.271 3101.6677 0.12923466
6 90 20985.172 3102.2964 0.12918317
6 91 20985.074 3102.8652 0.12913111
6 92 20984.93 3103.3687 0.12908137
6 93 20984.73 3103.8047 0.12903638
6 94 20984.5 3104.1753 0.12899774
6 95 20984.244 3104.4858 0.12896605
6 96 20983.94 3104.7449 0.12894103
6 97 20983.58 3104.961 0.12892178
6 98 20983.197 3105.157 0.12890726
6 99 20982.803 3105.3157 0.12889661
6 100 20982.361 3105.4417 0.12888925
6 101 20981.87 3105.5576 0.12888493
6 102 20981.322 3105.6477 0.12888357
6 103 20980.723 3105.7234 0.12888516
6 104 20980.098 3105.7856 0.12888972
6 105 20979.42 3105.813 0.12889723
6 106 20978.768 3105.893 0.12890753
6 107 20978.197 3106.0078 0.12892024
6 108 20977.676 3106.1577 0.12893476
6 109 20977.18 3106.3457 0.12895016
6 110 20976.734 3106.5752 0.12896532
6 111 20976.34 3106.8452 0.12897898
6 112 20976.0 3107.1511 0.12899028
6 113 20975.62 3107.4734 0.12899889
6 114 20975.21 3107.8284 0.12900533
6 115 20974.754 3108.15 0.12901069
6 116 20974.244 3108.4316 0.12901635
6 117 20973.678 3108.67 0.12902355
6 118 20973.113 3108.8618 0.12903322
6 119 20972.627 3109.0088 0.12904602
6 120 20972.193 3109.1206 0.12906247
6 121 20971.812 3109.202 0.12908301
6 122 20971.482 3109.2488 0.1291077
6 123 20971.205 3109.2783 0.129136
6 124 20970.98 3109.2783 0.12916648
6 125 20970.783 3109.3125 0.12919706
6 126 20970.637 3109.319 0.12922524
6 127 20970.54 3109.3484 0.12924856
6 128 20970.494 3109.4175 0.12926486
6 129 20970.475 3109.467 0.12927255
6 130 20970.434 3109.5042 0.12927076
6 131 20970.42 3109.557 0.12925947
6 132 20970.43 3109.5767 0.12923925
6 133 20970.445 3109.5889 0.12921092
6 134 20970.453 3109.5842 0.12917507
6 135 20970.469 3109.5876 0.12913172
6 136 20970.479 3109.5945 0.12908056
6 137 20970.533 3109.596 0.12902139
6 138 20970.613 3109.6235 0.12895465
6 139 20970.742 3109.6538 0.12888168
6 140 20970.926 3109.6501 0.1288042
6 141 20971.162 3109.5981 0.12872383
6 142 20971.398 3109.5127 0.12864174
6 143 20971.613 3109.3823 0.12855893
6 144 20971.78 3109.201 0.12847677
6 145 20971.955 3108.966 0.12839709
6 146 20972.1 3108.6785 0.12832198
6 147 20972.223 3108.3396 0.12825316
6 148 20972.322 3107.9512 0.12819168
6 149 20972.37 3107.5122 0.12813787
6 150 20972.35 3107.018 0.12809174
6 151 20972.246 3106.4578 0.12805326
6 152 20972.037 3105.8174 0.1280225
6 153 20971.709 3105.0847 0.12799942
6 154 20971.252 3104.257 0.1279836
6 155 20970.666 3103.347 0.1279741
6 156 20969.963 3102.3816 0.12796958
6 157 20969.16 3101.397 0.12796882
6 158 20968.285 3100.448 0.12797107
6 159 20967.377 3099.564 0.12797628
6 160 20966.412 3098.7686 0.12798488
6 161 20965.451 3098.0679 0.12799737
6 162 20964.541 3097.453 0.12801397
6 163 20963.68 3096.9077 0.12803458
6 164 20962.844 3096.4104 0.12805887
6 165 20962.059 3095.9492 0.12808646
6 166 20961.332 3095.5251 0.12811702
6 167 20960.598 3095.1367 0.12815021
6 168 20959.912 3094.7878 0.12818556
6 169 20959.277 3094.4807 0.12822238
6 170 20958.703 3094.2136 0.12825988
6 171 20958.195 3093.9902 0.12829728
6 172 20957.756 3093.8115 0.12833372
6 173 20957.385 3093.6692 0.12836817
6 174 20957.08 3093.5593 0.12839928
6 175 20956.84 3093.4856 0.12842555
6 176 20956.66 3093.4473 0.12844576
6 177 20956.54 3093.4268 0.12845957
6 178 20956.475 3093.4126 0.12846766
6 179 20956.465 3093.4165 0.12847134
6 180 20956.514 3093.46 0.12847188
6 181 20956.62 3093.539 0.12846982
6 182 20956.781 3093.6372 0.12846474
6 183 20957.002 3093.7097 0.12845546
6 184 20957.283 3093.8 0.12844071
6 185 20957.594 3093.8994 0.12841961
6 186 20957.963 3093.9902 0.12839192
6 187 20958.385 3094.0808 0.1283579
6 188 20958.857 3094.2021 0.12831828
6 189 20959.383 3094.3381 0.12827438
6 190 20959.865 3094.469 0.12822819
6 191 20960.268 3094.5837 0.1281821
6 192 20960.61 3094.664 0.12813856
6 193 20960.879 3094.7083 0.12809964
6 194 20961.078 3094.7336 0.12806712
6 195 20961.217 3094.72 0.12804271
6 196 20961.295 3094.668 0.12802835
6 197 20961.314 3094.5798 0.12802629
6 198 20961.264 3094.4575 0.12803851
6 199 20961.13 3094.394 0.12806582
6 200 20960.9 3094.3835 0.1281071
6 201 20960.566 3094.446 0.1281597
6 202 20960.14 3094.5818 0.128221
6 203 20959.652 3094.7695 0.12829047
6 204 20959.143 3094.9758 0.1283704
6 205 20958.596 3095.1577 0.12846409
6 206 20958.102 3095.302 0.12857255
6 207 20957.69 3095.4033 0.12869214
6 208 20957.328 3095.4841 0.12881489
6 209 20957.021 3095.5308 0.12893133
6 210 20956.742 3095.5442 0.12903357
6 211 20956.518 3095.5938 0.129117
6 212 20956.346 3095.6584 0.12918036
6 213 20956.227 3095.6904 0.12922484
6 214 20956.166 3095.6917 0.12925349
6 215 20956.07 3095.6755 0.129271
6 216 20955.938 3095.6272 0.12928315
6 217 20955.85 3095.5732 0.12929574
6 218 20955.76 3095.493 0.12931322
6 219 20955.645 3095.3955 0.12933783
6 220 20955.48 3095.2937 0.12936968
6 221 20955.268 3095.2244 0.12940711
6 222 20955.023 3095.174 0.12944722
6 223 20954.805 3095.16 0.12948656
6 224 20954.594 3095.1716 0.12952216
6 225 20954.441 3095.2183 0.12955248
6 226 20954.31 3095.2979 0.12957793
6 227 20954.236 3095.3787 0.12960038
6 228 20954.105 3095.4294 0.1296224
6 229 20953.928 3095.4636 0.12964612
6 230 20953.768 3095.4631 0.12967221
6 231 20953.66 3095.4246 0.12969927
6 232 20953.62 3095.4348 0.12972425
6 233 20953.656 3095.5361 0.12974367
6 234 20953.783 3095.8042 0.12975493
6 235 20953.994 3096.3237 0.12975715
6 236 20954.28 3097.179 0.12975107
6 237 20954.596 3098.4414 0.12973851
6 238 20954.965 3100.1582 0.12972154
6 239 20955.361 3102.345 0.12970167
6 240 20955.71 3104.982 0.12967956
6 241 20956.012 3108.0142 0.12965515
6 242 20956.287 3111.3542 0.1296283
6 243 20956.514 3114.8887 0.12959929
6 244 20956.69 3118.4893 0.12956902
6 245 20956.824 3122.09 0.12953879
6 246 20957.014 3125.6245 0.12950975
6 247 20957.205 3129.1003 0.12948225
6 248 20957.346 3132.5537 0.12945671
6 249 20957.434 3136.033 0.12943287
6 250 20957.469 3139.5715 0.12940936
6 251 20957.45 3143.1904 0.12938526
6 252 20957.35 3146.895 0.12936006
6 253 20957.197 3150.6792 0.12933376
6 254 20956.986 3154.5322 0.12930696
6 255 20956.701 3158.4446 0.12928101
6 256 20956.32 3162.4126 0.12925811
6 257 20955.818 3166.4385 0.12924102
6 258 20955.168 3170.5276 0.12923251
6 259 20954.338 3174.685 0.1292345
6 260 20953.305 3178.9106 0.12924731
6 261 20952.049 3183.1973 0.12926985
6 262 20950.562 3187.529 0.12930013
6 263 20948.854 3191.8777 0.12933595
6 264 20946.936 3196.2188 0.12937519
6 265 20944.834 3200.4734 0.12941578
6 266 20942.588 3204.5679 0.12945552
6 267 20940.25 3208.4211 0.12949216
6 268 20937.879 3211.954 0.12952374
6 269 20935.484 3215.0999 0.12954904
6 270 20933.174 3217.8125 0.12956765
6 271 20930.979 3220.0728 0.12957983
6 272 20928.908 3221.8892 0.12958616
6 273 20926.959 3223.295 0.12958764
6 274 20925.115 3224.3394 0.12958564
6 275 20923.365 3225.0823 0.12958194
6 276 20921.7 3225.5854 0.12957829
6 277 20920.105 3225.9087 0.12957585
6 278 20918.572 3226.1042 0.12957484
6 279 20917.068 3226.2148 0.12957466
6 280 20915.62 3226.2717 0.12957433
6 281 20914.223 3226.2893 0.12957317
6 282 20912.88 3226.2683 0.12957111
6 283 20911.625 3226.1985 0.12956873
6 284 20910.44 3226.0632 0.1295669
6 285 20909.342 3225.8447 0.12956637
6 286 20908.338 3225.5293 0.1295677
6 287 20907.422 3225.1099 0.12957118
6 288 20906.586 3224.5828 0.12957692
6 289 20905.828 3223.9456 0.1295845
6 290 20905.148 3223.1921 0.12959257
6 291 20904.549 3222.314 0.12959875
6 292 20904.03 3221.3047 0.12960039
6 293 20903.588 3220.168 0.12959549
6 294 20903.217 3218.9194 0.12958346
6 295 20902.904 3217.5828 0.1295651
6 296 20902.643 3216.179 0.129542
6 297 20902.434 3214.7239 0.12951571
6 298 20902.252 3213.2285 0.12948743
6 299 20902.12 3211.7148 0.1294579
6 300 20901.973 3210.1655 0.12942776
6 301 20901.814 3208.6125 0.12939773
6 302 20901.715 3207.0928 0.12936878
6 303 20901.672 3205.609 0.12934211
6 304 20901.63 3204.1636 0.12931901
6 305 20901.617 3202.738 0.1293007
6 306 20901.555 3201.3518 0.12928818
6 307 20901.486 3200.0042 0.12928218
6 308 20901.385 3198.6926 0.12928317
6 309 20901.229 3197.413 0.12929128
6 310 20901.045 3196.1624 0.12930614
6 311 20900.803 3194.9434 0.12932664
6 312 20900.572 3193.7615 0.12935053
6 313 20900.361 3192.6194 0.12937388
6 314 20900.203 3191.5142 0.1293914
6 315 20900.104 3190.4436 0.12939805
6 316 20900.033 3189.4102 0.1293918
6 317 20900.021 3188.423 0.1293755
6 318 20900.041 3187.4998 0.12935615
6 319 20900.008 3186.6582 0.12934199
6 320 20899.926 3185.9084 0.12933902
6 321 20899.797 3185.2476 0.12934911
6 322 20899.643 3184.6616 0.12937015
6 323 20899.516 3184.1272 0.12939781
6 324 20899.44 3183.6301 0.12942752
6 325 20899.416 3183.152 0.12945604
6 326 20899.451 3182.695 0.12948185
6 327 20899.549 3182.2095 0.12950486
6 328 20899.71 3181.721 0.12952565
6 329 20899.938 3181.2808 0.12954484
6 330 20900.229 3180.8752 0.12956278
6 331 20900.584 3180.5056 0.12957947
6 332 20901.008 3180.1736 0.12959467
6 333 20901.506 3179.8806 0.12960787
6 334 20902.082 3179.627 0.12961835
6 335 20902.74 3179.413 0.12962496
6 336 20903.486 3179.2405 0.12962626
6 337 20904.324 3179.113 0.12962057
6 338 20905.26 3179.0352 0.12960646
6 339 20906.299 3179.009 0.12958334
6 340 20907.436 3179.0322 0.12955183
6 341 20908.66 3179.0989 0.12951353
6 342 20909.95 3179.2043 0.12947063
6 343 20911.285 3179.3284 0.12942535
6 344 20912.621 3179.4885 0.12937981
6 345 20913.906 3179.6838 0.12933598
6 346 20915.125 3179.9111 0.12929578
6 347 20916.275 3180.1343 0.12926087
6 348 20917.39 3180.3237 0.12923248
6 349 20918.447 3180.4736 0.12921116
6 350 20919.521 3180.6033 0.12919663
6 351 20920.66 3180.6936 0.1291881
6 352 20921.9 3180.7485 0.12918468
6 353 20923.271 3180.8105 0.12918584
6 354 20924.795 3180.8442 0.12919156
6 355 20926.477 3180.863 0.12920198
6 356 20928.312 3180.8525 0.12921673
6 357 20930.29 3180.8633 0.12923446
6 358 20932.373 3180.868 0.1292527
6 359 20934.527 3180.893 0.1292682
6 360 20936.703 3180.8833 0.12927778
6 361 20938.842 3180.8342 0.12927927
6 362 20940.914 3180.7686 0.12927203
6 363 20942.898 3180.6726 0.129257
6 364 20944.79 3180.5679 0.12923613
6 365 20946.602 3180.4429 0.12921175
6 366 20948.357 3180.3027 0.12918603
6 367 20950.06 3180.1272 0.12916067
6 368 20951.703 3179.947 0.12913685
6 369 20953.29 3179.7341 0.1291152
6 370 20954.818 3179.5352 0.12909587
6 371 20956.297 3179.3545 0.1290786
6 372 20957.75 3179.2134 0.129063
6 373 20959.154 3179.1062 0.12904865
6 374 20960.607 3178.9695 0.12903526
6 375 20962.145 3178.8005 0.12902263
6 376 20963.748 3178.6135 0.12901074
6 377 20965.44 3178.3936 0.12900002
6 378 20967.223 3178.136 0.1289914
6 379 20969.102 3177.8643 0.12898603
6 380 20971.072 3177.563 0.12898484
6 381 20973.127 3177.2473 0.12898771
6 382 20975.262 3176.9648 0.12899327
6 383 20977.459 3176.7288 0.12899889
6 384 20979.705 3176.5283 0.12900124
6 385 20982.006 3176.3643 0.128997
6 386 20984.334 3176.2378 0.12898381
6 387 20986.598 3176.1504 0.12896127
6 388 20988.791 3176.1028 0.12893124
6 389 20990.867 3176.0752 0.12889728
6 390 20992.791 3176.087 0.1288634
6 391 20994.527 3176.1355 0.12883282
6 392 20996.049 3176.2197 0.12880741
6 393 20997.34 3176.3264 0.12878755
6 394 20998.39 3176.397 0.12877242
6 395 20999.207 3176.437 0.1287605
6 396 20999.81 3176.4668 0.12874998
6 397 21000.232 3176.4578 0.12873909
6 398 21000.506 3176.4482 0.1287259
6 399 21000.666 3176.4348 0.12870805
6 400 21000.738 3176.451 0.1286829
6 401 21000.738 3176.487 0.12864834
6 402 21000.666 3176.562 0.12860383
6 403 21000.516 3176.6753 0.1285508
6 404 21000.28 3176.7932 0.12849227
6 405 20999.95 3176.897 0.12843204
6 406 20999.525 3176.9614 0.12837368
6 407 20999.016 3177.016 0.12832007
6 408 20998.434 3177.0884 0.12827317
6 409 20997.822 3177.1296 0.12823424
6 410 20997.158 3177.1353 0.12820399
6 411 20996.512 3177.1038 0.1281829
6 412 20995.941 3177.0386 0.1281712
6 413 20995.422 3176.9578 0.12816891
6 414 20994.963 3176.8477 0.1281757
6 415 20994.564 3176.7603 0.1281908
6 416 20994.22 3176.6929 0.12821291
6 417 20993.9 3176.6572 0.12824032
6 418 20993.63 3176.6367 0.12827098
6 419 20993.406 3176.626 0.12830292
6 420 20993.23 3176.6265 0.12833427
6 421 20993.047 3176.6338 0.12836355
6 422 20992.898 3176.6357 0.12838969
6 423 20992.803 3176.6165 0.12841195
6 424 20992.732 3176.6025 0.12843002
6 425 20992.686 3176.6006 0.12844396
6 426 20992.645 3176.6248 0.12845406
6 427 20992.623 3176.681 0.1284606
6 428 20992.625 3176.7576 0.12846327
6 429 20992.676 3176.8535 0.12846065
6 430 20992.775 3176.9734 0.12845029
6 431 20992.82 3177.08 0.1284296
6 432 20992.885 3177.1538 0.12839736
6 433 20993.008 3177.227 0.1283546
6 434 20993.162 3177.3154 0.12830457
6 435 20993.342 3177.4084 0.12825191
6 436 20993.465 3177.4678 0.12820144
6 437 20993.56 3177.5083 0.12815724
6 438 20993.61 3177.5146 0.12812188
6 439 20993.664 3177.5198 0.12809618
6 440 20993.758 3177.5383 0.12807955
6 441 20993.8 3177.5222 0.1280707
6 442 20993.81 3177.4817 0.12806827
6 443 20993.783 3177.4167 0.1280711
6 444 20993.719 3177.3213 0.12807822
6 445 20993.658 3177.2002 0.12808874
6 446 20993.564 3177.0413 0.1281017
6 447 20993.525 3176.853 0.12811618
6 448 20993.52 3176.6318 0.12813124
6 449 20993.49 3176.3723 0.1281461
6 450 20993.504 3176.0776 0.12816006
6 451 20993.541 3175.7507 0.1281726
6 452 20993.625 3175.3923 0.1281834
6 453 20993.762 3175.0205 0.12819228
6 454 20993.953 3174.6729 0.12819926
6 455 20994.197 3174.3394 0.12820454
6 456 20994.467 3174.0232 0.12820834
6 457 20994.709 3173.6885 0.12821081
6 458 20994.898 3173.34 0.12821181
6 459 20995.033 3172.9846 0.1282108
6 460 20995.14 3172.6091 0.12820685
6 461 20995.2 3172.1958 0.1281987
6 462 20995.205 3171.7454 0.12818518
6 463 20995.152 3171.2773 0.12816574
6 464 20995.074 3170.795 0.12814088
6 465 20994.96 3170.3457 0.12811242
6 466 20994.77 3169.9128 0.12808298
6 467 20994.523 3169.5132 0.12805519
6 468 20994.2 3169.1462 0.12803099
6 469 20993.783 3168.7935 0.12801118
6 470 20993.258 3168.4343 0.12799549
6 471 20992.6 3168.107 0.12798305
6 472 20991.77 3167.813 0.12797284
6 473 20990.717 3167.5542 0.12796405
6 474 20989.377 3167.331 0.12795594
6 475 20987.676 3167.126 0.12794751
6 476 20985.54 3166.9575 0.12793721
6 477 20982.893 3166.8274 0.12792325
6 478 20979.676 3166.7363 0.12790397
6 479 20975.86 3166.6782 0.12787855
6 480 20971.44 3166.6318 0.12784739
6 481 20966.447 3166.593 0.12781206
6 482 20960.938 3166.582 0.12777475
6 483 20954.977 3166.5496 0.12773745
6 484 20948.627 3166.4897 0.12770145
6 485 20941.947 3166.4434 0.12766755
6 486 20935.0 3166.3765 0.12763721
6 487 20927.857 3166.2625 0.12761326
6 488 20920.639 3166.1147 0.12759922
6 489 20913.43 3165.926 0.12759742
6 490 20906.453 3165.686 0.1276075
6 491 20899.912 3165.3877 0.12762651
6 492 20894.027 3165.0315 0.12765051
6 493 20888.986 3164.6306 0.12767598
6 494 20884.914 3164.1948 0.12770037
6 495 20881.86 3163.7412 0.12772165
6 496 20879.803 3163.2725 0.12773769
6 497 20878.682 3162.857 0.12774625
6 498 20878.414 3162.484 0.12774532
6 499 20878.912 3162.1719 0.12773353
6 500 20880.092 3161.9333 0.1277105
6 501 20881.873 3161.774 0.1276771
6 502 20884.178 3161.693 0.12763542
6 503 20886.938 3161.689 0.12758887
6 504 20890.09 3161.7603 0.1275418
6 505 20893.592 3161.9094 0.12749869
6 506 20897.418 3162.144 0.12746292
6 507 20901.56 3162.477 0.12743564
6 508 20906.03 3162.9272 0.12741506
6 509 20910.846 3163.5195 0.12739694
6 510 20916.027 3164.284 0.12737572
6 511 20921.584 3165.2517 0.12734587
6 512 20927.498 3166.4502 0.12730308
6 513 20933.725 3167.8965 0.12724487
6 514 20940.19 3169.5952 0.12717097
6 515 20946.8 3171.538 0.12708336
6 516 20953.434 3173.7085 0.12698592
6 517 20959.963 3176.0837 0.1268836
6 518 20966.271 3178.6348 0.12678133
6 519 20972.24 3181.3286 0.12668328
6 520 20977.775 3184.1394 0.12659237
6 521 20982.836 3187.0623 0.12650995
6 522 20987.426 3190.118 0.12643525
6 523 20991.594 3193.3372 0.12636521
6 524 20995.385 3196.7324 0.12629537
6 525 20998.822 3200.2676 0.12622169
6 526 21001.887 3203.8557 0.12614256
6 527 21004.53 3207.377 0.12605974
6 528 21006.703 3210.6672 0.12597753
6 529 21008.38 3213.5957 0.12590115
6 530 21009.576 3216.0876 0.12583524
6 531 21010.354 3218.1501 0.12578307
6 532 21010.818 3219.8865 0.12574655
6 533 21011.092 3221.4983 0.12572663
6 534 21011.3 3223.2363 0.12572347
6 535 21011.6 3225.4011 0.12573627
6 536 21012.037 3228.25 0.12576282
6 537 21012.672 3231.9592 0.12579937
6 538 21013.535 3236.596 0.12584095
6 539 21014.637 3242.1213 0.12588234
6 540 21015.947 3248.419 0.12591927
6 541 21017.402 3255.323 0.1259491
6 542 21018.908 3262.6375 0.12597121
6 543 21020.367 3270.1577 0.12598681
6 544 21021.656 3277.709 0.1259985
6 545 21022.693 3285.1943 0.12600943
6 546 21023.432 3292.6182 0.12602252
6 547 21023.844 3300.0725 0.1260395
6 548 21023.916 3307.6904 0.12606037
6 549 21023.635 3315.598 0.12608321
6 550 21022.977 3323.877 0.126105
6 551 21021.912 3332.55 0.12612289
6 552 21020.4 3341.5808 0.1261355
6 553 21018.39 3350.8838 0.126143
6 554 21015.834 3360.3398 0.12614597
6 555 21012.686 3369.8103 0.12614398
6 556 21008.912 3379.1533 0.12613407
6 557 21004.508 3388.2375 0.12610991
6 558 20999.502 3396.9548 0.12606215
6 559 20993.955 3405.2283 0.12598078
6 560 20987.967 3413.0137 0.1258595
6 561 20981.664 3420.2979 0.12569976
6 562 20975.195 3427.092 0.1255114
6 563 20968.725 3433.424 0.12530921
6 564 20962.416 3439.334 0.12510757
6 565 20956.432 3444.869 0.124916196
6 566 20950.912 3450.077 0.12473912
6 567 20945.965 3454.9976 0.12457609
6 568 20941.67 3459.6558 0.12442503
6 569 20938.057 3464.0654 0.1242841
6 570 20935.104 3468.2437 0.12415274
6 571 20932.742 3472.2244 0.124031395
6 572 20930.865 3476.0574 0.123920664
6 573 20929.355 3479.8008 0.12382049
6 574 20928.12 3483.5144 0.123729855
6 575 20927.09 3487.197 0.12364674
6 576 20926.236 3490.823 0.12356849
6 577 20925.549 3494.333 0.123492554
6 578 20925.021 3497.6213 0.12341737
6 579 20924.654 3500.5784 0.12334287
6 580 20924.434 3503.1174 0.12327046
6 581 20924.34 3505.1963 0.12320242
6 582 20924.346 3506.822 0.12314124
6 583 20924.418 3508.0403 0.12308894
6 584 20924.54 3508.919 0.12304662
6 585 20924.686 3509.5308 0.12301425
6 586 20924.828 3509.9421 0.122990824
6 587 20924.95 3510.2083 0.12297473
6 588 20925.088 3510.373 0.12296413
6 589 20925.227 3510.4692 0.12295728
6 590 20925.342 3510.524 0.122952774
6 591 20925.51 3510.5645 0.12294965
6 592 20925.729 3510.6665 0.12294733
6 593 20925.975 3510.8315 0.122945406
6 594 20926.273 3511.0913 0.12294346
6 595 20926.623 3511.4656 0.12294095
6 596 20927.053 3511.9622 0.12293718
6 597 20927.533 3512.5776 0.12293142
6 598 20928.04 3513.2979 0.12292305
6 599 20928.598 3514.099 0.12291168
6 600 20929.21 3514.9517 0.12289731
6 601 20929.883 3515.8074 0.12288046
6 602 20930.586 3516.6226 0.122862175
6 603 20931.234 3517.3718 0.12284388
6 604 20931.828 3518.0364 0.12282696
6 605 20932.395 3518.612 0.122812346
6 606 20932.914 3519.1084 0.12280019
6 607 20933.447 3519.54 0.12279
6 608 20934.062 3519.9214 0.12278103
6 609 20934.824 3520.2644 0.12277256
6 610 20935.799 3520.5742 0.122763954
6 611 20937.035 3520.868 0.122754544
6 612 20938.53 3521.1296 0.12274361
6 613 20940.229 3521.392 0.12273048
6 614 20942.05 3521.6858 0.12271482
6 615 20943.912 3521.9932 0.12269657
6 616 20945.678 3522.319 0.12267583
6 617 20947.346 3522.631 0.122652665
6 618 20948.875 3522.9229 0.12262723
6 619 20950.236 3523.2466 0.12259999
6 620 20951.4 3523.5864 0.12257192
6 621 20952.352 3523.9407 0.12254448
6 622 20953.082 3524.2432 0.12251927
6 623 20953.61 3524.5076 0.12249768
6 624 20953.967 3524.7249 0.122480616
6 625 20954.197 3524.896 0.12246838
6 626 20954.35 3525.0317 0.12246063
6 627 20954.475 3525.1375 0.122456536
6 628 20954.57 3525.2097 0.122454986
6 629 20954.725 3525.2395 0.12245495
6 630 20954.904 3525.1968 0.1224558
6 631 20955.092 3525.032 0.12245748
6 632 20955.254 3524.6814 0.1224605
6 633 20955.367 3524.074 0.122465834
6 634 20955.428 3523.1404 0.12247484
6 635 20955.438 3521.823 0.1224891
6 636 20955.467 3520.0876 0.12251013
6 637 20955.473 3517.9285 0.122538865
6 638 20955.424 3515.369 0.122575246
6 639 20955.35 3512.4563 0.12261792
6 640 20955.22 3509.254 0.12266434
6 641 20955.04 3505.8318 0.12271125
6 642 20954.865 3502.2644 0.12275551
6 643 20954.744 3498.6292 0.12279495
6 644 20954.676 3495.0022 0.1228288
6 645 20954.627 3491.443 0.12285776
6 646 20954.586 3487.9785 0.12288351
6 647 20954.516 3484.596 0.12290802
6 648 20954.475 3481.2473 0.12293287
6 649 20954.48 3477.9316 0.12295901
6 650 20954.508 3474.577 0.12298667
6 651 20954.582 3471.1987 0.123015456
6 652 20954.623 3467.8535 0.12304439
6 653 20954.584 3464.5942 0.12307206
6 654 20954.482 3461.4753 0.12309702
6 655 20954.293 3458.54 0.12311835
6 656 20953.992 3455.817 0.12313607
6 657 20953.553 3453.3208 0.123151086
6 658 20952.945 3451.0579 0.123164676
6 659 20952.148 3449.0283 0.12317792
6 660 20951.143 3447.2283 0.12319144
6 661 20949.922 3445.6514 0.12320556
6 662 20948.488 3444.2876 0.123220734
6 663 20946.854 3443.1248 0.1232376
6 664 20945.057 3442.1477 0.12325668
6 665 20943.164 3441.3396 0.12327794
6 666 20941.275 3440.681 0.12330057
6 667 20939.494 3440.1482 0.12332317
6 668 20937.914 3439.7124 0.12334404
6 669 20936.598 3439.3374 0.1233613
6 670 20935.574 3438.97 0.12337292
6 671 20934.832 3438.5288 0.123376966
6 672 20934.344 3437.905 0.12337196
6 673 20934.066 3436.966 0.123357356
6 674 20933.969 3435.5728 0.12333343
6 675 20934.021 3433.5994 0.123300575
6 676 20934.209 3430.9468 0.12325834
6 677 20934.516 3427.545 0.12320515
6 678 20934.92 3423.35 0.12313898
6 679 20935.4 3418.3447 0.12305867
6 680 20935.914 3412.5415 0.12296492
6 681 20936.482 3405.9905 0.122860454
6 682 20937.094 3398.778 0.12274926
6 683 20937.732 3391.0154 0.12263551
6 684 20938.447 3382.821 0.12252282
6 685 20939.215 3374.3079 0.12241406
6 686 20940.05 3365.576 0.12231134
6 687 20940.965 3356.716 0.12221577
6 688 20941.969 3347.8142 0.12212703
6 689 20943.076 3338.9897 0.12204315
6 690 20944.3 3330.314 0.12196074
6 691 20945.648 3321.8828 0.121875264
6 692 20947.11 3313.792 0.12178158
6 693 20948.652 3306.1284 0.12167512
6 694 20950.225 3298.9468 0.1215536
6 695 20951.805 3292.2446 0.12141835
6 696 20953.305 3285.9612 0.12127411
6 697 20954.678 3280.0073 0.12112745
6 698 20955.893 3274.3079 0.120984666
6 699 20956.934 3268.835 0.120850556
6 700 20957.803 3263.6157 0.12072809
6 701 20958.516 3258.7195 0.12061882
6 702 20959.096 3254.229 0.12052338
6 703 20959.57 3250.2131 0.12044174
6 704 20959.967 3246.7031 0.12037323
6 705 20960.332 3243.6814 0.12031643
6 706 20960.643 3241.0845 0.12026933
6 707 20960.922 3238.8157 0.12022959
6 708 20961.15 3236.7686 0.12019509
6 709 20961.303 3234.8508 0.12016428
6 710 20961.395 3232.9985 0.12013631
6 711 20961.393 3231.1663 0.120110855
6 712 20961.27 3229.345 0.120087855
6 713 20961.002 3227.5747 0.12006729
6 714 20960.586 3225.8428 0.12004897
6 715 20960.043 3224.153 0.12003249
6 716 20959.414 3222.4834 0.12001719
6 717 20958.754 3220.8472 0.1200023
