2 -1679.9998779 -819.9999390 1.0476190
3 -1680.6800857 -820.3385994 1.0971157
4 -1681.6131868 -820.4709349 1.1541584
5 -1682.4436908 -820.9246193 1.2022009
6 -1683.6884924 -821.1572170 1.2549723
7 -1685.1300987 -821.3631361 1.3001336
8 -1686.4059448 -821.5452262 1.3551999
9 -1687.7050604 -821.3667049 1.4132529
10 -1689.0246474 -821.3671619 1.4841005
12 -1690.0299759 -821.3740119 1.5575796
13 -1690.5939243 -821.7184047 1.6376307
14 -1691.2540314 -821.8538588 1.7275877
15 -1691.4982366 -821.9737515 1.8134367
16 -1691.5443552 -822.0800261 1.9012849
17 -1691.4106247 -822.5138807 1.9945744
18 -1691.1128669 -822.7284276 2.0858506
19 -1690.3452081 -822.9179642 2.1845352
20 -1688.9878554 -823.0917690 2.2927593
21 -1687.2756052 -823.5825586 2.4134627
22 -1685.2509939 -823.8469493 2.5442554
24 -1682.2685139 -824.0807525 2.6856029
25 -1679.4765211 -823.9462894 2.8419393
26 -1676.8269088 -823.6580894 2.9989582
27 -1674.1419174 -823.2329910 3.1872605
28 -1671.4254129 -822.3471890 3.3923731
29 -1668.3414738 -821.5630534 3.5799621
30 -1665.4600045 -820.6992467 3.7540418
31 -1662.8990384 -820.1047023 3.9563706
32 -1660.1235659 -819.9185344 4.1701215
34 -1656.6503076 -819.5837167 4.4097058
35 -1653.2349373 -818.6074179 4.6374222
36 -1649.3624609 -817.0640945 4.8855650
37 -1645.2552635 -815.5166755 5.1740702
38 -1640.9404199 -813.8128616 5.4932238
39 -1636.7817172 -812.3045277 5.8140676
40 -1632.9312788 -810.7998718 6.1697647
41 -1629.1858532 -809.2981476 6.5395285
42 -1625.5395837 -808.1267661 6.9363815
43 -1622.6478623 -806.4162630 7.3081851
44 -1619.7536527 -804.9027685 7.7649467
45 -1617.3598501 -803.7331612 8.2217083
46 -1615.2413121 -802.6979721 8.7093281
47 -1613.7063344 -801.4418667 9.1665631
