7 0 22013.172 2716.9941 0.187127
7 1 22016.396 2718.6953 0.187127
7 2 22019.973 2720.5566 0.187127
7 3 22024.068 2722.6733 0.187127
7 4 22028.768 2725.1277 0.187127
7 5 22034.059 2727.9873 0.187127
7 6 22039.844 2731.303 0.187127
7 7 22045.977 2735.1052 0.187127
7 8 22052.31 2739.3982 0.187127
7 9 22058.71 2744.1523 0.187127
7 10 22065.152 2749.2996 0.187127
7 11 22071.541 2754.7334 0.187127
7 12 22077.941 2760.3162 0.187127
7 13 22084.426 2765.891 0.187127
7 14 22091.03 2771.2908 0.187127
7 15 22097.777 2776.3396 0.187127
7 16 22104.678 2780.8496 0.187127
7 17 22111.723 2784.6182 0.187127
7 18 22118.885 2787.4302 0.187127
7 19 22126.127 2789.0767 0.187127
7 20 22133.396 2789.3838 0.187127
7 21 22140.555 2788.254 0.187127
7 22 22147.549 2785.7017 0.187127
7 23 22154.312 2781.8757 0.187127
7 24 22160.842 2777.0554 0.187127
7 25 22167.201 2771.62 0.187127
7 26 22173.527 2765.9988 0.187127
7 27 22179.998 2760.613 0.187127
7 28 22186.781 2755.8203 0.187127
7 29 22193.994 2751.8755 0.187127
7 30 22201.674 2748.912 0.187127
7 31 22209.762 2746.9463 0.187127
7 32 22218.113 2745.8987 0.187127
7 33 22226.527 2745.6252 0.187127
7 34 22234.79 2745.95 0.187127
7 35 22242.705 2746.691 0.187127
7 36 22250.117 2747.6814 0.187127
7 37 22256.922 2748.7815 0.187127
7 38 22263.074 2749.8835 0.187127
7 39 22268.57 2750.9106 0.187127
7 40 22273.438 2751.815 0.187127
7 41 22277.715 2752.5696 0.187127
7 42 22281.428 2753.1597 0.187127
7 43 22284.582 2753.5752 0.187127
7 44 22287.164 2753.81 0.187127
7 45 22289.152 2753.8633 0.187127
7 46 22290.541 2753.7434 0.187127
7 47 22291.352 2753.468 0.187127
7 48 22291.652 2753.0608 0.187127
7 49 22291.541 2752.5464 0.187127
7 50 22291.143 2751.9478 0.187127
7 51 22290.598 2751.2854 0.187127
7 52 22290.06 2750.5803 0.187127
7 53 22289.691 2749.8433 0.187127
7 54 22289.664 2749.0894 0.187127
7 55 22290.148 2748.321 0.187127
7 56 22291.3 2747.497 0.187127
7 57 22293.242 2746.6016 0.187127
7 58 22296.037 2745.5886 0.187127
7 59 22299.69 2744.4229 0.187127
7 60 22304.123 2743.0864 0.187127
7 61 22309.188 2741.582 0.187127
7 62 22314.66 2739.927 0.187127
7 63 22320.252 2738.1428 0.187127
7 64 22325.635 2736.2498 0.187127
7 65 22330.504 2734.265 0.187127
7 66 22334.627 2732.2136 0.187127
7 67 22337.879 2730.138 0.187127
7 68 22340.244 2728.0603 0.187127
7 69 22341.781 2726.091 0.187127
7 70 22342.57 2724.3215 0.187127
7 71 22342.668 2722.8438 0.187127
7 72 22342.084 2721.7332 0.187127
7 73 22340.795 2721.0366 0.187127
7 74 22338.771 2720.7712 0.187127
7 75 22336.018 2720.9294 0.187127
7 76 22332.584 2721.4895 0.187127
7 77 22328.555 2722.4204 0.187127
7 78 22324.018 2723.6829 0.187127
7 79 22319.033 2725.2292 0.187127
7 80 22313.63 2727.0046 0.187127
7 81 22307.818 2728.9534 0.187127
7 82 22301.621 2731.0247 0.187127
7 83 22295.123 2733.1772 0.187127
7 84 22288.506 2735.3762 0.187127
7 85 22281.982 2737.572 0.187127
7 86 22275.916 2739.7097 0.187127
7 87 22270.672 2741.7395 0.187127
7 88 22266.588 2743.6047 0.187127
7 89 22263.9 2745.255 0.187127
7 90 22262.688 2746.6533 0.187127
7 91 22262.844 2747.7876 0.187127
7 92 22264.092 2748.6829 0.187127
7 93 22266.049 2749.411 0.187127
7 94 22268.295 2750.0955 0.187127
7 95 22270.428 2750.9011 0.187127
7 96 22272.12 2752.004 0.187127
7 97 22273.146 2753.556 0.187127
7 98 22273.402 2755.6555 0.187127
7 99 22272.875 2758.3337 0.187127
7 100 22271.629 2761.5593 0.187127
7 101 22269.775 2765.258 0.187127
7 102 22267.443 2769.3323 0.187127
7 103 22264.77 2773.6753 0.187127
7 104 22261.893 2778.1792 0.187127
7 105 22258.95 2782.7368 0.187127
7 106 22256.092 2787.2156 0.187127
7 107 22253.473 2791.5454 0.187127
7 108 22251.227 2795.648 0.187127
7 109 22249.455 2799.4663 0.187127
7 110 22248.215 2802.9636 0.187127
7 111 22247.516 2806.116 0.187127
7 112 22247.334 2808.9045 0.187127
7 113 22247.62 2811.3113 0.187127
7 114 22248.307 2813.3213 0.187127
7 115 22249.31 2814.9304 0.187127
7 116 22250.52 2816.1519 0.187127
7 117 22251.8 2817.0195 0.187127
7 118 22253.045 2817.586 0.187127
7 119 22254.096 2817.9172 0.187127
7 120 22254.852 2818.09 0.187127
7 121 22255.256 2818.187 0.187127
7 122 22255.295 2818.2932 0.187127
7 123 22254.996 2818.49 0.187127
7 124 22254.428 2818.8462 0.187127
7 125 22253.686 2819.4119 0.187127
7 126 22252.885 2820.2148 0.187127
7 127 22252.11 2821.2646 0.187127
7 128 22251.51 2822.5598 0.187127
7 129 22251.168 2824.095 0.187127
7 130 22251.133 2825.8635 0.187127
7 131 22251.406 2827.8586 0.187127
7 132 22251.951 2830.07 0.187127
7 133 22252.701 2832.4795 0.187127
7 134 22253.578 2835.058 0.187127
7 135 22254.496 2837.7634 0.187127
7 136 22255.379 2840.5369 0.187127
7 137 22256.205 2843.304 0.187127
7 138 22256.959 2845.9768 0.187127
7 139 22257.65 2848.4585 0.187127
7 140 22258.318 2850.6494 0.187127
7 141 22258.965 2852.4556 0.187127
7 142 22259.705 2853.7996 0.187127
7 143 22260.611 2854.6274 0.187127
7 144 22261.764 2854.9167 0.187127
7 145 22263.236 2854.678 0.187127
7 146 22265.08 2853.952 0.187127
7 147 22267.312 2852.806 0.187127
7 148 22269.914 2851.3267 0.187127
7 149 22272.836 2849.6172 0.187127
7 150 22276.0 2847.7903 0.187127
7 151 22279.312 2845.9634 0.187127
7 152 22282.674 2844.2507 0.187127
7 153 22286.062 2842.758 0.187127
7 154 22289.357 2841.5774 0.187127
7 155 22292.488 2840.784 0.187127
7 156 22295.385 2840.4346 0.187127
7 157 22297.973 2840.5645 0.187127
7 158 22300.19 2841.1855 0.187127
7 159 22301.99 2842.2844 0.187127
7 160 22303.363 2843.8208 0.187127
7 161 22304.33 2845.7283 0.187127
7 162 22304.95 2847.9207 0.187127
7 163 22305.312 2850.304 0.187127
7 164 22305.55 2852.7913 0.187127
7 165 22305.828 2855.3113 0.187127
7 166 22306.328 2857.8123 0.187127
7 167 22307.24 2860.2754 0.187127
7 168 22308.719 2862.6892 0.187127
7 169 22310.871 2865.0457 0.187127
7 170 22313.727 2867.333 0.187127
7 171 22317.234 2869.5332 0.187127
7 172 22321.275 2871.6255 0.187127
7 173 22325.674 2873.59 0.187127
7 174 22330.22 2875.4133 0.187127
7 175 22334.701 2877.0906 0.187127
7 176 22338.91 2878.626 0.187127
7 177 22342.676 2880.0288 0.187127
7 178 22345.857 2881.3105 0.187127
7 179 22348.363 2882.4805 0.187127
7 180 22350.16 2883.543 0.187127
7 181 22351.273 2884.4983 0.187127
7 182 22351.793 2885.3442 0.187127
7 183 22351.867 2886.0825 0.187127
7 184 22351.691 2886.7256 0.187127
7 185 22351.498 2887.298 0.187127
7 186 22351.527 2887.8425 0.187127
7 187 22352.012 2888.3765 0.187127
7 188 22353.15 2888.96 0.187127
7 189 22355.092 2889.621 0.187127
7 190 22357.916 2890.3752 0.187127
7 191 22361.627 2891.2224 0.187127
7 192 22366.162 2892.1472 0.187127
7 193 22371.396 2893.1228 0.187127
7 194 22377.158 2894.116 0.187127
7 195 22383.246 2895.0828 0.187127
7 196 22389.443 2895.9956 0.187127
7 197 22395.535 2896.822 0.187127
7 198 22401.338 2897.537 0.187127
7 199 22406.705 2898.1284 0.187127
7 200 22411.535 2898.5981 0.187127
7 201 22415.775 2898.9624 0.187127
7 202 22419.416 2899.2466 0.187127
7 203 22422.484 2899.4753 0.187127
7 204 22425.041 2899.6675 0.187127
7 205 22427.168 2899.8462 0.187127
7 206 22428.96 2900.0176 0.187127
7 207 22430.508 2900.1687 0.187127
7 208 22431.885 2900.3015 0.187127
7 209 22433.148 2900.4185 0.187127
7 210 22434.348 2900.536 0.187127
7 211 22435.525 2900.7012 0.187127
7 212 22436.713 2900.9062 0.187127
7 213 22437.965 2901.1655 0.187127
7 214 22439.324 2901.4846 0.187127
7 215 22440.832 2901.858 0.187127
7 216 22442.53 2902.2744 0.187127
7 217 22444.457 2902.7102 0.187127
7 218 22446.639 2903.1821 0.187127
7 219 22449.088 2903.5996 0.187127
7 220 22451.795 2903.9749 0.187127
7 221 22454.727 2904.2927 0.187127
7 222 22457.834 2904.532 0.187127
7 223 22461.05 2904.6733 0.187127
7 224 22464.305 2904.7021 0.187127
7 225 22467.523 2904.6099 0.187127
7 226 22470.688 2904.3945 0.187127
7 227 22473.783 2904.0618 0.187127
7 228 22476.81 2903.6265 0.187127
7 229 22479.781 2903.1116 0.187127
7 230 22482.707 2902.5466 0.187127
7 231 22485.58 2901.9646 0.187127
7 232 22488.428 2901.3623 0.187127
7 233 22491.266 2900.795 0.187127
7 234 22494.05 2900.2798 0.187127
7 235 22496.775 2899.7988 0.187127
7 236 22499.406 2899.359 0.187127
7 237 22501.908 2898.959 0.187127
7 238 22504.256 2898.5945 0.187127
7 239 22506.424 2898.264 0.187127
7 240 22508.4 2897.9678 0.187127
7 241 22510.18 2897.6887 0.187127
7 242 22511.754 2897.4438 0.187127
7 243 22513.111 2897.216 0.187127
7 244 22514.24 2896.941 0.187127
7 245 22515.121 2896.5994 0.187127
7 246 22515.734 2896.1667 0.187127
7 247 22516.068 2895.622 0.187127
7 248 22516.127 2894.95 0.187127
7 249 22515.922 2894.1426 0.187127
7 250 22515.475 2893.1992 0.187127
7 251 22514.816 2892.1245 0.187127
7 252 22513.988 2890.9277 0.187127
7 253 22513.027 2889.6245 0.187127
7 254 22511.973 2888.2366 0.187127
7 255 22510.846 2886.7935 0.187127
7 256 22509.656 2885.3313 0.187127
7 257 22508.398 2883.8513 0.187127
7 258 22507.055 2882.4192 0.187127
7 259 22505.598 2881.0654 0.187127
7 260 22504.01 2879.8174 0.187127
7 261 22502.275 2878.698 0.187127
7 262 22500.4 2877.7222 0.187127
7 263 22498.398 2876.8933 0.187127
7 264 22496.29 2876.2026 0.187127
7 265 22494.09 2875.6318 0.187127
7 266 22491.812 2875.1594 0.187127
7 267 22489.459 2874.7642 0.187127
7 268 22487.031 2874.4277 0.187127
7 269 22484.533 2874.1318 0.187127
7 270 22481.975 2873.868 0.187127
7 271 22479.39 2873.6382 0.187127
7 272 22476.754 2873.4258 0.187127
7 273 22474.127 2873.225 0.187127
7 274 22471.566 2873.007 0.187127
7 275 22469.107 2872.757 0.187127
7 276 22466.777 2872.4695 0.187127
7 277 22464.588 2872.1438 0.187127
7 278 22462.535 2871.8005 0.187127
7 279 22460.594 2871.4888 0.187127
7 280 22458.727 2871.2112 0.187127
7 281 22456.883 2870.9497 0.187127
7 282 22455.025 2870.6526 0.187127
7 283 22453.09 2870.322 0.187127
7 284 22451.031 2869.9597 0.187127
7 285 22448.818 2869.5798 0.187127
7 286 22446.445 2869.2295 0.187127
7 287 22443.928 2868.9265 0.187127
7 288 22441.3 2868.6611 0.187127
7 289 22438.627 2868.4526 0.187127
7 290 22435.936 2868.319 0.187127
7 291 22433.314 2868.2744 0.187127
7 292 22430.809 2868.3267 0.187127
7 293 22428.453 2868.4763 0.187127
7 294 22426.275 2868.72 0.187127
7 295 22424.303 2869.052 0.187127
7 296 22422.55 2869.465 0.187127
7 297 22421.035 2869.9482 0.187127
7 298 22419.762 2870.4822 0.187127
7 299 22418.729 2871.0537 0.187127
7 300 22417.926 2871.644 0.187127
7 301 22417.334 2872.2363 0.187127
7 302 22416.926 2872.7878 0.187127
7 303 22416.666 2873.2769 0.187127
7 304 22416.523 2873.691 0.187127
7 305 22416.459 2874.0264 0.187127
7 306 22416.45 2874.2886 0.187127
7 307 22416.498 2874.4893 0.187127
7 308 22416.574 2874.6396 0.187127
7 309 22416.668 2874.753 0.187127
7 310 22416.748 2874.8342 0.187127
7 311 22416.818 2874.8977 0.187127
7 312 22416.83 2874.9214 0.187127
7 313 22416.791 2874.923 0.187127
7 314 22416.672 2874.8923 0.187127
7 315 22416.5 2874.8271 0.187127
7 316 22416.266 2874.7246 0.187127
7 317 22415.969 2874.5837 0.187127
7 318 22415.61 2874.4084 0.187127
7 319 22415.18 2874.217 0.187127
7 320 22414.67 2873.9922 0.187127
7 321 22414.059 2873.7522 0.187127
7 322 22413.322 2873.5405 0.187127
7 323 22412.438 2873.3545 0.187127
7 324 22411.389 2873.1907 0.187127
7 325 22410.168 2873.0466 0.187127
7 326 22408.777 2872.9197 0.187127
7 327 22407.227 2872.8079 0.187127
7 328 22405.53 2872.7097 0.187127
7 329 22403.693 2872.6233 0.187127
7 330 22401.73 2872.5474 0.187127
7 331 22399.639 2872.4805 0.187127
7 332 22397.414 2872.4065 0.187127
7 333 22395.05 2872.3 0.187127
7 334 22392.547 2872.156 0.187127
7 335 22389.914 2871.9722 0.187127
7 336 22387.184 2871.753 0.187127
7 337 22384.414 2871.517 0.187127
7 338 22381.64 2871.2478 0.187127
7 339 22378.97 2871.014 0.187127
7 340 22376.475 2870.829 0.187127
7 341 22374.205 2870.6782 0.187127
7 342 22372.2 2870.5715 0.187127
7 343 22370.463 2870.5137 0.187127
7 344 22368.986 2870.5037 0.187127
7 345 22367.73 2870.536 0.187127
7 346 22366.646 2870.6035 0.187127
7 347 22365.668 2870.6877 0.187127
7 348 22364.725 2870.8052 0.187127
