5 0 19230.125 3052.6445 0.2255629
5 1 19229.879 3053.2065 0.22520682
5 2 19229.523 3053.8357 0.2248665
5 3 19229.018 3054.6067 0.22454317
5 4 19228.34 3055.633 0.22422916
5 5 19227.49 3057.0642 0.22390917
5 6 19226.473 3059.0596 0.2235629
5 7 19225.283 3061.7449 0.22316732
5 8 19223.904 3065.169 0.22269794
5 9 19222.307 3069.2837 0.22213036
5 10 19220.453 3073.9556 0.22144374
5 11 19218.314 3078.9998 0.22062561
5 12 19215.875 3084.2205 0.21967539
5 13 19213.146 3089.4458 0.21860489
5 14 19210.17 3094.5518 0.21743605
5 15 19207.01 3099.4683 0.21619785
5 16 19203.744 3104.1733 0.21492316
5 17 19200.465 3108.6748 0.21364422
5 18 19197.248 3112.9932 0.21238674
5 19 19194.13 3117.1492 0.21116568
5 20 19191.14 3121.161 0.2099865
5 21 19188.293 3125.0454 0.20885141
5 22 19185.613 3128.8252 0.20776567
5 23 19183.139 3132.5347 0.20673896
5 24 19180.92 3136.2197 0.20578244
5 25 19179.012 3139.8833 0.2049052
5 26 19177.45 3143.5862 0.20411354
5 27 19176.248 3147.3352 0.20341235
5 28 19175.4 3151.1338 0.20280632
5 29 19174.88 3155.0005 0.20229992
5 30 19174.668 3158.981 0.2018968
5 31 19174.742 3163.142 0.20159978
5 32 19175.096 3167.556 0.20141163
5 33 19175.72 3172.287 0.20133619
5 34 19176.61 3177.3835 0.20137827
5 35 19177.756 3182.8726 0.20154236
5 36 19179.14 3188.7554 0.20183058
5 37 19180.73 3195.0095 0.20224091
5 38 19182.48 3201.5981 0.20276618
5 39 19184.328 3208.486 0.20339277
5 40 19186.209 3215.653 0.2040993
5 41 19188.076 3223.0962 0.20485587
5 42 19189.838 3230.8218 0.205626
5 43 19191.422 3238.831 0.20637128
5 44 19192.756 3247.1096 0.20705786
5 45 19193.78 3255.6292 0.2076619
5 46 19194.463 3264.3625 0.20817184
5 47 19194.814 3273.298 0.20858717
5 48 19194.875 3282.4385 0.20891452
5 49 19194.707 3291.7717 0.20916349
5 50 19194.375 3301.2446 0.20934387
5 51 19193.947 3310.7676 0.20946477
5 52 19193.465 3320.21 0.20953526
5 53 19192.957 3329.5579 0.20956501
5 54 19192.447 3338.831 0.20956433
5 55 19191.979 3348.0996 0.20954344
5 56 19191.564 3357.4492 0.20951155
5 57 19191.182 3366.9531 0.20947613
5 58 19190.742 3376.6575 0.20944254
5 59 19190.273 3386.5774 0.20941405
5 60 19189.836 3396.701 0.20939207
5 61 19189.441 3406.9966 0.20937668
5 62 19189.092 3417.4216 0.20936696
5 63 19188.762 3427.9263 0.2093616
5 64 19188.477 3438.4575 0.20935935
5 65 19188.234 3448.9856 0.20935947
5 66 19187.998 3459.4773 0.20936158
5 67 19187.717 3469.9219 0.20936519
5 68 19187.416 3480.3179 0.20936926
5 69 19187.162 3490.6677 0.20937227
5 70 19186.963 3500.97 0.209373
5 71 19186.768 3511.2166 0.20937121
5 72 19186.496 3521.3936 0.20936798
5 73 19186.17 3531.48 0.2093653
5 74 19185.791 3541.4338 0.20936513
5 75 19185.363 3551.1824 0.20936863
5 76 19184.887 3560.6406 0.20937577
5 77 19184.387 3569.7546 0.20938572
5 78 19183.836 3578.535 0.20939751
5 79 19183.281 3587.0554 0.2094105
5 80 19182.771 3595.4211 0.20942448
5 81 19182.23 3603.7368 0.20943944
5 82 19181.635 3612.0532 0.20945542
5 83 19180.953 3620.4048 0.20947248
5 84 19180.162 3628.7937 0.20949073
5 85 19179.246 3637.2249 0.20951015
5 86 19178.197 3645.7124 0.20953034
5 87 19177.018 3654.2742 0.20955051
5 88 19175.719 3662.9175 0.20956972
5 89 19174.318 3671.6238 0.20958728
5 90 19172.85 3680.3533 0.20960307
5 91 19171.354 3689.0151 0.20961748
5 92 19169.805 3697.5493 0.20963101
5 93 19168.312 3705.8838 0.20964399
5 94 19166.879 3713.9639 0.2096564
5 95 19165.475 3721.7551 0.20966794
5 96 19164.12 3729.2427 0.20967819
5 97 19162.8 3736.4287 0.2096868
5 98 19161.428 3743.3235 0.20969348
5 99 19160.023 3749.9343 0.209698
5 100 19158.592 3756.2517 0.2097005
5 101 19157.219 3762.245 0.20970139
5 102 19155.92 3767.8745 0.20970146
5 103 19154.717 3773.1206 0.20970158
5 104 19153.623 3778.0076 0.20970242
5 105 19152.635 3782.6038 0.20970435
5 106 19151.736 3786.9983 0.20970745
5 107 19150.914 3791.268 0.20971154
5 108 19150.15 3795.4568 0.20971638
5 109 19149.441 3799.576 0.20972174
5 110 19148.758 3803.6152 0.20972738
5 111 19148.123 3807.5547 0.20973292
5 112 19147.535 3811.3765 0.20973797
5 113 19146.996 3815.0725 0.20974213
5 114 19146.406 3818.6462 0.20974517
5 115 19145.795 3822.1113 0.20974712
5 116 19145.18 3825.4873 0.2097483
5 117 19144.611 3828.798 0.2097492
5 118 19144.096 3832.0688 0.2097503
5 119 19143.605 3835.3264 0.20975183
5 120 19143.174 3838.5583 0.20975392
5 121 19142.8 3841.7888 0.20975657
5 122 19142.484 3844.9692 0.20975988
5 123 19142.215 3848.1123 0.20976394
5 124 19141.992 3851.201 0.20976883
5 125 19141.758 3854.2156 0.2097745
5 126 19141.5 3857.1294 0.20978078
5 127 19141.197 3859.9104 0.20978746
5 128 19140.842 3862.531 0.20979421
5 129 19140.455 3864.9778 0.20980065
5 130 19140.125 3867.2524 0.20980646
5 131 19139.705 3869.362 0.20981148
5 132 19139.166 3871.3088 0.20981577
5 133 19138.402 3873.0833 0.20981956
5 134 19137.281 3874.6682 0.20982318
5 135 19135.664 3876.0461 0.20982689
5 136 19133.436 3877.206 0.20983078
5 137 19130.53 3878.148 0.20983468
5 138 19126.963 3878.8826 0.20983818
5 139 19122.836 3879.4277 0.20984074
5 140 19118.328 3879.8037 0.20984195
5 141 19113.66 3880.0293 0.20984164
5 142 19109.059 3880.1182 0.20984
5 143 19104.715 3880.0754 0.20983733
5 144 19100.76 3879.8906 0.20983385
5 145 19097.262 3879.529 0.20982939
5 146 19094.23 3878.9243 0.20982362
5 147 19091.64 3877.9783 0.20981611
5 148 19089.451 3876.5745 0.20980662
5 149 19087.629 3874.606 0.20979524
5 150 19086.152 3872.009 0.20978239
5 151 19085.016 3868.7822 0.20976873
5 152 19084.213 3864.9727 0.20975499
5 153 19083.729 3860.6348 0.2097419
5 154 19083.531 3855.7917 0.20973004
5 155 19083.57 3850.4202 0.2097198
5 156 19083.795 3844.4636 0.20971133
5 157 19084.16 3837.8625 0.20970455
5 158 19084.627 3830.5803 0.20969932
5 159 19085.166 3822.6213 0.20969558
5 160 19085.734 3814.0378 0.20969349
5 161 19086.361 3804.9263 0.20969345
5 162 19087.043 3795.418 0.20969595
5 163 19087.703 3785.6653 0.20970131
5 164 19088.312 3775.8303 0.20970957
5 165 19088.871 3766.0103 0.20972049
5 166 19089.422 3756.3418 0.20973365
5 167 19090.059 3746.9082 0.20974869
5 168 19090.762 3737.777 0.20976523
5 169 19091.547 3729.0017 0.20978282
5 170 19092.408 3720.617 0.20980076
5 171 19093.305 3712.6333 0.209818
5 172 19094.254 3705.0327 0.20983347
5 173 19095.168 3697.7742 0.20984645
5 174 19096.023 3690.8142 0.20985675
5 175 19096.8 3684.131 0.2098647
5 176 19097.5 3677.7288 0.20987077
5 177 19098.135 3671.609 0.20987515
5 178 19098.74 3665.7275 0.20987763
5 179 19099.291 3659.9727 0.20987771
5 180 19099.799 3654.1804 0.20987494
5 181 19100.285 3648.1753 0.20986912
5 182 19100.715 3641.8057 0.20986037
5 183 19101.09 3634.9585 0.20984925
5 184 19101.408 3627.559 0.20983674
5 185 19101.697 3619.565 0.20982431
5 186 19101.932 3610.9668 0.20981385
5 187 19102.203 3601.7944 0.20980729
5 188 19102.564 3592.1233 0.20980619
5 189 19103.006 3582.0723 0.20981137
5 190 19103.56 3571.7944 0.20982271
5 191 19104.25 3561.4614 0.20983931
5 192 19105.078 3551.25 0.20985985
5 193 19106.031 3541.3284 0.20988283
5 194 19107.084 3531.8425 0.20990683
5 195 19108.2 3522.8977 0.20993038
5 196 19109.334 3514.5405 0.20995182
5 197 19110.393 3506.7522 0.20996964
5 198 19111.389 3499.4602 0.20998289
5 199 19112.295 3492.5686 0.20999154
5 200 19113.098 3485.9963 0.20999663
5 201 19113.795 3479.6934 0.20999978
5 202 19114.389 3473.6245 0.2100029
5 203 19114.885 3467.7363 0.2100078
5 204 19115.287 3461.9387 0.21001618
5 205 19115.607 3456.1204 0.21002944
5 206 19115.857 3450.184 0.21004839
5 207 19116.074 3444.0784 0.21007268
5 208 19116.234 3437.808 0.2101004
5 209 19116.346 3431.423 0.21012811
5 210 19116.43 3424.9978 0.21015161
5 211 19116.455 3418.65 0.21016705
5 212 19116.453 3412.4148 0.21017188
5 213 19116.482 3406.3464 0.21016489
5 214 19116.547 3400.4756 0.21014573
5 215 19116.553 3394.8108 0.21011424
5 216 19116.51 3389.3481 0.21007071
5 217 19116.408 3384.0872 0.21001631
5 218 19116.24 3379.0437 0.20995346
5 219 19116.016 3374.2485 0.20988539
5 220 19115.742 3369.7295 0.2098151
5 221 19115.445 3365.4907 0.2097443
5 222 19115.162 3361.498 0.20967302
5 223 19114.93 3357.6833 0.20959987
5 224 19114.754 3353.9683 0.20952295
5 225 19114.64 3350.2842 0.20944087
5 226 19114.607 3346.611 0.20935363
5 227 19114.676 3342.9324 0.20926312
5 228 19114.863 3339.293 0.20917298
5 229 19115.184 3335.702 0.20908794
5 230 19115.643 3332.1619 0.20901279
5 231 19116.242 3328.672 0.2089514
5 232 19116.982 3325.2354 0.20890611
5 233 19117.857 3321.8618 0.20887806
5 234 19118.855 3318.573 0.20886756
5 235 19119.957 3315.4028 0.208874
5 236 19121.139 3312.3923 0.20889473
5 237 19122.377 3309.5818 0.2089245
5 238 19123.613 3306.9993 0.20895623
5 239 19124.797 3304.657 0.20898311
5 240 19125.902 3302.5586 0.20900053
5 241 19126.906 3300.706 0.20900644
5 242 19127.781 3299.1003 0.20900041
5 243 19128.498 3297.7324 0.20898235
5 244 19129.027 3296.575 0.20895201
5 245 19129.352 3295.5806 0.20890905
5 246 19129.482 3294.6887 0.2088533
5 247 19129.477 3293.8506 0.20878483
5 248 19129.395 3293.032 0.20870374
5 249 19129.31 3292.1797 0.20861001
5 250 19129.305 3291.2874 0.20850368
5 251 19129.426 3290.347 0.20838523
5 252 19129.701 3289.354 0.20825607
5 253 19130.137 3288.297 0.2081186
5 254 19130.723 3287.1497 0.20797561
5 255 19131.45 3285.8687 0.20782977
5 256 19132.305 3284.4028 0.20768377
5 257 19133.287 3282.7039 0.20754085
5 258 19134.395 3280.7341 0.2074052
5 259 19135.63 3278.4775 0.20728177
5 260 19137.004 3275.946 0.20717613
5 261 19138.523 3273.189 0.20709455
5 262 19140.219 3270.2925 0.20704414
5 263 19142.121 3267.3662 0.20703278
5 264 19144.266 3264.5166 0.20706889
5 265 19146.664 3261.821 0.2071611
5 266 19149.3 3259.3083 0.20731829
5 267 19152.117 3256.953 0.20754892
5 268 19155.03 3254.6868 0.20785934
5 269 19157.95 3252.4243 0.20825179
5 270 19160.79 3250.092 0.20872323
5 271 19163.49 3247.6526 0.20926583
5 272 19166.02 3245.1123 0.20986842
5 273 19168.379 3242.5073 0.21051791
5 274 19170.598 3239.8809 0.21119967
5 275 19172.717 3237.313 0.21189697
5 276 19174.775 3234.8052 0.2125908
5 277 19176.81 3232.3909 0.21326125
5 278 19178.83 3230.1091 0.21389085
5 279 19180.83 3228.007 0.21446814
5 280 19182.809 3226.1333 0.21498907
5 281 19184.732 3224.5278 0.21545559
5 282 19186.66 3223.211 0.21587268
5 283 19188.5 3222.1768 0.21624592
5 284 19190.246 3221.3916 0.21658042
5 285 19191.844 3220.8008 0.2168802
5 286 19193.24 3220.34 0.21714787
5 287 19194.404 3219.943 0.21738435
5 288 19195.334 3219.5476 0.21758959
5 289 19196.066 3219.1003 0.21776392
5 290 19196.682 3218.558 0.21790951
5 291 19197.285 3217.8904 0.21803111
5 292 19197.984 3217.0798 0.21813545
5 293 19198.863 3216.1243 0.21822974
5 294 19199.979 3215.0386 0.21832
5 295 19201.355 3213.8596 0.21840999
5 296 19202.988 3212.63 0.21850069
5 297 19204.832 3211.4011 0.21859035
5 298 19206.814 3210.2307 0.21867482
5 299 19208.863 3209.1553 0.21874851
5 300 19210.902 3208.1887 0.21880582
5 301 19212.852 3207.3271 0.21884269
5 302 19214.682 3206.5544 0.21885756
5 303 19216.4 3205.85 0.21885097
5 304 19218.072 3205.191 0.21882366
5 305 19219.723 3204.548 0.21877399
5 306 19221.457 3203.9255 0.21869576
5 307 19223.332 3203.261 0.21857764
5 308 19225.39 3202.543 0.21840471
5 309 19227.648 3201.76 0.21816176
5 310 19230.1 3200.9104 0.21783727
5 311 19232.709 3200.0032 0.21742694
5 312 19235.422 3199.0713 0.21693549
5 313 19238.168 3198.0996 0.21637657
5 314 19240.812 3197.109 0.21577087
5 315 19243.287 3196.176 0.21514313
5 316 19245.5 3195.2913 0.21451908
5 317 19247.38 3194.4648 0.21392271
5 318 19248.885 3193.6921 0.21337382
5 319 19249.988 3192.9434 0.21288621
5 320 19250.688 3192.2327 0.21246675
5 321 19251.006 3191.5461 0.21211673
5 322 19250.996 3190.8276 0.2118357
5 323 19250.73 3190.0774 0.21162578
5 324 19250.299 3189.3267 0.21149349
5 325 19249.78 3188.6335 0.21144691
5 326 19249.232 3187.9907 0.21149004
5 327 19248.762 3187.4216 0.21161813
5 328 19248.354 3186.9434 0.21181758
5 329 19248.018 3186.5635 0.21207008
5 330 19247.744 3186.28 0.21235804
5 331 19247.521 3186.0815 0.21266823
5 332 19247.324 3185.9482 0.21299265
5 333 19247.133 3185.8616 0.21332724
5 334 19246.893 3185.8145 0.21366952
5 335 19246.629 3185.8086 0.21401668
5 336 19246.318 3185.8452 0.2143644
5 337 19245.953 3185.9263 0.21470669
5 338 19245.533 3186.0513 0.21503642
5 339 19245.06 3186.2153 0.21534623
5 340 19244.588 3186.3975 0.21562937
5 341 19244.17 3186.6155 0.2158805
5 342 19243.725 3186.8162 0.21609621
5 343 19243.295 3186.9802 0.21627557
5 344 19242.924 3187.1245 0.21642008
5 345 19242.584 3187.2327 0.2165329
5 346 19242.295 3187.324 0.21661758
5 347 19241.957 3187.3662 0.21667767
5 348 19241.57 3187.375 0.2167175
5 349 19241.137 3187.3394 0.21674402
5 350 19240.729 3187.2537 0.21676756
5 351 19240.37 3187.119 0.21680114
5 352 19240.068 3186.939 0.21685888
5 353 19239.834 3186.7192 0.216955
5 354 19239.662 3186.4631 0.21710241
5 355 19239.52 3186.1726 0.21730974
5 356 19239.436 3185.8489 0.2175771
5 357 19239.404 3185.4924 0.21789292
5 358 19239.387 3185.1033 0.21823516
5 359 19239.387 3184.6978 0.2185767
5 360 19239.363 3184.259 0.2188916
5 361 19239.398 3183.8206 0.21915857
5 362 19239.512 3183.4294 0.21936029
5 363 19239.674 3183.1018 0.21948133
5 364 19239.883 3182.8547 0.21950835
5 365 19240.137 3182.6956 0.21943392
5 366 19240.412 3182.6191 0.2192613
5 367 19240.707 3182.609 0.21900614
5 368 19240.941 3182.6409 0.21869312
5 369 19241.1 3182.687 0.21834931
5 370 19241.172 3182.7637 0.21799748
5 371 19241.15 3182.8247 0.21765244
5 372 19241.04 3182.853 0.21732117
5 373 19240.838 3182.8474 0.21700533
5 374 19240.553 3182.8257 0.21670434
5 375 19240.191 3182.7676 0.21641754
5 376 19239.773 3182.677 0.21614528
5 377 19239.305 3182.5562 0.21588892
5 378 19238.783 3182.418 0.21565007
5 379 19238.234 3182.2715 0.21542957
5 380 19237.684 3182.0684 0.21522702
5 381 19237.158 3181.822 0.21504092
5 382 19236.617 3181.5193 0.21486975
5 383 19236.102 3181.1577 0.21471299
5 384 19235.662 3180.7434 0.21457197
5 385 19235.275 3180.29 0.21445003
5 386 19234.965 3179.8223 0.21435195
5 387 19234.744 3179.347 0.21428296
5 388 19234.625 3178.9172 0.2142476
5 389 19234.615 3178.562 0.21424887
5 390 19234.713 3178.3032 0.21428783
5 391 19234.904 3178.1494 0.21436356
5 392 19235.162 3178.094 0.21447328
5 393 19235.47 3178.1191 0.21461263
5 394 19235.832 3178.2039 0.21477625
5 395 19236.248 3178.313 0.21495824
5 396 19236.719 3178.4612 0.21515277
5 397 19237.215 3178.6458 0.21535438
5 398 19237.684 3178.8682 0.21555823
5 399 19238.066 3179.1096 0.21576004
5 400 19238.307 3179.3904 0.21595593
5 401 19238.373 3179.6558 0.2161423
5 402 19238.273 3179.8662 0.2163161
5 403 19238.057 3180.0405 0.21647546
5 404 19237.799 3180.1953 0.21662001
5 405 19237.53 3180.3135 0.21675073
5 406 19237.361 3180.427 0.2168691
5 407 19237.387 3180.5781 0.21697645
5 408 19237.852 3180.7712 0.2170749
5 409 19239.096 3181.0107 0.21717346
5 410 19241.33 3181.2993 0.21730116
5 411 19244.611 3181.6372 0.21752006
5 412 19248.951 3182.016 0.21791942
5 413 19254.28 3182.4111 0.21858
5 414 19260.375 3182.776 0.21952547
5 415 19266.879 3183.011 0.22069858
5 416 19273.406 3183.019 0.22198316
5 417 19279.643 3182.7314 0.22325721
5 418 19285.396 3182.1438 0.22444099
5 419 19290.59 3181.333 0.22551371
5 420 19295.213 3180.4407 0.22649772
5 421 19299.297 3179.6272 0.22742894
5 422 19302.895 3179.0989 0.22833571
5 423 19306.072 3179.0222 0.22923507
5 424 19308.912 3179.511 0.23013778
5 425 19311.479 3180.597 0.23104839
5 426 19313.795 3182.2153 0.23195882
5 427 19315.836 3184.22 0.2328454
5 428 19317.56 3186.4192 0.23367633
5 429 19318.938 3188.622 0.23442547
5 430 19319.979 3190.6792 0.23508249
5 431 19320.734 3192.5059 0.23565465
5 432 19321.29 3194.0862 0.23616144
5 433 19321.732 3195.4556 0.23662591
5 434 19322.143 3196.6697 0.23706584
5 435 19322.584 3197.7708 0.2374875
5 436 19323.049 3198.7686 0.23788328
5 437 19323.459 3199.6362 0.23823375
5 438 19323.732 3200.3237 0.2385126
5 439 19323.777 3200.7798 0.23869307
5 440 19323.521 3200.9722 0.23875369
5 441 19322.926 3200.8984 0.23868264
5 442 19321.99 3200.5837 0.23847996
5 443 19320.752 3200.0684 0.23815759
5 444 19319.273 3199.3923 0.2377377
5 445 19317.64 3198.5835 0.23724963
5 446 19315.957 3197.6501 0.2367258
5 447 19314.395 3196.582 0.23619846
5 448 19313.006 3195.3574 0.2356985
5 449 19311.863 3193.9573 0.23525634
5 450 19311.0 3192.3774 0.23489986
5 451 19310.406 3190.642 0.23464648
5 452 19310.049 3188.814 0.23449317
5 453 19309.877 3186.994 0.23441459
5 454 19309.842 3185.3003 0.23437458
5 455 19309.912 3183.8389 0.23434356
5 456 19310.072 3182.6816 0.23430984
5 457 19310.32 3181.8643 0.23427942
5 458 19310.666 3181.3916 0.23426807
5 459 19311.123 3181.2444 0.23429164
5 460 19311.691 3181.3809 0.23435812
5 461 19312.346 3181.7378 0.23446238
5 462 19313.031 3182.2397 0.23458607
5 463 19313.645 3182.811 0.23470318
5 464 19314.1 3183.3765 0.23478717
5 465 19314.326 3183.867 0.23481509
5 466 19314.287 3184.2285 0.2347685
5 467 19313.975 3184.4238 0.23463458
5 468 19313.412 3184.4338 0.23440963
5 469 19312.637 3184.2585 0.23410268
5 470 19311.7 3183.9133 0.23373517
5 471 19310.65 3183.4224 0.23333564
5 472 19309.535 3182.8093 0.23293182
5 473 19308.373 3182.0923 0.23254474
5 474 19307.164 3181.2832 0.23218714
5 475 19305.93 3180.3933 0.23186587
5 476 19304.742 3179.438 0.23158444
5 477 19303.615 3178.4404 0.23134379
5 478 19302.559 3177.4116 0.23114176
5 479 19301.576 3176.3657 0.23097305
5 480 19300.664 3175.341 0.23083034
5 481 19299.805 3174.3372 0.23070534
5 482 19298.967 3173.3713 0.23058957
5 483 19298.182 3172.4062 0.23047583
5 484 19297.346 3171.4026 0.23036034
5 485 19296.453 3170.3992 0.23024406
5 486 19295.531 3169.3684 0.2301317
5 487 19294.557 3168.3357 0.23002893
5 488 19293.646 3167.3342 0.22993931
5 489 19292.791 3166.3462 0.22986303
5 490 19292.006 3165.39 0.22979686
5 491 19291.29 3164.509 0.22973497
5 492 19290.652 3163.7632 0.22967012
5 493 19290.127 3163.2178 0.22959599
5 494 19289.77 3162.9382 0.22951053
5 495 19289.662 3162.9854 0.22941886
5 496 19289.88 3163.4082 0.22933272
5 497 19290.48 3164.2356 0.22926639
5 498 19291.475 3165.4705 0.22923158
5 499 19292.832 3167.0896 0.22923535
5 500 19294.49 3169.0476 0.22928114
5 501 19296.363 3171.2778 0.22936885
5 502 19298.365 3173.696 0.2294906
5 503 19300.408 3176.2087 0.2296248
5 504 19302.486 3178.7317 0.22973537
5 505 19304.512 3181.208 0.22978084
5 506 19306.508 3183.6182 0.22972964
5 507 19308.453 3185.976 0.2295734
5 508 19310.477 3188.315 0.22933084
5 509 19312.564 3190.6257 0.22904165
5 510 19314.746 3192.9548 0.22875479
5 511 19317.035 3195.263 0.22851522
5 512 19319.41 3197.5532 0.22835003
5 513 19321.816 3199.8125 0.22825743
5 514 19324.209 3202.0413 0.22820655
5 515 19326.506 3204.3257 0.22815336
5 516 19328.686 3206.6748 0.22806631
5 517 19330.775 3209.108 0.22794487
5 518 19332.803 3211.6096 0.22781865
5 519 19334.799 3214.1372 0.22772807
5 520 19336.818 3216.5647 0.22770032
5 521 19338.812 3218.794 0.22773653
5 522 19340.719 3220.7097 0.2278174
5 523 19342.482 3222.243 0.22792187
5 524 19344.07 3223.3955 0.22804444
5 525 19345.5 3224.243 0.22819889
5 526 19346.826 3224.9114 0.22840802
5 527 19348.117 3225.526 0.22868834
5 528 19349.422 3226.2332 0.22904016
5 529 19350.748 3227.0725 0.22944663
5 530 19352.092 3228.0618 0.22987936
5 531 19353.332 3229.166 0.2303062
5 532 19354.402 3230.3125 0.2306982
5 533 19355.238 3231.4424 0.2310339
5 534 19355.803 3232.4453 0.2313007
5 535 19356.092 3233.2546 0.23149379
5 536 19356.115 3233.8284 0.2316136
5 537 19355.895 3234.1506 0.23166224
5 538 19355.455 3234.2253 0.23163977
5 539 19354.814 3234.0652 0.23154196
5 540 19353.99 3233.6853 0.23136018
5 541 19352.994 3233.102 0.23108444
5 542 19351.842 3232.3389 0.23070979
5 543 19350.572 3231.432 0.23024547
5 544 19349.26 3230.4326 0.22972287
5 545 19347.979 3229.4016 0.22919753
5 546 19346.883 3228.439 0.22873788
5 547 19346.049 3227.5496 0.2283987
5 548 19345.463 3226.73 0.22819126
5 549 19344.982 3225.9385 0.22806872
5 550 19344.463 3225.1523 0.22793877
5 551 19343.666 3224.311 0.22769773
5 552 19342.469 3223.4175 0.22726694
5 553 19340.854 3222.5188 0.22661354
5 554 19338.92 3221.6978 0.22575161
5 555 19336.87 3221.0464 0.22473374
5 556 19335.023 3220.6401 0.22364613
5 557 19333.61 3220.516 0.22260837
5 558 19332.76 3220.6663 0.22176154
5 559 19332.465 3221.0498 0.2212306
5 560 19332.604 3221.6187 0.22107221
5 561 19332.99 3222.339 0.22124387
5 562 19333.43 3223.1914 0.22162074
5 563 19333.775 3224.1436 0.22205247
5 564 19333.984 3225.1338 0.22242378
5 565 19334.127 3226.087 0.22268492
5 566 19334.275 3226.8958 0.22284462
5 567 19334.555 3227.4932 0.22294185
5 568 19335.004 3227.8438 0.22301874
5 569 19335.605 3227.9373 0.22310463
5 570 19336.299 3227.784 0.22321118
5 571 19337.016 3227.4092 0.2233347
5 572 19337.629 3226.8494 0.22346231
5 573 19338.121 3226.1458 0.2235789
5 574 19338.445 3225.3408 0.2236723
5 575 19338.57 3224.4758 0.22373608
5 576 19338.492 3223.5908 0.22376937
5 577 19338.225 3222.6912 0.22377412
5 578 19337.805 3221.83 0.22375153
5 579 19337.277 3221.0278 0.22370036
5 580 19336.678 3220.2983 0.22361845
5 581 19336.014 3219.6448 0.22350448
5 582 19335.262 3219.0513 0.2233567
5 583 19334.355 3218.481 0.2231686
5 584 19333.209 3217.902 0.2229259
5 585 19331.732 3217.2114 0.22260863
5 586 19329.854 3216.304 0.22219883
5 587 19327.53 3215.0469 0.2216891
5 588 19324.748 3213.2832 0.22108597
5 589 19321.525 3210.848 0.2204048
5 590 19317.895 3207.5906 0.21965896
5 591 19313.904 3203.4045 0.21885042
5 592 19309.617 3198.2495 0.21797016
5 593 19305.133 3192.1616 0.2170085
5 594 19300.557 3185.2468 0.21596731
5 595 19296.006 3177.654 0.21486382
5 596 19291.59 3169.5425 0.21372418
5 597 19287.363 3161.0544 0.21257344
5 598 19283.33 3152.313 0.21142963
5 599 19279.45 3143.4448 0.2103041
5 600 19275.678 3134.603 0.20920557
5 601 19271.996 3125.96 0.20814402
5 602 19268.418 3117.6736 0.2071318
5 603 19264.984 3109.865 0.20618133
5 604 19261.738 3102.625 0.20530151
5 605 19258.71 3096.0317 0.20449568
5 606 19255.92 3090.1575 0.20376289
5 607 19253.379 3085.0566 0.2031007
5 608 19251.111 3080.7483 0.20250773
5 609 19249.143 3077.2053 0.20198442
5 610 19247.5 3074.3618 0.20153263
5 611 19246.197 3072.1313 0.20115477
5 612 19245.229 3070.4282 0.20085293
5 613 19244.572 3069.185 0.20062806
5 614 19244.195 3068.3586 0.20047924
5 615 19244.062 3067.9287 0.20040366
5 616 19244.14 3067.8977 0.20039771
5 617 19244.404 3068.2932 0.20045923
5 618 19244.834 3069.174 0.20059036
5 619 19245.412 3070.6226 0.20080046
5 620 19246.129 3072.7205 0.20110857
5 621 19246.986 3075.52 0.20154493
5 622 19248.008 3079.027 0.20215137
5 623 19249.232 3083.2017 0.20297858
5 624 19250.693 3087.9675 0.20407708
5 625 19252.402 3093.2195 0.20548181
5 626 19254.328 3098.8362 0.20719711
5 627 19256.398 3104.707 0.20919551
5 628 19258.521 3110.7632 0.21143754
5 629 19260.629 3116.985 0.21390481
5 630 19262.678 3123.3853 0.2166258
5 631 19264.676 3129.9834 0.21967852
5 632 19266.652 3136.7932 0.22317018
5 633 19268.674 3143.8247 0.22720818
5 634 19270.695 3151.0923 0.23188043
5 635 19272.607 3158.6223 0.23725313
5 636 19274.26 3166.4497 0.24338205
5 637 19275.484 3174.6055 0.25032547
5 638 19276.146 3183.0955 0.25814885
5 639 19276.184 3191.8806 0.26691714
5 640 19275.625 3200.8696 0.27667728
5 641 19274.582 3209.946 0.28743726
5 642 19273.22 3218.985 0.2991511
5 643 19271.746 3227.871 0.31171426
5 644 19270.29 3236.5256 0.3249679
5 645 19269.041 3244.9023 0.33870396
5 646 19268.092 3252.9692 0.35267
5 647 19267.477 3260.6882 0.36657768
5 648 19267.178 3268.0059 0.3801185
5 649 19267.146 3274.8623 0.39298272
5 650 19267.324 3281.2087 0.40487888
5 651 19267.67 3287.0256 0.41556266
5 652 19268.176 3292.3384 0.42488307
5 653 19268.863 3297.2266 0.43282938
5 654 19269.76 3301.8223 0.43954307
5 655 19270.863 3306.2905 0.44527426
5 656 19272.133 3310.7932 0.45030293
5 657 19273.49 3315.451 0.4548624
5 658 19274.836 3320.3157 0.45909065
5 659 19276.07 3325.3655 0.46301833
5 660 19277.117 3330.5166 0.46659237
5 661 19277.934 3335.6519 0.46972474
5 662 19278.512 3340.6497 0.47234374
5 663 19278.873 3345.4106 0.47442606
5 664 19279.055 3349.8699 0.47600207
5 665 19279.1 3353.9941 0.47714162
5 666 19279.049 3357.7732 0.47793332
5 667 19278.938 3361.2124 0.47846878
5 668 19278.805 3364.3298 0.478839
5 669 19278.71 3367.1523 0.47914454
5 670 19278.688 3369.7075 0.4795111
5 671 19278.787 3372.0164 0.4800936
5 672 19279.06 3374.0898 0.48105857
5 673 19279.545 3375.9343 0.48255408
5 674 19280.25 3377.5615 0.48468515
5 675 19281.164 3378.9941 0.4875017
5 676 19282.254 3380.2646 0.4909968
5 677 19283.473 3381.407 0.4951149
5 678 19284.781 3382.4458 0.49977395
5 679 19286.145 3383.3916 0.50489384
5 680 19287.555 3384.247 0.51041305
5 681 19289.02 3385.0176 0.5162826
5 682 19290.557 3385.7175 0.5224448
5 683 19292.174 3386.371 0.528816
5 684 19293.854 3387.023 0.5352906
5 685 19295.559 3387.7144 0.5417638
5 686 19297.275 3388.4666 0.5481516
5 687 19298.922 3389.2908 0.55438906
5 688 19300.47 3390.175 0.5604045
5 689 19301.904 3391.0823 0.56609327
5 690 19303.219 3392.012 0.5713154
5 691 19304.412 3392.901 0.57592475
5 692 19305.494 3393.7407 0.57981235
5 693 19306.47 3394.5432 0.5829388
5 694 19307.35 3395.3323 0.58534
5 695 19308.139 3396.1523 0.5871103
5 696 19308.844 3397.01 0.5883734
5 697 19309.473 3397.92 0.5892565
5 698 19310.027 3398.8867 0.5898718
5 699 19310.51 3399.899 0.5903086
5 700 19310.91 3400.9285 0.59063196
5 701 19311.213 3401.9734 0.59088534
5 702 19311.398 3402.957 0.59109527
5 703 19311.453 3403.8398 0.59127676
5 704 19311.38 3404.5894 0.5914382
5 705 19311.2 3405.19 0.59158444
5 706 19310.969 3405.6475 0.5917181
5 707 19310.72 3405.9883 0.59183913
5 708 19310.56 3406.2488 0.5919455
5 709 19310.535 3406.4622 0.5920345
5 710 19310.668 3406.6594 0.59210443
5 711 19310.945 3406.86 0.5921558
5 712 19311.318 3407.1157 0.59219116
5 713 19311.758 3407.408 0.5922148
5 714 19312.258 3407.7446 0.59223163
5 715 19312.838 3408.1443 0.5922455
5 716 19313.537 3408.6353 0.59225875
5 717 19314.389 3409.253 0.59227186
5 718 19315.39 3410.0376 0.59228456
5 719 19316.5 3411.031 0.5922962
5 720 19317.648 3412.2712 0.592305
5 721 19318.79 3413.7815 0.5923071
5 722 19319.855 3415.56 0.59229666
5 723 19320.83 3417.5745 0.5922683
5 724 19321.725 3419.7683 0.59222054
5 725 19322.584 3422.0774 0.59215754
5 726 19323.387 3424.4473 0.59208816
5 727 19324.172 3426.8362 0.5920229
5 728 19324.896 3429.2722 0.59197086
5 729 19325.568 3431.7883 0.5919371
5 730 19326.162 3434.4404 0.5919225
5 731 19326.658 3437.2585 0.59192413
5 732 19327.043 3440.2236 0.5919372
5 733 19327.316 3443.266 0.5919567
5 734 19327.492 3446.2874 0.5919786
5 735 19327.625 3449.1868 0.59200007
5 736 19327.734 3451.884 0.59201884
5 737 19327.906 3454.325 0.59203345
5 738 19328.166 3456.479 0.592043
5 739 19328.514 3458.3335 0.5920475
5 740 19328.924 3459.891 0.5920477
5 741 19329.393 3461.1694 0.5920446
5 742 19329.94 3462.198 0.5920388
5 743 19330.584 3463.0137 0.5920306
5 744 19331.37 3463.652 0.5920203
5 745 19332.326 3464.142 0.5920088
5 746 19333.479 3464.5034 0.59199816
5 747 19334.826 3464.7498 0.5919908
5 748 19336.365 3464.8926 0.5919892
5 749 19338.094 3464.9468 0.5919953
5 750 19340.012 3464.9329 0.59200996
5 751 19342.115 3464.876 0.5920327
5 752 19344.385 3464.8047 0.5920614
5 753 19346.795 3464.721 0.5920925
5 754 19349.307 3464.6714 0.5921215
5 755 19351.889 3464.658 0.5921441
5 756 19354.5 3464.6794 0.5921573
5 757 19357.16 3464.7183 0.5921603
5 758 19359.803 3464.792 0.5921542
5 759 19362.38 3464.8967 0.59214187
5 760 19364.885 3465.038 0.59212655
5 761 19367.305 3465.2021 0.5921113
5 762 19369.648 3465.3472 0.59209824
5 763 19371.92 3465.5073 0.59208906
5 764 19374.113 3465.6975 0.59208596
5 765 19376.21 3465.9124 0.5920923
5 766 19378.191 3466.0996 0.5921124
5 767 19380.043 3466.2563 0.59215087
5 768 19381.791 3466.3804 0.59221005
5 769 19383.498 3466.5288 0.5922885
5 770 19385.23 3466.7395 0.5923801
5 771 19387.13 3467.0532 0.59247553
5 772 19389.307 3467.4998 0.59256566
5 773 19391.834 3468.0845 0.59264445
5 774 19394.744 3468.7876 0.59271014
5 775 19398.01 3469.5767 0.5927643
5 776 19401.564 3470.4167 0.5928101
5 777 19405.303 3471.2734 0.5928509
5 778 19409.104 3472.1602 0.5928901
