0 0 -2147483648 -2147483648 0.0000000
0 1 -2147483648 -2147483648 0.0000000
0 2 -2147483648 -2147483648 0.0000000
0 3 -2147483648 -2147483648 0.0000000
0 4 -2147483648 -2147483648 0.0000000
0 5 -2147483648 -2147483648 0.0000000
0 6 -2147483648 -2147483648 0.0000000
0 7 -2147483648 -2147483648 0.0000000
0 8 -2147483648 -2147483648 0.0000000
0 9 -2147483648 -2147483648 0.0000000
0 10 -2147483648 -2147483648 0.0000000
0 11 -2147483648 -2147483648 0.0000000
0 12 -2147483648 -2147483648 0.0000000
0 13 -2147483648 -2147483648 0.0000000
0 14 -2147483648 -2147483648 0.0000000
0 15 -2147483648 -2147483648 0.0000000
0 16 -2147483648 -2147483648 0.0000000
0 17 -2147483648 -2147483648 0.0000000
0 18 -2147483648 -2147483648 0.0000000
0 19 -2147483648 -2147483648 0.0000000
0 20 -2147483648 -2147483648 0.0000000
0 21 -2147483648 -2147483648 0.0000000
0 22 -2147483648 -2147483648 0.0000000
0 23 -2147483648 -2147483648 0.0000000
0 24 -2147483648 -2147483648 0.0000000
0 25 -2147483648 -2147483648 0.0000000
0 26 -2147483648 -2147483648 0.0000000
0 27 -2147483648 -2147483648 0.0000000
0 28 -2147483648 -2147483648 0.0000000
0 29 -2147483648 -2147483648 0.0000000
0 30 -2147483648 -2147483648 0.0000000
0 31 -2147483648 -2147483648 0.0000000
0 32 -2147483648 -2147483648 0.0000000
0 33 -2147483648 -2147483648 0.0000000
0 34 -2147483648 -2147483648 0.0000000
0 35 -2147483648 -2147483648 0.0000000
0 36 -2147483648 -2147483648 0.0000000
0 37 -2147483648 -2147483648 0.0000000
0 38 -2147483648 -2147483648 0.0000000
0 39 -2147483648 -2147483648 0.0000000
0 40 -2147483648 -2147483648 0.0000000
0 41 -2147483648 -2147483648 0.0000000
0 42 -2147483648 -2147483648 0.0000000
0 43 -2147483648 -2147483648 0.0000000
0 44 -2147483648 -2147483648 0.0000000
0 45 -2147483648 -2147483648 0.0000000
0 46 -2147483648 -2147483648 0.0000000
0 47 -2147483648 -2147483648 0.0000000
0 48 -2147483648 -2147483648 0.0000000
0 49 -2147483648 -2147483648 0.0000000
0 50 -2147483648 -2147483648 0.0000000
0 51 -2147483648 -2147483648 0.0000000
0 52 -2147483648 -2147483648 0.0000000
0 53 -2147483648 -2147483648 0.0000000
0 54 -2147483648 -2147483648 0.0000000
0 55 -2147483648 -2147483648 0.0000000
0 56 -2147483648 -2147483648 0.0000000
0 57 -2147483648 -2147483648 0.0000000
0 58 -2147483648 -2147483648 0.0000000
0 59 -2147483648 -2147483648 0.0000000
0 60 -2147483648 -2147483648 0.0000000
0 61 -2147483648 -2147483648 0.0000000
0 62 -2147483648 -2147483648 0.0000000
0 63 -2147483648 -2147483648 0.0000000
0 64 -2147483648 -2147483648 0.0000000
0 65 -2147483648 -2147483648 0.0000000
0 66 -2147483648 -2147483648 0.0000000
0 67 -2147483648 -2147483648 0.0000000
0 68 -2147483648 -2147483648 0.0000000
0 69 -2147483648 -2147483648 0.0000000
0 70 -2147483648 -2147483648 0.0000000
0 71 -2147483648 -2147483648 0.0000000
0 72 -2147483648 -2147483648 0.0000000
0 73 -2147483648 -2147483648 0.0000000
0 74 -2147483648 -2147483648 0.0000000
0 75 -2147483648 -2147483648 0.0000000
0 76 -2147483648 -2147483648 0.0000000
0 77 -2147483648 -2147483648 0.0000000
0 78 -2147483648 -2147483648 0.0000000
0 79 -2147483648 -2147483648 0.0000000
0 80 -2147483648 -2147483648 0.0000000
0 81 -2147483648 -2147483648 0.0000000
0 82 -2147483648 -2147483648 0.0000000
0 83 -2147483648 -2147483648 0.0000000
0 84 -2147483648 -2147483648 0.0000000
0 85 -2147483648 -2147483648 0.0000000
0 86 -2147483648 -2147483648 0.0000000
0 87 -2147483648 -2147483648 0.0000000
0 88 -2147483648 -2147483648 0.0000000
0 89 -2147483648 -2147483648 0.0000000
0 90 -2147483648 -2147483648 0.0000000
0 91 -2147483648 -2147483648 0.0000000
0 92 -2147483648 -2147483648 0.0000000
0 93 -2147483648 -2147483648 0.0000000
0 94 -2147483648 -2147483648 0.0000000
0 95 -2147483648 -2147483648 0.0000000
0 96 -2147483648 -2147483648 0.0000000
0 97 -2147483648 -2147483648 0.0000000
0 98 -2147483648 -2147483648 0.0000000
0 99 -2147483648 -2147483648 0.0000000
0 100 -2147483648 -2147483648 0.0000000
0 101 -2147483648 -2147483648 0.0000000
0 102 -2147483648 -2147483648 0.0000000
0 103 -2147483648 -2147483648 0.0000000
0 104 -2147483648 -2147483648 0.0000000
0 105 -2147483648 -2147483648 0.0000000
0 106 -2147483648 -2147483648 0.0000000
0 107 -2147483648 -2147483648 0.0000000
0 108 -2147483648 -2147483648 0.0000000
0 109 -2147483648 -2147483648 0.0000000
0 110 -2147483648 -2147483648 0.0000000
0 111 -2147483648 -2147483648 0.0000000
0 112 -2147483648 -2147483648 0.0000000
0 113 -2147483648 -2147483648 0.0000000
0 114 -2147483648 -2147483648 0.0000000
0 115 -2147483648 -2147483648 0.0000000
0 116 -2147483648 -2147483648 0.0000000
0 117 -2147483648 -2147483648 0.0000000
0 118 -2147483648 -2147483648 0.0000000
0 119 -2147483648 -2147483648 0.0000000
0 120 -2147483648 -2147483648 0.0000000
0 121 -2147483648 -2147483648 0.0000000
0 122 -2147483648 -2147483648 0.0000000
0 123 -2147483648 -2147483648 0.0000000
0 124 -2147483648 -2147483648 0.0000000
0 125 -2147483648 -2147483648 0.0000000
0 126 -2147483648 -2147483648 0.0000000
0 127 -2147483648 -2147483648 0.0000000
0 128 -2147483648 -2147483648 0.0000000
0 129 -2147483648 -2147483648 0.0000000
0 130 -2147483648 -2147483648 0.0000000
0 131 -2147483648 -2147483648 0.0000000
0 132 -2147483648 -2147483648 0.0000000
0 133 -2147483648 -2147483648 0.0000000
0 134 -2147483648 -2147483648 0.0000000
0 135 -2147483648 -2147483648 0.0000000
0 136 -2147483648 -2147483648 0.0000000
0 137 -2147483648 -2147483648 0.0000000
0 138 -2147483648 -2147483648 0.0000000
0 139 -2147483648 -2147483648 0.0000000
0 140 -2147483648 -2147483648 0.0000000
0 141 -2147483648 -2147483648 0.0000000
0 142 -2147483648 -2147483648 0.0000000
0 143 -2147483648 -2147483648 0.0000000
0 144 -2147483648 -2147483648 0.0000000
0 145 -2147483648 -2147483648 0.0000000
0 146 -2147483648 -2147483648 0.0000000
0 147 -2147483648 -2147483648 0.0000000
