10 0 26406.385 4395.1973 0.2001114
10 1 26407.443 4394.7705 0.20010729
10 2 26408.547 4394.364 0.20010401
10 3 26409.672 4393.9663 0.20010167
10 4 26410.846 4393.5337 0.20009997
10 5 26412.035 4393.0825 0.20009832
10 6 26413.275 4392.593 0.20009609
10 7 26414.592 4392.07 0.2000927
10 8 26415.965 4391.508 0.20008789
10 9 26417.42 4390.8867 0.20008184
10 10 26418.967 4390.196 0.20007527
10 11 26420.611 4389.4365 0.20006916
10 12 26422.338 4388.6187 0.2000643
10 13 26424.133 4387.7524 0.200061
10 14 26425.994 4386.838 0.200059
10 15 26427.932 4385.858 0.20005803
10 16 26429.965 4384.7856 0.20005794
10 17 26432.12 4383.593 0.20005876
10 18 26434.406 4382.2603 0.20006047
10 19 26436.828 4380.7812 0.20006299
10 20 26439.375 4379.167 0.20006627
10 21 26442.037 4377.445 0.20007038
10 22 26444.81 4375.6543 0.20007542
10 23 26447.695 4373.841 0.20008121
10 24 26450.705 4372.076 0.2000872
10 25 26453.854 4370.355 0.20009261
10 26 26457.156 4368.6816 0.20009679
10 27 26460.623 4367.0312 0.20009938
10 28 26464.26 4365.418 0.20010042
10 29 26468.072 4363.829 0.20010027
10 30 26472.062 4362.205 0.20009933
10 31 26476.227 4360.552 0.20009796
10 32 26480.56 4358.8677 0.20009631
10 33 26485.05 4357.133 0.20009433
10 34 26489.68 4355.3555 0.20009187
10 35 26494.41 4353.5225 0.20008874
10 36 26499.18 4351.6323 0.20008487
10 37 26503.969 4349.694 0.20008029
10 38 26508.664 4347.7173 0.2000753
10 39 26513.23 4345.7017 0.20007035
10 40 26517.678 4343.633 0.20006596
10 41 26522.043 4341.4863 0.20006235
10 42 26526.406 4339.24 0.20005937
10 43 26530.84 4336.8755 0.2000566
10 44 26535.385 4334.3813 0.20005387
10 45 26540.066 4331.758 0.20005168
10 46 26544.885 4329.0225 0.2000512
10 47 26549.807 4326.2114 0.20005386
10 48 26554.791 4323.3745 0.2000605
10 49 26559.799 4320.564 0.20007095
10 50 26564.725 4317.823 0.2000839
10 51 26569.56 4315.17 0.20009764
10 52 26574.285 4312.6 0.20011072
10 53 26578.9 4310.0977 0.20012233
10 54 26583.424 4307.645 0.20013204
10 55 26587.88 4305.2134 0.20013958
10 56 26592.29 4302.7896 0.20014472
10 57 26596.67 4300.317 0.20014745
10 58 26601.076 4297.761 0.20014812
10 59 26605.531 4295.099 0.20014751
10 60 26610.043 4292.3315 0.20014654
10 61 26614.584 4289.488 0.20014615
10 62 26619.03 4286.6167 0.20014715
10 63 26623.371 4283.7646 0.20015009
10 64 26627.564 4280.99 0.20015518
10 65 26631.602 4278.3096 0.20016237
10 66 26635.502 4275.7124 0.20017123
10 67 26639.314 4273.17 0.20018089
10 68 26643.098 4270.646 0.20018986
10 69 26646.898 4268.065 0.20019631
10 70 26650.79 4265.3833 0.2001988
10 71 26654.762 4262.534 0.20019715
10 72 26658.848 4259.467 0.20019281
10 73 26663.06 4256.165 0.20018844
10 74 26667.398 4252.658 0.20018676
10 75 26671.846 4249.014 0.20018941
10 76 26676.377 4245.3037 0.20019667
10 77 26680.941 4241.5923 0.2002076
10 78 26685.56 4237.9346 0.2002207
10 79 26690.17 4234.3516 0.2002343
10 80 26694.746 4230.841 0.20024675
10 81 26699.352 4227.362 0.20025674
10 82 26704.018 4223.8936 0.20026349
10 83 26708.773 4220.355 0.2002671
10 84 26713.645 4216.7056 0.20026866
10 85 26718.627 4212.934 0.20026977
10 86 26723.69 4209.0713 0.20027217
10 87 26728.783 4205.175 0.20027693
10 88 26733.871 4201.3267 0.20028438
10 89 26738.895 4197.535 0.20029438
10 90 26743.86 4193.7734 0.20030668
10 91 26748.8 4190.051 0.2003212
10 92 26753.738 4186.2944 0.20033781
10 93 26758.748 4182.5034 0.2003562
10 94 26763.85 4178.698 0.2003757
10 95 26769.041 4174.9263 0.20039552
10 96 26774.3 4171.2036 0.2004151
10 97 26779.61 4167.5527 0.20043416
10 98 26784.945 4163.9897 0.20045248
10 99 26790.297 4160.5283 0.20046946
10 100 26795.666 4157.173 0.20048402
10 101 26801.096 4153.914 0.20049514
10 102 26806.623 4150.7314 0.2005026
10 103 26812.273 4147.5977 0.20050746
10 104 26818.05 4144.4805 0.20051163
10 105 26823.941 4141.384 0.20051713
10 106 26829.904 4138.2686 0.20052518
10 107 26835.895 4135.1846 0.2005358
10 108 26841.883 4132.133 0.20054805
10 109 26847.809 4129.0786 0.20056054
10 110 26853.65 4125.99 0.20057222
10 111 26859.367 4122.8853 0.20058279
10 112 26864.906 4119.7466 0.20059259
10 113 26870.22 4116.6353 0.20060225
10 114 26875.29 4113.5815 0.20061228
10 115 26880.135 4110.596 0.20062307
10 116 26884.807 4107.6675 0.20063479
10 117 26889.373 4104.776 0.20064744
10 118 26893.883 4101.898 0.20066063
10 119 26898.37 4098.9824 0.20067358
10 120 26902.906 4096.026 0.20068537
10 121 26907.5 4093.0134 0.2006955
10 122 26912.174 4089.9275 0.20070425
10 123 26916.938 4086.761 0.20071264
10 124 26921.793 4083.5234 0.2007218
10 125 26926.729 4080.2546 0.20073241
10 126 26931.719 4076.9502 0.20074432
10 127 26936.754 4073.6938 0.20075685
10 128 26941.836 4070.4746 0.20076926
10 129 26946.941 4067.3044 0.20078105
10 130 26952.092 4064.1912 0.20079184
10 131 26957.22 4061.1375 0.20080112
10 132 26962.293 4058.1365 0.20080827
10 133 26967.332 4055.1592 0.20081292
10 134 26972.338 4052.2202 0.2008152
10 135 26977.393 4049.2622 0.20081578
10 136 26982.426 4046.2666 0.2008156
10 137 26987.383 4043.267 0.20081553
10 138 26992.219 4040.3042 0.20081618
10 139 26996.916 4037.3884 0.20081794
10 140 27001.504 4034.497 0.20082104
10 141 27006.03 4031.6072 0.20082556
10 142 27010.533 4028.654 0.20083149
10 143 27015.125 4025.6013 0.20083871
10 144 27019.79 4022.4248 0.20084697
10 145 27024.523 4019.1113 0.20085584
10 146 27029.293 4015.6536 0.20086476
10 147 27034.121 4012.0479 0.20087329
10 148 27038.996 4008.2964 0.20088127
10 149 27043.844 4004.4163 0.20088916
10 150 27048.719 4000.4475 0.2008978
10 151 27053.578 3996.4473 0.20090806
10 152 27058.389 3992.4822 0.20092034
10 153 27063.143 3988.6216 0.20093422
10 154 27067.867 3984.9048 0.2009487
10 155 27072.533 3981.3384 0.2009626
10 156 27077.164 3977.8997 0.20097487
10 157 27081.852 3974.544 0.20098479
10 158 27086.625 3971.2168 0.200992
10 159 27091.51 3967.833 0.20099644
10 160 27096.508 3964.3945 0.2009983
10 161 27101.586 3960.8967 0.20099811
10 162 27106.668 3957.3567 0.20099667
10 163 27111.678 3953.8022 0.20099492
10 164 27116.59 3950.2102 0.20099364
10 165 27121.418 3946.5444 0.20099324
10 166 27126.217 3942.7373 0.20099376
10 167 27131.059 3938.7273 0.20099507
10 168 27136.012 3934.4795 0.20099701
10 169 27141.115 3929.9915 0.20099932
10 170 27146.377 3925.2852 0.20100169
10 171 27151.781 3920.3948 0.20100407
10 172 27157.303 3915.3574 0.20100692
10 173 27162.91 3910.2205 0.20101124
10 174 27168.584 3905.0325 0.20101833
10 175 27174.32 3899.8564 0.20102918
10 176 27180.125 3894.7712 0.20104413
10 177 27186.01 3889.8428 0.20106286
10 178 27191.99 3885.119 0.20108467
10 179 27198.076 3880.625 0.2011089
10 180 27204.264 3876.3682 0.20113501
10 181 27210.527 3872.3418 0.2011627
10 182 27216.822 3868.5327 0.20119184
10 183 27223.133 3864.9229 0.2012224
10 184 27229.365 3861.494 0.2012542
10 185 27235.475 3858.232 0.20128666
10 186 27241.416 3855.132 0.2013186
10 187 27247.152 3852.1968 0.20134857
10 188 27252.662 3849.4248 0.20137519
10 189 27257.959 3846.7957 0.20139772
10 190 27263.094 3844.2637 0.20141634
10 191 27268.143 3841.7654 0.20143215
10 192 27273.195 3839.2073 0.20144682
10 193 27278.33 3836.5522 0.20146208
10 194 27283.605 3833.7651 0.20147923
10 195 27289.059 3830.834 0.20149903
10 196 27294.693 3827.7642 0.20152172
10 197 27300.484 3824.5728 0.2015473
10 198 27306.387 3821.2874 0.20157556
10 199 27312.357 3817.9426 0.20160618
10 200 27318.35 3814.5776 0.20163865
10 201 27324.324 3811.2002 0.20167218
10 202 27330.24 3807.8755 0.2017057
10 203 27336.135 3804.6287 0.20173794
10 204 27342.082 3801.4731 0.20176768
10 205 27348.096 3798.411 0.20179383
10 206 27354.2 3795.4324 0.2018157
10 207 27360.396 3792.5203 0.20183308
10 208 27366.676 3789.6504 0.20184635
10 209 27372.99 3786.7952 0.20185618
10 210 27379.324 3783.9727 0.20186321
10 211 27385.553 3781.195 0.20186774
10 212 27391.61 3778.4792 0.20186973
10 213 27397.438 3775.8535 0.20186901
10 214 27403.035 3773.3228 0.20186567
10 215 27408.447 3770.8625 0.2018603
10 216 27413.752 3768.443 0.20185387
10 217 27419.021 3766.0386 0.20184745
10 218 27424.352 3763.573 0.20184155
10 219 27429.703 3761.049 0.20183596
10 220 27435.107 3758.4502 0.20182988
10 221 27440.568 3755.7686 0.20182247
10 222 27446.0 3753.0044 0.20181338
10 223 27451.37 3750.1677 0.2018029
10 224 27456.643 3747.2747 0.20179154
10 225 27461.797 3744.343 0.20177957
10 226 27466.814 3741.3965 0.20176674
10 227 27471.693 3738.4148 0.2017525
10 228 27476.445 3735.3916 0.20173664
10 229 27481.086 3732.3157 0.20171972
10 230 27485.64 3729.1814 0.20170271
10 231 27490.13 3725.9949 0.20168641
10 232 27494.594 3722.7854 0.201671
10 233 27499.006 3719.5396 0.20165627
10 234 27503.42 3716.3472 0.2016421
10 235 27507.89 3713.1997 0.20162863
10 236 27512.346 3710.1375 0.20161605
10 237 27516.73 3707.2078 0.2016045
10 238 27521.006 3704.455 0.20159416
10 239 27525.158 3701.9055 0.20158553
10 240 27529.209 3699.5615 0.2015792
10 241 27533.2 3697.4038 0.20157528
10 242 27537.168 3695.4019 0.20157303
10 243 27541.21 3693.5193 0.20157088
10 244 27545.307 3691.7126 0.20156735
10 245 27549.463 3689.932 0.20156191
10 246 27553.672 3688.1636 0.20155543
10 247 27557.928 3686.3225 0.20154966
10 248 27562.236 3684.3647 0.20154646
10 249 27566.57 3682.259 0.20154707
10 250 27570.879 3679.9905 0.20155218
10 251 27575.13 3677.5625 0.20156217
10 252 27579.291 3674.9937 0.2015772
10 253 27583.332 3672.3118 0.2015972
10 254 27587.238 3669.5483 0.20162146
10 255 27591.01 3666.7349 0.20164847
10 256 27594.656 3663.9045 0.20167628
10 257 27598.201 3661.106 0.20170325
10 258 27601.67 3658.3518 0.20172869
10 259 27605.07 3655.6577 0.2017529
10 260 27608.406 3653.0469 0.20177676
10 261 27611.674 3650.545 0.20180097
10 262 27614.855 3648.174 0.20182589
10 263 27617.943 3645.9465 0.20185164
10 264 27620.941 3643.856 0.20187853
10 265 27623.867 3641.8772 0.20190737
10 266 27626.762 3639.9705 0.20193933
10 267 27629.605 3638.105 0.20197558
10 268 27632.484 3636.2566 0.20201685
10 269 27635.418 3634.3706 0.20206316
10 270 27638.371 3632.4314 0.20211416
10 271 27641.291 3630.4775 0.20216921
10 272 27644.154 3628.4873 0.20222743
10 273 27646.934 3626.46 0.20228784
10 274 27649.613 3624.4688 0.20234951
10 275 27652.195 3622.5251 0.20241195
10 276 27654.69 3620.6528 0.2024752
10 277 27657.123 3618.8699 0.20253974
10 278 27659.508 3617.1895 0.2026061
10 279 27661.87 3615.6218 0.20267443
10 280 27664.238 3614.1724 0.20274425
10 281 27666.605 3612.842 0.20281425
10 282 27668.916 3611.6267 0.20288265
10 283 27671.172 3610.5176 0.20294762
10 284 27673.375 3609.5042 0.20300774
10 285 27675.523 3608.5786 0.20306224
10 286 27677.605 3607.7383 0.20311072
10 287 27679.596 3606.984 0.2031532
10 288 27681.465 3606.3164 0.20319003
10 289 27683.2 3605.7322 0.20322232
10 290 27684.797 3605.2217 0.20325167
10 291 27686.28 3604.7725 0.20327969
10 292 27687.676 3604.372 0.20330717
10 293 27689.016 3604.0098 0.20333391
10 294 27690.312 3603.6821 0.20335916
10 295 27691.588 3603.372 0.20338243
10 296 27692.834 3603.0977 0.20340408
10 297 27694.062 3602.8582 0.20342515
10 298 27695.219 3602.6006 0.20344692
10 299 27696.318 3602.333 0.20347042
10 300 27697.344 3602.0972 0.2034962
10 301 27698.285 3601.8965 0.20352447
10 302 27699.139 3601.733 0.20355508
10 303 27699.914 3601.6052 0.20358755
10 304 27700.62 3601.4954 0.20362115
10 305 27701.268 3601.4202 0.20365517
10 306 27701.865 3601.38 0.20368911
10 307 27702.414 3601.3716 0.20372272
10 308 27702.914 3601.3975 0.2037556
10 309 27703.367 3601.4004 0.20378712
10 310 27703.77 3601.3838 0.20381626
10 311 27704.121 3601.3376 0.20384192
10 312 27704.424 3601.2773 0.2038632
10 313 27704.676 3601.2292 0.2038799
10 314 27704.873 3601.2188 0.2038926
10 315 27705.018 3601.2217 0.20390265
10 316 27705.11 3601.256 0.20391153
10 317 27705.148 3601.2803 0.20392044
10 318 27705.164 3601.286 0.20392999
10 319 27705.129 3601.2683 0.20394017
10 320 27705.043 3601.267 0.2039506
10 321 27704.957 3601.2659 0.20397162
10 322 27704.924 3601.2336 0.20399575
10 323 27704.88 3601.1838 0.20402403
10 324 27704.781 3601.0964 0.2040565
10 325 27704.688 3600.9724 0.20409231
10 326 27704.645 3600.8174 0.20412973
10 327 27704.629 3600.677 0.2041663
10 328 27704.664 3600.5508 0.20419921
10 329 27704.725 3600.424 0.2042261
10 330 27704.74 3600.3296 0.20424595
10 331 27704.734 3600.251 0.2042593
10 332 27704.68 3600.2014 0.20426789
10 333 27704.576 3600.148 0.2042737
10 334 27704.469 3600.0583 0.20427832
10 335 27704.396 3599.9521 0.20428272
10 336 27704.291 3599.81 0.20428734
10 337 27704.229 3599.6821 0.20429245
10 338 27704.215 3599.5903 0.20429821
10 339 27704.223 3599.5276 0.20430462
10 340 27704.28 3599.4712 0.20431133
10 341 27704.32 3599.4346 0.20431739
10 342 27704.32 3599.4111 0.20432143
10 343 27704.31 3599.4197 0.20432217
10 344 27704.275 3599.4668 0.20431907
10 345 27704.197 3599.55 0.20431258
10 346 27704.088 3599.6477 0.20430402
10 347 27704.023 3599.7827 0.20429501
10 348 27703.982 3599.8877 0.20428684
10 349 27703.973 3599.976 0.2042803
10 350 27703.906 3600.0305 0.20427565
10 351 27703.805 3600.0647 0.20427291
10 352 27703.691 3600.0662 0.2042725
10 353 27703.625 3600.052 0.20427628
10 354 27703.6 3600.0322 0.20428985
10 355 27703.596 3600.0522 0.20432664
10 356 27703.604 3600.132 0.20441428
10 357 27703.6 3600.2676 0.20460162
10 358 27703.555 3600.4255 0.20496269
10 359 27703.465 3600.5894 0.20559189
10 360 27703.328 3600.689 0.20658801
10 361 27703.229 3600.7097 0.20803522
10 362 27703.209 3600.6692 0.2100001
10 363 27703.305 3600.6062 0.21256065
10 364 27703.521 3600.621 0.21585833
10 365 27703.828 3600.7632 0.2201404
10 366 27704.168 3601.0938 0.22575884
10 367 27704.389 3601.6375 0.23311397
10 368 27704.453 3602.3667 0.24255931
10 369 27704.35 3603.1973 0.25430387
10 370 27704.143 3604.0044 0.26835406
10 371 27703.941 3604.66 0.28452295
10 372 27703.842 3605.0737 0.30250356
10 373 27703.889 3605.2168 0.32197118
10 374 27704.076 3605.1128 0.34266827
10 375 27704.354 3604.817 0.3644429
10 376 27704.633 3604.4001 0.38724077
10 377 27704.816 3603.9424 0.41106713
10 378 27704.824 3603.5276 0.43593493
10 379 27704.564 3603.268 0.46181068
10 380 27703.957 3603.2546 0.48857573
10 381 27702.943 3603.5425 0.5160244
10 382 27701.494 3604.1296 0.5438978
10 383 27699.61 3604.9521 0.57191074
10 384 27697.338 3605.9138 0.5997329
10 385 27694.79 3606.92 0.6269636
10 386 27692.113 3607.9563 0.6531855
10 387 27689.453 3609.0037 0.6780941
10 388 27686.9 3610.1067 0.701591
10 389 27684.5 3611.2888 0.7237485
10 390 27682.281 3612.5498 0.7446686
10 391 27680.287 3613.8718 0.7643407
10 392 27678.553 3615.2185 0.7825927
10 393 27677.074 3616.6047 0.7991477
10 394 27675.795 3617.9678 0.81372654
10 395 27674.627 3619.3652 0.826134
10 396 27673.488 3620.8015 0.8363061
10 397 27672.254 3622.2832 0.844321
10 398 27670.91 3623.7866 0.85038203
10 399 27669.436 3625.2864 0.8547796
10 400 27667.838 3626.728 0.85784346
10 401 27666.15 3628.0757 0.85989726
10 402 27664.43 3629.3022 0.86122566
10 403 27662.682 3630.3926 0.86205786
10 404 27661.012 3631.3452 0.8625648
10 405 27659.465 3632.1697 0.8628662
10 406 27658.078 3632.8813 0.86304164
10 407 27656.875 3633.4968 0.86314195
10 408 27655.861 3634.0295 0.8631985
10 409 27655.037 3634.4897 0.8632303
10 410 27654.39 3634.883 0.86324805
10 411 27653.898 3635.2124 0.8632574
10 412 27653.54 3635.4788 0.8632608
10 413 27653.287 3635.683 0.8632591
10 414 27653.117 3635.8281 0.8632525
10 415 27653.012 3635.921 0.8632418
10 416 27652.932 3635.975 0.86322796
10 417 27652.904 3635.9976 0.8632126
10 418 27652.908 3635.9866 0.8631971
10 419 27652.889 3635.9595 0.86318237
10 420 27652.826 3635.9224 0.86316854
10 421 27652.77 3635.919 0.86315507
10 422 27652.736 3635.9482 0.86314124
10 423 27652.723 3635.9587 0.86312664
10 424 27652.76 3635.9553 0.8631114
10 425 27652.848 3635.9343 0.8630958
10 426 27652.91 3635.9287 0.86308056
10 427 27652.943 3635.9062 0.8630664
10 428 27652.98 3635.882 0.86305404
10 429 27653.043 3635.8252 0.8630444
10 430 27653.137 3635.7595 0.8630377
10 431 27653.174 3635.7107 0.8630339
10 432 27653.182 3635.6865 0.8630324
10 433 27653.13 3635.6626 0.86303246
10 434 27653.105 3635.6218 0.8630334
10 435 27653.105 3635.5508 0.86303496
10 436 27653.125 3635.4463 0.863037
10 437 27653.11 3635.3352 0.8630394
10 438 27653.076 3635.2627 0.8630419
10 439 27653.068 3635.2263 0.8630443
10 440 27653.107 3635.2083 0.8630466
10 441 27653.188 3635.2297 0.86304873
10 442 27653.234 3635.272 0.8630508
10 443 27653.264 3635.2966 0.8630529
10 444 27653.273 3635.2993 0.8630549
10 445 27653.225 3635.3352 0.8630564
10 446 27653.13 3635.4045 0.86305726
10 447 27653.014 3635.4883 0.86305743
10 448 27652.914 3635.5425 0.86305726
10 449 27652.84 3635.5833 0.86305714
10 450 27652.818 3635.5881 0.8630573
10 451 27652.855 3635.554 0.86305785
10 452 27652.84 3635.519 0.8630587
10 453 27652.793 3635.514 0.86305976
10 454 27652.717 3635.525 0.8630611
10 455 27652.637 3635.5393 0.8630627
10 456 27652.582 3635.5205 0.86306447
10 457 27652.514 3635.4995 0.8630665
10 458 27652.422 3635.4792 0.86306894
10 459 27652.318 3635.4407 0.86307204
10 460 27652.193 3635.3682 0.8630759
10 461 27652.021 3635.3171 0.86308056
10 462 27651.842 3635.2795 0.86308575
10 463 27651.688 3635.2766 0.8630912
10 464 27651.584 3635.309 0.8630968
10 465 27651.533 3635.306 0.8631024
10 466 27651.514 3635.2761 0.8631081
10 467 27651.443 3635.2512 0.863114
10 468 27651.316 3635.2473 0.86312014
10 469 27651.16 3635.266 0.8631266
10 470 27650.945 3635.2478 0.86313325
10 471 27650.676 3635.2556 0.86314005
10 472 27650.414 3635.2634 0.86314756
10 473 27650.2 3635.2363 0.8631547
10 474 27650.01 3635.1885 0.86316097
10 475 27649.87 3635.1313 0.8631661
10 476 27649.777 3635.1106 0.86316985
10 477 27649.742 3635.1172 0.8631725
10 478 27649.76 3635.141 0.86317444
10 479 27649.803 3635.1729 0.8631762
10 480 27649.787 3635.2183 0.8631783
10 481 27649.74 3635.227 0.86318064
10 482 27649.666 3635.2654 0.863183
10 483 27649.648 3635.2883 0.8631852
10 484 27649.684 3635.2751 0.8631872
10 485 27649.738 3635.2407 0.8631889
10 486 27649.775 3635.1814 0.86319065
10 487 27649.791 3635.1614 0.8631925
10 488 27649.75 3635.162 0.8631944
10 489 27649.674 3635.182 0.8631962
10 490 27649.617 3635.1826 0.8631977
10 491 27649.586 3635.1738 0.86319864
10 492 27649.611 3635.1887 0.863199
10 493 27649.666 3635.1829 0.8631987
10 494 27649.705 3635.1565 0.8631978
10 495 27649.719 3635.121 0.86319655
10 496 27649.682 3635.1091 0.86319536
10 497 27649.691 3635.063 0.8631947
10 498 27649.732 3634.9966 0.8631949
10 499 27649.807 3634.9226 0.8631959
10 500 27649.852 3634.862 0.8631975
10 501 27649.861 3634.8367 0.86319935
10 502 27649.875 3634.8486 0.8632011
10 503 27649.93 3634.8535 0.86320263
10 504 27649.93 3634.8865 0.8632038
10 505 27649.887 3634.9363 0.8632047
10 506 27649.82 3635.004 0.8632053
10 507 27649.742 3635.0881 0.8632055
10 508 27649.684 3635.1548 0.86320543
10 509 27649.646 3635.1902 0.86320525
10 510 27649.656 3635.2085 0.863205
10 511 27649.717 3635.1953 0.8632049
10 512 27649.76 3635.1682 0.86320496
10 513 27649.756 3635.1272 0.8632053
10 514 27649.75 3635.0872 0.8632061
10 515 27649.697 3635.0781 0.8632074
10 516 27649.621 3635.0933 0.8632091
10 517 27649.521 3635.0862 0.863211
10 518 27649.47 3635.0647 0.8632124
10 519 27649.443 3635.0093 0.86321294
10 520 27649.47 3634.9734 0.8632123
10 521 27649.555 3634.9639 0.8632104
10 522 27649.688 3634.9744 0.8632078
10 523 27649.799 3634.9548 0.8632054
10 524 27649.852 3634.9744 0.86320376
10 525 27649.848 3634.9683 0.86320347
10 526 27649.822 3634.9507 0.8632045
10 527 27649.748 3634.9656 0.8632065
10 528 27649.625 3634.985 0.86320907
10 529 27649.475 3635.0278 0.8632115
10 530 27649.35 3635.0542 0.8632133
10 531 27649.25 3635.0488 0.8632141
10 532 27649.205 3635.0051 0.8632136
10 533 27649.164 3634.9883 0.86321205
10 534 27649.139 3634.9849 0.86320996
10 535 27649.146 3634.9739 0.86320806
10 536 27649.105 3634.9292 0.8632069
10 537 27649.014 3634.868 0.86320674
10 538 27648.896 3634.8037 0.86320746
10 539 27648.732 3634.7542 0.8632087
10 540 27648.594 3634.7441 0.8632104
10 541 27648.49 3634.744 0.8632124
10 542 27648.412 3634.7068 0.8632149
10 543 27648.287 3634.638 0.8632181
10 544 27648.143 3634.5515 0.863222
10 545 27647.986 3634.4436 0.8632262
10 546 27647.805 3634.3745 0.8632303
10 547 27647.574 3634.3442 0.86323416
10 548 27647.375 3634.329 0.8632377
10 549 27647.213 3634.3228 0.8632409
10 550 27647.066 3634.282 0.863244
10 551 27646.863 3634.2625 0.86324686
10 552 27646.658 3634.27 0.86324936
10 553 27646.479 3634.2842 0.8632514
10 554 27646.344 3634.2688 0.86325306
10 555 27646.252 3634.2644 0.8632544
10 556 27646.148 3634.2822 0.86325556
10 557 27646.086 3634.3013 0.8632566
10 558 27646.049 3634.2925 0.86325735
10 559 27646.062 3634.3108 0.86325794
10 560 27646.107 3634.3445 0.8632584
10 561 27646.178 3634.3503 0.86325896
10 562 27646.197 3634.3245 0.8632597
10 563 27646.188 3634.2983 0.8632605
10 564 27646.125 3634.294 0.8632613
10 565 27646.055 3634.2605 0.8632619
10 566 27646.006 3634.2295 0.86326206
10 567 27646.006 3634.2139 0.86326176
10 568 27646.064 3634.199 0.863261
10 569 27646.07 3634.204 0.8632597
10 570 27646.05 3634.1758 0.863258
10 571 27646.043 3634.1138 0.86325604
10 572 27646.092 3634.038 0.863254
