1 2 31844.2343750 2054.7734375 0.2142848 
1 3 31846.8007812 2056.5341797 0.2134387 
1 4 31848.0253906 2057.4682617 0.2133697 
1 5 31847.3867188 2058.1630859 0.2131643 
1 6 31848.7500000 2058.8732910 0.2129550 
1 7 31847.4980469 2060.1784668 0.2127194 
1 8 31846.9511719 2061.9904785 0.2124130 
1 9 31846.9511719 2061.9904785 0.2124130 
1 10 31845.7265625 2065.8383789 0.2119954 
1 11 31846.3105469 2069.9252930 0.2116327 
1 12 31846.8125000 2077.7219238 0.2108609 
1 13 31848.8164062 2085.9086914 0.2102409 
1 14 31846.3652344 2093.9204102 0.2097580 
1 15 31848.0351562 2100.7451172 0.2085364 
1 16 31851.0273438 2109.8774414 0.2067219 
1 17 31850.4589844 2116.0800781 0.2059093 
1 18 31852.2441406 2123.6630859 0.2040543 
1 19 31852.2832031 2129.8535156 0.2028445 
1 20 31852.2031250 2134.8613281 0.2018775 
1 21 31854.8125000 2142.0217285 0.1999551 
1 22 31854.8730469 2148.0690918 0.1990124 
1 23 31855.5449219 2153.1352539 0.1981500 
1 24 31855.9667969 2158.6118164 0.1973212 
1 25 31855.9765625 2162.5656738 0.1966604 
1 26 31857.5390625 2168.9418945 0.1950089 
1 27 31859.5214844 2174.6228027 0.1938837 
1 28 31859.3847656 2178.3127441 0.1933195 
1 29 31859.0332031 2182.5480957 0.1929900 
1 30 31860.4707031 2186.9814453 0.1922388 
1 31 31862.2636719 2191.6313477 0.1918624 
1 32 31864.9003906 2198.8833008 0.1911248 
1 33 31865.5644531 2203.7429199 0.1909005 
1 34 31865.5644531 2203.7429199 0.1909005 
1 35 31866.4550781 2208.4006348 0.1908109 
1 36 31867.6289062 2214.1333008 0.1906973 
1 37 31867.9472656 2218.4562988 0.1909242 
1 38 31869.3593750 2223.7829590 0.1911143 
1 39 31869.3164062 2229.0185547 0.1914121 
1 40 31869.1250000 2234.4399414 0.1920146 
1 41 31869.6250000 2240.4470215 0.1927075 
1 42 31868.8847656 2246.3903809 0.1936328 
1 43 31868.9355469 2251.8908691 0.1942476 
1 44 31867.5468750 2257.0659180 0.1951948 
1 45 31865.9921875 2262.2785645 0.1963056 
1 46 31864.8710938 2268.5000000 0.1971971 
1 47 31863.7343750 2275.6123047 0.1979681 
1 48 31863.3769531 2283.4689941 0.1984340 
1 49 31862.7812500 2291.8564453 0.1987397 
1 50 31861.8828125 2300.7524414 0.1988869 
1 51 31860.9570312 2308.8288574 0.1989381 
1 52 31859.0800781 2316.6247559 0.1991233 
1 53 31857.8476562 2325.4748535 0.1992441 
1 54 31857.2636719 2335.6967773 0.1992885 
1 55 31857.2089844 2346.2646484 0.1992889 
1 56 31856.6132812 2356.9619141 0.1992583 
1 57 31856.1562500 2367.7236328 0.1991460 
1 58 31856.3359375 2378.1840820 0.1989757 
1 59 31856.3476562 2378.1518555 0.1989697 
1 60 31856.3984375 2388.6838379 0.1989631 
1 61 31855.8183594 2398.5056152 0.1988830 
1 62 31855.2636719 2408.2739258 0.1988551 
1 63 31854.5117188 2418.3813477 0.1988697 
1 64 31854.6972656 2428.5422363 0.1988888 
1 65 31854.2558594 2438.7768555 0.1988784 
1 66 31853.9746094 2448.9699707 0.1988648 
1 67 31853.5507812 2459.3486328 0.1988860 
1 68 31853.6230469 2469.2680664 0.1989351 
1 69 31853.5742188 2479.3039551 0.1988646 
1 70 31852.9902344 2489.1586914 0.1989021 
1 71 31852.7890625 2499.0734863 0.1988520 
1 72 31852.0820312 2508.3815918 0.1989356 
1 73 31852.1640625 2517.7441406 0.1989665 
1 74 31852.2480469 2527.9538574 0.1989231 
1 75 31852.0488281 2538.1020508 0.1989158 
1 76 31851.8476562 2547.6484375 0.1988525 
1 77 31851.6093750 2556.9487305 0.1988587 
1 78 31851.3183594 2565.8964844 0.1988398 
1 79 31850.0585938 2575.2700195 0.1989182 
1 80 31849.3242188 2584.5764160 0.1989286 
1 81 31848.5703125 2593.4936523 0.1989493 
1 82 31848.5917969 2602.3498535 0.1989796 
1 83 31847.6562500 2611.6865234 0.1989548 
1 84 31847.6562500 2611.6865234 0.1989548 
1 85 31846.9609375 2620.7687988 0.1989887 
1 86 31846.2421875 2629.4106445 0.1990111 
1 87 31845.6523438 2638.0031738 0.1990623 
1 88 31844.7832031 2646.0029297 0.1990355 
1 89 31843.1445312 2653.8427734 0.1990375 
1 90 31841.7851562 2660.8808594 0.1991036 
1 91 31840.0625000 2668.7377930 0.1991388 
1 92 31838.9082031 2677.8452148 0.1991353 
1 93 31837.2929688 2686.9282227 0.1991666 
1 94 31835.3242188 2695.8095703 0.1991504 
1 95 31833.4843750 2704.2014160 0.1991360 
1 96 31832.0859375 2711.8305664 0.1991688 
1 97 31830.6718750 2719.0734863 0.1991923 
1 98 31829.6640625 2726.4335938 0.1992034 
1 99 31828.5937500 2733.0959473 0.1992161 
1 100 31827.9726562 2739.4360352 0.1992300 
1 101 31826.5253906 2745.5686035 0.1992118 
1 102 31824.3339844 2751.3759766 0.1992229 
1 103 31822.9296875 2757.1118164 0.1992295 
1 104 31821.5859375 2762.9763184 0.1992441 
1 105 31820.3906250 2768.3254395 0.1992023 
1 106 31819.0273438 2773.3842773 0.1992014 
1 107 31818.1054688 2778.2451172 0.1992024 
1 108 31817.3476562 2782.7148438 0.1992204 
1 109 31817.3437500 2782.7062988 0.1992213 
1 110 31816.5976562 2786.9899902 0.1992206 
1 111 31815.5429688 2791.4272461 0.1992384 
1 112 31814.8710938 2795.7739258 0.1992571 
1 113 31814.5312500 2799.9951172 0.1992342 
1 114 31814.0449219 2803.2939453 0.1992364 
1 115 31813.3203125 2806.8256836 0.1992792 
1 116 31813.0078125 2810.3420410 0.1992661 
1 117 31812.2929688 2813.3688965 0.1992622 
1 118 31811.5839844 2816.2421875 0.1992695 
1 119 31811.1054688 2819.4541016 0.1992735 
1 120 31810.1914062 2822.4206543 0.1992514 
1 121 31809.8535156 2825.3261719 0.1992544 
1 122 31809.7265625 2828.4719238 0.1992542 
1 123 31809.3984375 2831.1501465 0.1992733 
1 124 31808.9726562 2834.6584473 0.1992689 
1 125 31808.7597656 2837.7358398 0.1992860 
1 126 31808.7031250 2841.1577148 0.1992638 
1 127 31808.3320312 2843.4223633 0.1992808 
1 128 31808.2187500 2846.3962402 0.1992818 
1 129 31808.1484375 2849.0969238 0.1993032 
1 130 31807.6972656 2851.9975586 0.1993075 
1 131 31807.1308594 2854.5803223 0.1993104 
1 132 31806.3203125 2856.9323730 0.1993105 
1 133 31806.0742188 2859.0571289 0.1993357 
1 134 31806.0742188 2859.0539551 0.1993371 
1 135 31806.1738281 2861.5002441 0.1993277 
1 136 31805.7851562 2863.4643555 0.1993325 
1 137 31804.7578125 2865.4394531 0.1993341 
1 138 31803.7109375 2866.2138672 0.1993305 
1 139 31802.0742188 2867.1584473 0.1993400 
1 140 31798.8300781 2867.6049805 0.1993483 
1 141 31793.5175781 2867.9602051 0.1993534 
1 142 31787.7910156 2868.2080078 0.1993615 
1 143 31782.3652344 2868.2412109 0.1993491 
1 144 31775.4082031 2868.0861816 0.1993836 
1 145 31770.1660156 2868.4589844 0.1993444 
1 146 31766.0136719 2867.9785156 0.1993335 
1 147 31762.6054688 2867.9428711 0.1993404 
1 148 31760.7148438 2867.5437012 0.1993210 
1 149 31758.3828125 2866.9584961 0.1993449 
1 150 31756.8730469 2866.7539062 0.1993420 
1 151 31755.5839844 2865.5776367 0.1993077 
1 152 31754.0781250 2864.1625977 0.1993153 
1 153 31753.2402344 2861.6059570 0.1992760 
1 154 31752.2968750 2856.9724121 0.1992647 
1 155 31751.5273438 2852.0080566 0.1992504 
1 156 31750.9746094 2845.9804688 0.1992309 
1 157 31752.0273438 2840.3151855 0.1992239 
1 158 31753.4667969 2833.6069336 0.1992139 
1 159 31753.4687500 2833.5991211 0.1992144 
1 160 31754.0507812 2825.4492188 0.1991928 
1 161 31754.8613281 2816.9787598 0.1992181 
1 162 31755.1093750 2808.8959961 0.1992062 
1 163 31755.6738281 2798.9770508 0.1991947 
1 164 31756.6523438 2789.5290527 0.1992089 
1 165 31757.5996094 2779.1264648 0.1991916 
1 166 31758.0898438 2768.9306641 0.1992092 
1 167 31758.4960938 2758.5332031 0.1991960 
1 168 31758.9843750 2748.8186035 0.1992600 
1 169 31759.1835938 2740.1638184 0.1992476 
1 170 31759.1953125 2730.8222656 0.1992777 
1 171 31759.7500000 2722.5805664 0.1992907 
1 172 31760.9218750 2714.2702637 0.1993026 
1 173 31762.0917969 2706.4995117 0.1993245 
1 174 31762.6660156 2699.0417480 0.1993426 
1 175 31763.9863281 2692.6391602 0.1993845 
1 176 31765.3300781 2686.5319824 0.1993928 
1 177 31766.0937500 2680.6113281 0.1993904 
1 178 31766.5839844 2675.0688477 0.1993916 
1 179 31767.0039062 2668.8315430 0.1993635 
1 180 31767.4003906 2662.4677734 0.1993878 
1 181 31767.4882812 2656.2983398 0.1993756 
1 182 31767.8984375 2650.7758789 0.1994261 
1 183 31768.9140625 2645.4619141 0.1993904 
1 184 31768.9140625 2645.4619141 0.1993904 
1 185 31769.6406250 2638.2399902 0.1993703 
1 186 31770.3945312 2630.5725098 0.1993448 
1 187 31770.2734375 2622.7104492 0.1993292 
1 188 31770.7460938 2615.2468262 0.1993333 
1 189 31770.7460938 2606.8173828 0.1992865 
1 190 31770.4980469 2597.1064453 0.1992797 
1 191 31770.9765625 2586.9062500 0.1992704 
1 192 31771.2539062 2576.0056152 0.1992806 
1 193 31772.0898438 2564.7358398 0.1993240 
1 194 31772.5410156 2554.3168945 0.1993570 
1 195 31773.2734375 2543.4638672 0.1993639 
1 196 31774.0976562 2534.1606445 0.1994447 
1 197 31775.7597656 2525.4589844 0.1994371 
1 198 31777.1210938 2516.2822266 0.1994414 
1 199 31778.4589844 2509.0361328 0.1995029 
1 200 31779.4238281 2502.8120117 0.1995006 
1 201 31780.2421875 2497.6416016 0.1995480 
1 202 31780.7792969 2492.5766602 0.1995296 
1 203 31781.6718750 2486.8771973 0.1995215 
1 204 31782.3261719 2481.0087891 0.1994751 
1 205 31782.5976562 2474.7897949 0.1994773 
1 206 31782.8320312 2468.7846680 0.1994980 
1 207 31783.1992188 2462.7143555 0.1995043 
1 208 31783.5312500 2456.0942383 0.1995246 
1 209 31783.5312500 2456.0942383 0.1995246 
1 210 31783.2382812 2448.7968750 0.1995408 
1 211 31783.0429688 2441.7749023 0.1996303 
1 212 31783.2617188 2434.4953613 0.1996320 
1 213 31782.8925781 2427.5668945 0.1997507 
1 214 31782.9375000 2421.9853516 0.1997454 
1 215 31782.6914062 2415.8344727 0.1997412 
1 216 31782.9453125 2410.0766602 0.1997576 
1 217 31783.4804688 2405.2653809 0.1995871 
1 218 31783.4609375 2399.6481934 0.1995967 
1 219 31783.4218750 2395.1408691 0.1995916 
1 220 31783.9101562 2391.0634766 0.1995670 
1 221 31784.3242188 2386.4389648 0.1993996 
1 222 31783.9082031 2381.4243164 0.1993318 
1 223 31783.6875000 2377.2758789 0.1991842 
1 224 31782.9726562 2372.8041992 0.1991799 
1 225 31783.0820312 2370.9394531 0.1990843 
1 226 31783.0312500 2368.3295898 0.1991023 
1 227 31783.4589844 2365.4008789 0.1990374 
1 228 31783.3945312 2362.8791504 0.1989198 
1 229 31783.6093750 2358.9438477 0.1988008 
1 230 31784.0117188 2355.0190430 0.1987977 
1 231 31784.2656250 2351.2211914 0.1985773 
1 232 31785.1796875 2347.2626953 0.1984676 
1 233 31786.7617188 2343.3498535 0.1984044 
1 234 31786.7617188 2343.3498535 0.1984044 
1 235 31788.4394531 2339.1750488 0.1982675 
1 236 31788.7402344 2334.9780273 0.1983442 
1 237 31790.0664062 2332.2854004 0.1983725 
1 238 31791.1640625 2329.7067871 0.1984436 
1 239 31792.7578125 2326.7849121 0.1983630 
1 240 31793.8964844 2323.4516602 0.1983527 
1 241 31794.4941406 2320.4926758 0.1986768 
1 242 31795.7109375 2318.8002930 0.1986738 
1 243 31797.2871094 2317.6079102 0.1987291 
1 244 31798.0761719 2316.5915527 0.1986244 
1 245 31798.6718750 2314.9157715 0.1984665 
1 246 31798.9726562 2313.0834961 0.1985608 
1 247 31800.2441406 2312.5078125 0.1985252 
1 248 31800.9531250 2312.9160156 0.1985109 
1 249 31800.9863281 2312.7216797 0.1984290 
1 250 31800.0625000 2312.5979004 0.1983163 
1 251 31799.3925781 2311.4130859 0.1981904 
1 252 31799.0351562 2310.6733398 0.1981657 
1 253 31799.4960938 2310.1413574 0.1980496 
1 254 31800.5371094 2309.6752930 0.1978600 
1 255 31801.1035156 2308.5263672 0.1977965 
1 256 31802.6406250 2307.6506348 0.1976050 
1 257 31803.3437500 2306.9064941 0.1974704 
1 258 31806.2929688 2306.2680664 0.1971798 
1 259 31806.2929688 2306.2680664 0.1971798 
1 260 31808.2421875 2304.0488281 0.1970521 
1 261 31809.4433594 2302.2651367 0.1968915 
1 262 31811.1425781 2299.8955078 0.1966815 
1 263 31813.5722656 2297.6469727 0.1965776 
1 264 31815.1523438 2294.6140137 0.1965277 
1 265 31816.6191406 2290.9980469 0.1965660 
1 266 31818.4082031 2287.1428223 0.1964692 
1 267 31820.4648438 2283.7910156 0.1964524 
1 268 31822.5312500 2281.2185059 0.1966286 
1 269 31824.5859375 2278.6635742 0.1968108 
1 270 31827.1503906 2276.9858398 0.1971115 
1 271 31830.4199219 2275.3771973 0.1973355 
1 272 31832.6757812 2273.0561523 0.1978480 
1 273 31832.9960938 2270.1918945 0.1983120 
1 274 31832.9257812 2266.1347656 0.1991873 
1 275 31832.9101562 2261.5744629 0.1998575 
1 276 31832.9062500 2257.3085938 0.2004956 
1 277 31831.9746094 2252.7583008 0.2012664 
1 278 31831.0527344 2248.9628906 0.2019468 
1 279 31830.2226562 2245.6264648 0.2027153 
1 280 31829.9257812 2242.9956055 0.2034723 
1 281 31829.9687500 2239.4960938 0.2041292 
1 282 31830.3164062 2235.3710938 0.2046772 
1 283 31831.3769531 2232.0578613 0.2051515 
1 284 31831.3769531 2232.0578613 0.2051515 
1 285 31832.6484375 2230.1872559 0.2055021 
1 286 31833.8085938 2228.2287598 0.2059138 
1 287 31834.9199219 2228.0671387 0.2062423 
1 288 31835.2421875 2227.9023438 0.2064524 
1 289 31835.9980469 2227.5358887 0.2066405 
1 290 31837.0546875 2227.1110840 0.2067450 
1 291 31836.5000000 2226.3491211 0.2070768 
1 292 31836.2714844 2225.8884277 0.2072165 
1 293 31835.3925781 2224.9975586 0.2072954 
1 294 31835.0175781 2224.4829102 0.2072883 
1 295 31835.2031250 2223.3347168 0.2073660 
1 296 31836.1523438 2222.3764648 0.2073705 
1 297 31836.7890625 2220.8784180 0.2073655 
1 298 31838.8320312 2219.1899414 0.2075828 
1 299 31840.6035156 2217.3081055 0.2076513 
1 300 31842.2890625 2215.8596191 0.2077789 
1 301 31843.6933594 2214.1325684 0.2078046 
1 302 31846.6386719 2212.8437500 0.2080084 
1 303 31849.5488281 2212.0288086 0.2080192 
1 304 31850.7070312 2212.0944824 0.2080968 
1 305 31852.2636719 2211.3808594 0.2080401 
1 306 31853.1250000 2210.9165039 0.2079876 
1 307 31854.5468750 2210.6420898 0.2078806 
1 308 31856.8750000 2209.9899902 0.2077948 
1 309 31856.9531250 2209.9743652 0.2077911 
1 310 31859.5117188 2209.1833496 0.2077372 
1 311 31862.1445312 2208.8051758 0.2076331 
1 312 31864.5097656 2208.4169922 0.2075033 
1 313 31868.8203125 2208.1848145 0.2070727 
1 314 31873.5507812 2207.8225098 0.2066005 
1 315 31878.4355469 2208.1147461 0.2059636 
1 316 31883.8945312 2208.0644531 0.2052051 
1 317 31889.6074219 2208.6728516 0.2043940 
1 318 31894.4902344 2209.1677246 0.2037023 
1 319 31898.9687500 2209.5410156 0.2029920 
1 320 31902.7167969 2209.5219727 0.2023327 
1 321 31905.0957031 2209.9433594 0.2018742 
1 322 31906.7578125 2210.7009277 0.2014356 
1 323 31908.1054688 2210.9240723 0.2010627 
1 324 31909.1484375 2210.1809082 0.2008926 
1 325 31908.6113281 2209.7011719 0.2007949 
1 326 31907.4902344 2208.9667969 0.2007181 
1 327 31906.6992188 2208.6479492 0.2005607 
1 328 31906.4726562 2207.9582520 0.2003785 
1 329 31905.9648438 2207.4687500 0.2003216 
1 330 31904.6699219 2206.2917480 0.2006809 
1 331 31902.4843750 2204.8703613 0.2012684 
1 332 31900.7265625 2203.6081543 0.2017821 
1 333 31898.9531250 2202.7084961 0.2022523 
1 334 31898.9531250 2202.7084961 0.2022523 
1 335 31898.0312500 2202.2565918 0.2026010 
1 336 31897.2109375 2201.6931152 0.2029604 
1 337 31895.3789062 2201.0541992 0.2032629 
1 338 31893.7792969 2200.4697266 0.2036056 
1 339 31892.4218750 2199.8059082 0.2039673 
1 340 31890.8300781 2199.0344238 0.2044035 
1 341 31889.2695312 2198.3901367 0.2046849 
1 342 31887.5273438 2198.2629395 0.2050031 
1 343 31886.4687500 2198.3425293 0.2052735 
1 344 31885.3164062 2198.2692871 0.2055182 
1 345 31884.3925781 2198.1137695 0.2056398 
1 346 31883.6230469 2198.1069336 0.2057717 
1 347 31882.7656250 2197.6289062 0.2059129 
1 348 31882.7753906 2197.7915039 0.2058997 
1 349 31882.2617188 2197.7604980 0.2059231 
1 350 31882.3359375 2198.1035156 0.2058997 
1 351 31881.5195312 2197.9543457 0.2060079 
1 352 31880.5292969 2197.8977051 0.2060435 
1 353 31880.3007812 2197.7795410 0.2059805 
1 354 31880.5898438 2197.8872070 0.2058155 
1 355 31880.4960938 2197.5224609 0.2057675 
1 356 31879.2402344 2197.0698242 0.2059665 
1 357 31878.6914062 2196.2180176 0.2061419 
1 358 31878.2968750 2195.5043945 0.2064524 
1 359 31878.2968750 2195.5043945 0.2064524 
1 360 31876.3359375 2193.6406250 0.2070069 
1 361 31874.2304688 2192.3613281 0.2076684 
1 362 31871.9726562 2190.5051270 0.2083850 
1 363 31870.9687500 2189.4689941 0.2087142 
1 364 31870.4921875 2188.6850586 0.2087883 
1 365 31870.0488281 2188.0996094 0.2088746 
1 366 31870.4804688 2187.6223145 0.2088427 
1 367 31870.6171875 2187.2812500 0.2089606 
1 368 31870.5664062 2187.1176758 0.2090188 
1 369 31872.0195312 2187.8745117 0.2087810 
1 370 31874.8808594 2189.1418457 0.2080843 
1 371 31877.4589844 2190.8041992 0.2073872 
1 372 31879.2363281 2192.0441895 0.2068326 
1 373 31880.0195312 2192.6093750 0.2065268 
1 374 31880.8437500 2192.7128906 0.2062954 
1 375 31880.9394531 2193.3444824 0.2060774 
1 376 31881.3691406 2193.4875488 0.2058772 
1 377 31882.1328125 2194.1259766 0.2055947 
1 378 31882.8281250 2194.7756348 0.2052486 
1 379 31882.7695312 2194.8649902 0.2050270 
1 380 31883.1640625 2195.2541504 0.2047706 
1 381 31882.8320312 2195.2768555 0.2045754 
1 382 31883.1933594 2195.7792969 0.2043495 
1 383 31883.2226562 2195.9599609 0.2041266 
1 384 31883.2226562 2195.9599609 0.2041266 
1 385 31883.2031250 2196.1525879 0.2039445 
1 386 31882.7656250 2195.6572266 0.2037869 
1 387 31882.5468750 2195.1623535 0.2036654 
1 388 31883.0058594 2195.0270996 0.2035131 
1 389 31883.0566406 2194.7243652 0.2034226 
1 390 31882.9882812 2194.1940918 0.2033335 
1 391 31882.9707031 2193.7954102 0.2033192 
1 392 31883.4667969 2193.1291504 0.2033491 
1 393 31882.6152344 2192.5952148 0.2034912 
1 394 31882.5195312 2192.5700684 0.2035580 
1 395 31883.1074219 2192.4331055 0.2037395 
1 396 31883.1210938 2192.4736328 0.2039451 
1 397 31882.8632812 2192.7145996 0.2041082 
1 398 31882.0078125 2192.1198730 0.2043800 
1 399 31881.2265625 2191.9924316 0.2045772 
1 400 31881.3906250 2191.5510254 0.2047925 
1 401 31882.6406250 2191.4760742 0.2049725 
1 402 31882.0937500 2191.2731934 0.2052193 
1 403 31881.1621094 2191.4841309 0.2054101 
1 404 31881.8164062 2191.6645508 0.2055101 
1 405 31881.0546875 2191.5571289 0.2057723 
1 406 31878.2324219 2191.5336914 0.2058822 
1 407 31876.8574219 2191.2429199 0.2060118 
1 408 31876.1367188 2190.7121582 0.2061029 
1 409 31876.1367188 2190.7121582 0.2061029 
1 410 31875.8984375 2190.4956055 0.2062730 
1 411 31876.0390625 2190.6123047 0.2063196 
1 412 31876.7285156 2190.8979492 0.2064582 
1 413 31877.1406250 2191.2062988 0.2065048 
1 414 31877.2187500 2191.6457520 0.2065186 
1 415 31877.0273438 2191.3886719 0.2065970 
1 416 31878.4531250 2192.4196777 0.2065748 
1 417 31879.6464844 2192.4067383 0.2065794 
1 418 31880.2343750 2193.3725586 0.2065503 
1 419 31903.3242188 2178.3784180 0.2155114 
1 420 31902.6640625 2177.5776367 0.2161539 
1 421 31903.1933594 2176.3491211 0.2161899 
1 422 31906.5019531 2174.7873535 0.2152968 
1 423 31908.2714844 2172.0192871 0.2155341 
1 424 31908.5000000 2169.2414551 0.2162139 
1 425 31909.2421875 2166.2263184 0.2172675 
1 426 31906.4746094 2163.2131348 0.2186597 
1 427 31904.2480469 2162.9208984 0.2203597 
1 428 31904.4238281 2162.7763672 0.2205049 
1 429 31904.6640625 2164.3444824 0.2205690 
1 430 31903.8398438 2165.6291504 0.2209624 
1 431 31899.4023438 2166.3911133 0.2244205 
1 432 31899.5312500 2169.7158203 0.2246231 
1 433 31899.2675781 2172.4572754 0.2243824 
1 434 31899.2675781 2172.4572754 0.2243824 
1 435 31897.4960938 2172.6872559 0.2247680 
1 436 31896.0351562 2172.7468262 0.2253394 
1 437 31895.9003906 2172.2187500 0.2253473 
1 438 31894.1425781 2172.0468750 0.2259791 
1 439 31893.5117188 2172.5820312 0.2263740 
1 440 31893.0683594 2173.1811523 0.2270250 
1 441 31892.8164062 2173.4699707 0.2274432 
1 442 31892.6953125 2173.6669922 0.2275540 
1 443 31892.6562500 2173.7504883 0.2274983 
1 444 31891.4140625 2173.1821289 0.2273961 
1 445 31891.3593750 2172.8984375 0.2269100 
1 446 31891.3281250 2172.7946777 0.2263313 
1 447 31891.8515625 2173.1237793 0.2256444 
1 448 31891.5117188 2173.4809570 0.2250258 
1 449 31891.7656250 2174.1157227 0.2242598 
1 450 31891.5449219 2174.1962891 0.2236211 
1 451 31891.6093750 2174.0671387 0.2230971 
1 452 31891.8710938 2173.6494141 0.2227026 
1 453 31892.6328125 2172.5415039 0.2224422 
1 454 31894.4238281 2170.6716309 0.2221522 
1 455 31894.8027344 2168.8630371 0.2217939 
1 456 31895.3085938 2166.6052246 0.2217825 
1 457 31891.5429688 2162.1608887 0.2232379 
1 458 31890.8515625 2159.3068848 0.2235495 
1 459 31890.8515625 2159.3068848 0.2235495 
1 460 31895.9921875 2155.7924805 0.2212555 
1 461 31896.1445312 2161.0698242 0.2222321 
1 462 31895.4140625 2160.9184570 0.2225254 
1 463 31895.0468750 2161.9780273 0.2224685 
1 464 31895.5429688 2161.8056641 0.2223662 
1 465 31895.7343750 2162.6328125 0.2231424 
1 466 31896.3378906 2163.7666016 0.2232320 
1 467 31896.1718750 2163.2626953 0.2236741 
1 468 31897.0937500 2163.2626953 0.2236805 
1 469 31896.0664062 2164.8920898 0.2232837 
1 470 31896.7011719 2166.1298828 0.2228184 
1 471 31895.7187500 2164.4084473 0.2231290 
1 472 31894.7246094 2165.7744141 0.2227677 
1 473 31897.7070312 2165.7104492 0.2217958 
1 474 31898.4023438 2167.0605469 0.2209547 
1 475 31897.7812500 2166.7949219 0.2204909 
1 476 31898.1074219 2166.1545410 0.2203273 
1 477 31898.4003906 2166.2441406 0.2200307 
1 478 31897.4433594 2165.8183594 0.2198531 
1 479 31895.9472656 2164.6396484 0.2197883 
1 480 31896.1289062 2164.4226074 0.2193012 
1 481 31896.1406250 2163.4050293 0.2190982 
1 482 31895.4785156 2162.6191406 0.2190774 
1 483 31894.0820312 2160.7048340 0.2192448 
1 484 31894.0820312 2160.7048340 0.2192448 
1 485 31894.3125000 2160.9025879 0.2187338 
1 486 31893.6113281 2159.3330078 0.2188658 
1 487 31892.9804688 2158.2441406 0.2188535 
1 488 31892.6132812 2157.5498047 0.2188717 
1 489 31892.6738281 2157.4487305 0.2183157 
1 490 31891.8828125 2156.5434570 0.2182328 
1 491 31890.3632812 2155.3837891 0.2182531 
1 492 31889.0937500 2154.8696289 0.2181651 
1 493 31888.7460938 2154.0805664 0.2183689 
1 494 31889.3144531 2152.4633789 0.2181924 
1 495 31889.1250000 2151.6054688 0.2181649 
1 496 31888.2460938 2151.0646973 0.2180999 
1 497 31887.3007812 2150.8337402 0.2180942 
1 498 31887.0625000 2151.3344727 0.2180544 
1 499 31888.1132812 2152.8420410 0.2176599 
1 500 31889.5410156 2153.4248047 0.2175392 
1 501 31891.4335938 2155.6574707 0.2172146 
1 502 31893.7207031 2158.3002930 0.2175516 
1 503 31895.7207031 2159.9848633 0.2178103 
1 504 31896.6972656 2162.1665039 0.2180233 
1 505 31899.0078125 2165.1323242 0.2180131 
1 506 31901.5351562 2167.7697754 0.2178909 
1 507 31903.1875000 2170.7414551 0.2182647 
1 508 31901.4843750 2172.2133789 0.2193535 
1 509 31901.4843750 2172.2133789 0.2193535 
1 510 31906.8281250 2176.0520020 0.2185432 
1 511 31909.8320312 2178.3386230 0.2182673 
1 512 31916.0625000 2183.3813477 0.2165687 
1 513 31918.6015625 2185.6989746 0.2166132 
1 514 31922.0917969 2189.3374023 0.2162887 
1 515 31925.2968750 2192.3559570 0.2160462 
1 516 31926.3320312 2192.8171387 0.2165504 
1 517 31929.6269531 2194.8967285 0.2162375 
1 518 31931.8984375 2196.5827637 0.2165598 
1 519 31927.7460938 2194.3613281 0.2190619 
1 520 31934.5625000 2200.7790527 0.2165116 
1 521 31936.0585938 2203.5930176 0.2163063 
1 522 31942.3339844 2209.8732910 0.2148133 
1 523 31944.3339844 2212.2143555 0.2151988 
1 524 31944.6210938 2213.2890625 0.2159804 
1 525 31943.8281250 2214.1164551 0.2167949 
1 526 31944.5273438 2214.8408203 0.2172282 
1 527 31945.9179688 2215.1621094 0.2172375 
1 528 31947.7773438 2214.3330078 0.2171856 
1 529 31951.2656250 2215.5454102 0.2156745 
1 530 31948.2148438 2213.8974609 0.2168074 
1 531 31946.9726562 2211.9692383 0.2176150 
1 532 31946.4492188 2212.7854004 0.2183665 
1 533 31946.6230469 2213.7355957 0.2192554 
1 534 31946.6230469 2213.7355957 0.2192554 
1 535 31946.6972656 2214.5407715 0.2200069 
1 536 31946.8789062 2215.9477539 0.2202885 
1 537 31946.3066406 2217.0500488 0.2202992 
1 538 31945.6738281 2217.6442871 0.2203410 
1 539 31944.9023438 2217.8081055 0.2204262 
1 540 31944.4218750 2217.5834961 0.2203845 
1 541 31944.5800781 2217.4431152 0.2202041 
1 542 31944.5292969 2217.0815430 0.2200237 
1 543 31943.0058594 2216.6203613 0.2201405 
1 544 31942.9902344 2216.6591797 0.2196961 
1 545 31943.2070312 2216.3964844 0.2193132 
1 546 31943.7128906 2216.2172852 0.2187780 
1 547 31944.3359375 2216.2236328 0.2181037 
1 548 31945.6562500 2216.1850586 0.2169888 
1 549 31946.7480469 2216.7304688 0.2161866 
1 550 31947.2578125 2217.1757812 0.2151928 
1 551 31947.9023438 2217.0671387 0.2150314 
1 552 31947.3847656 2216.1508789 0.2159198 
1 553 31946.0175781 2213.9853516 0.2169676 
1 554 31942.1210938 2210.2700195 0.2188210 
1 555 31943.0839844 2210.7534180 0.2175983 
1 556 31944.3828125 2212.0270996 0.2158906 
1 557 31947.1093750 2214.1210938 0.2140949 
1 558 31948.8671875 2216.4431152 0.2119482 
1 559 31948.8671875 2216.4431152 0.2119482 
1 560 31952.8593750 2220.8901367 0.2092466 
1 561 31954.2187500 2223.5012207 0.2089991 
1 562 31954.9707031 2226.7495117 0.2075219 
1 563 31954.2929688 2229.7343750 0.2064289 
1 564 31953.5722656 2233.3491211 0.2055187 
1 565 31950.5449219 2218.4665527 0.2134944 
1 566 31948.4980469 2218.7253418 0.2138537 
1 567 31946.1210938 2218.2790527 0.2143039 
1 568 31947.8906250 2223.2429199 0.2127064 
1 569 31950.4980469 2228.1203613 0.2113904 
1 570 31950.7578125 2233.0026855 0.2106389 
1 571 31951.9726562 2232.2985840 0.2112993 
1 572 31955.2617188 2224.7873535 0.2125089 
1 573 31954.5488281 2225.8703613 0.2121204 
1 574 31954.8652344 2227.0483398 0.2115846 
1 575 31952.8710938 2222.0166016 0.2128962 
1 576 31952.5410156 2221.4604492 0.2129214 
1 577 31953.3242188 2221.0478516 0.2127035 
1 578 31953.5195312 2220.2014160 0.2126662 
1 579 31952.6796875 2218.8366699 0.2127940 
1 580 31952.5546875 2217.9047852 0.2127454 
1 581 31952.3046875 2217.7539062 0.2125185 
1 582 31951.9023438 2217.3305664 0.2122978 
1 583 31949.3945312 2215.4484863 0.2126766 
1 584 31949.3945312 2215.4484863 0.2126766 
1 585 31950.5449219 2216.0004883 0.2120282 
1 586 31951.2578125 2216.1318359 0.2118727 
1 587 31952.0000000 2216.6088867 0.2115239 
1 588 31949.6015625 2215.7966309 0.2117027 
1 589 31948.4062500 2215.9182129 0.2114897 
1 590 31947.8359375 2216.2104492 0.2107137 
1 591 31947.8222656 2216.1013184 0.2101662 
1 592 31947.0625000 2216.7624512 0.2084100 
1 593 31945.7070312 2214.9926758 0.2079732 
1 594 31944.4414062 2211.9516602 0.2071777 
1 595 31941.8632812 2206.8444824 0.2062364 
1 596 31938.0957031 2200.3237305 0.2060997 
1 597 31936.2597656 2192.6955566 0.2051112 
1 598 31936.2011719 2187.2604980 0.2035501 
1 599 31937.8554688 2182.1376953 0.2010986 
1 600 31937.5800781 2174.2661133 0.2003532 
1 601 31936.9296875 2167.8779297 0.1996734 
1 602 31936.5976562 2160.6057129 0.1989887 
1 603 31938.3828125 2154.4887695 0.1974567 
1 604 31937.7656250 2146.4897461 0.1966634 
1 605 31937.1406250 2139.6086426 0.1954825 
1 606 31936.0273438 2132.5146484 0.1946217 
1 607 31934.8222656 2126.1296387 0.1938531 
1 608 31934.9023438 2121.0881348 0.1928457 
1 609 31934.9023438 2121.0881348 0.1928457 
1 610 31934.2402344 2115.9311523 0.1922727 
1 611 31933.8593750 2114.4907227 0.1915093 
1 612 31933.1523438 2113.4323730 0.1910881 
1 613 31933.0761719 2113.2661133 0.1907038 
1 614 31932.9785156 2112.9350586 0.1904301 
1 615 31933.3750000 2112.1071777 0.1902638 
1 616 31934.0664062 2111.7761230 0.1900453 
1 617 31934.4921875 2111.4433594 0.1900000 
1 618 31934.4160156 2111.0595703 0.1900370 
1 619 31934.3867188 2111.0561523 0.1901606 
1 620 31934.4550781 2111.2790527 0.1902842 
1 621 31934.3046875 2112.5019531 0.1905089 
1 622 31934.5527344 2113.6889648 0.1906645 
1 623 31934.5703125 2114.3520508 0.1908790 
1 624 31934.2070312 2116.1557617 0.1913289 
1 625 31934.4570312 2119.0969238 0.1916663 
1 626 31932.5273438 2124.5678711 0.1925458 
1 627 31929.9980469 2129.0817871 0.1934452 
1 628 31927.5078125 2132.0546875 0.1948917 
1 629 31924.2109375 2134.5166016 0.1967331 
1 630 31919.2070312 2136.5051270 0.1992197 
1 631 31911.3378906 2136.9870605 0.2027795 
1 632 31903.3867188 2138.4707031 0.2058490 
1 633 31895.6660156 2141.7177734 0.2089296 
1 634 31895.6660156 2141.7177734 0.2089296 
1 635 31887.0937500 2144.4819336 0.2123837 
1 636 31875.4531250 2144.3515625 0.2162352 
1 637 31860.4335938 2141.7363281 0.2213822 
1 638 31844.0625000 2137.1567383 0.2274479 
1 639 31825.4960938 2132.6303711 0.2347974 
1 640 31806.2460938 2128.1750488 0.2410463 
1 641 31781.7949219 2122.9860840 0.2488639 
1 642 31752.0507812 2115.5332031 0.2576861 
1 643 31719.3984375 2107.5102539 0.2675548 
1 644 31678.7128906 2097.4040527 0.2788965 
1 645 31635.8300781 2084.5429688 0.2916489 
1 646 31590.0488281 2067.4921875 0.3050555 
1 647 31541.4023438 2049.0712891 0.3199165 
1 648 31491.3320312 2029.8374023 0.3346888 
1 649 31446.9648438 2012.4912109 0.3485192 
1 650 31401.4472656 1993.1992188 0.3629874 
1 651 31354.6757812 1973.0510254 0.3774793 
1 652 31312.7851562 1957.5871582 0.3909535 
1 653 31277.0214844 1942.7795410 0.4024081 
1 654 31253.7226562 1933.5061035 0.4095959 
1 655 31220.6250000 1918.1928711 0.4204251 
1 656 31204.5722656 1912.6708984 0.4255160 
1 657 31188.2050781 1908.2663574 0.4300047 
1 658 31192.4023438 1913.6499023 0.4298547 
1 659 31192.4023438 1913.6499023 0.4298547 
1 660 31185.6738281 1912.9490967 0.4336593 
1 661 31154.2851562 1898.9099121 0.4435173 
1 662 31152.8339844 1903.7598877 0.4440620 
1 663 31150.1835938 1908.3032227 0.4458297 
1 664 31121.4609375 1896.9592285 0.4545869 
1 665 31120.6855469 1901.2144775 0.4549244 
1 666 31120.2382812 1906.5747070 0.4549146 
1 667 31118.9609375 1910.1706543 0.4550181 
1 668 31119.2734375 1912.3828125 0.4551801 
1 669 31118.6132812 1915.2691650 0.4552975 
1 670 31118.1074219 1918.6196289 0.4552985 
1 671 31116.8261719 1921.4111328 0.4553555 
1 672 31117.4121094 1923.3070068 0.4553905 
1 673 31118.0742188 1925.1220703 0.4553337 
1 674 31117.2656250 1927.0798340 0.4553293 
1 675 31116.4921875 1928.1318359 0.4555962 
1 676 31115.4707031 1930.1560059 0.4557404 
1 677 31115.4765625 1930.2673340 0.4563464 
1 678 31087.8359375 1915.8184814 0.4659069 
1 679 31083.1035156 1912.2667236 0.4670123 
1 680 31075.6835938 1908.4636230 0.4705131 
1 681 31049.3359375 1892.3167725 0.4788175 
1 682 31037.4902344 1885.4626465 0.4829019 
1 683 31010.1562500 1871.7739258 0.4922839 
1 684 31010.1562500 1871.7739258 0.4922839 
1 685 30983.6679688 1855.6463623 0.5009667 
1 686 30963.2714844 1843.9733887 0.5077232 
1 687 30941.4277344 1831.4489746 0.5152698 
1 688 30922.1074219 1819.7229004 0.5216617 
1 689 30901.3437500 1806.6546631 0.5294588 
1 690 30888.1835938 1799.7943115 0.5336321 
1 691 30878.6308594 1795.2067871 0.5372092 
1 692 30854.9218750 1782.1209717 0.5447102 
1 693 30839.6328125 1773.9858398 0.5497655 
1 694 30822.0117188 1765.6309814 0.5559173 
1 695 30809.2949219 1757.6921387 0.5600000 
1 696 30808.6757812 1757.3325195 0.5603896 
1 697 30809.0390625 1757.2727051 0.5605273 
1 698 30808.7519531 1757.9681396 0.5607108 
1 699 30809.3789062 1758.5985107 0.5608404 
1 700 30809.6445312 1759.2083740 0.5609955 
1 701 30809.1562500 1760.2484131 0.5611435 
1 702 30808.9414062 1760.6982422 0.5612605 
1 703 30808.6875000 1761.5260010 0.5614640 
1 704 30809.2597656 1762.8491211 0.5615638 
1 705 30808.6816406 1763.6627197 0.5617468 
1 706 30808.4394531 1764.3775635 0.5619143 
1 707 30806.9843750 1764.5179443 0.5621159 
1 708 30805.9355469 1764.8552246 0.5622617 
1 709 30805.9355469 1764.8552246 0.5622617 
1 710 30805.4140625 1764.6152344 0.5622638 
1 711 30802.5214844 1764.0301514 0.5625395 
1 712 30802.9179688 1763.6994629 0.5626666 
1 713 30803.3593750 1763.6818848 0.5627298 
1 714 30803.0937500 1764.3372803 0.5627185 
1 715 30806.3261719 1765.0014648 0.5625073 
1 716 30806.3828125 1764.6157227 0.5627000 
1 717 30806.1523438 1764.9725342 0.5626763 
1 718 30807.2089844 1766.3209229 0.5625772 
1 719 30807.0429688 1765.5419922 0.5625681 
1 720 30806.4882812 1766.7221680 0.5626438 
1 721 30807.4238281 1765.9675293 0.5628473 
1 722 30811.2109375 1768.8023682 0.5626359 
1 723 30812.3710938 1768.8696289 0.5627400 
1 724 30814.6894531 1771.0375977 0.5626485 
1 725 30814.6015625 1772.4863281 0.5626880 
1 726 30814.9296875 1774.9718018 0.5628339 
1 727 30814.6679688 1778.1271973 0.5628115 
1 728 30816.5253906 1781.4345703 0.5625887 
1 729 30818.0878906 1784.6140137 0.5622945 
1 730 30819.0742188 1786.2319336 0.5622085 
1 731 30820.5253906 1788.7050781 0.5621019 
1 732 30820.9765625 1790.6846924 0.5622098 
1 733 30821.4296875 1793.4836426 0.5622658 
1 734 30821.4296875 1793.4836426 0.5622658 
1 735 30821.5273438 1797.6390381 0.5623826 
1 736 30821.8398438 1802.9294434 0.5623899 
1 737 30821.3554688 1806.3897705 0.5624778 
1 738 30821.4257812 1809.5998535 0.5624325 
1 739 30820.9531250 1811.0228271 0.5623926 
1 740 30820.5371094 1813.4567871 0.5624744 
1 741 30820.3828125 1814.6511230 0.5625085 
1 742 30820.9531250 1816.2072754 0.5625020 
1 743 30822.9882812 1817.6007080 0.5624262 
1 744 30824.2031250 1818.7763672 0.5624557 
1 745 30823.9960938 1819.0472412 0.5623804 
1 746 30823.7089844 1818.9354248 0.5624494 
1 747 30824.0605469 1819.5656738 0.5624279 
1 748 30824.7109375 1819.5097656 0.5624478 
1 749 30827.0527344 1820.4490967 0.5623646 
1 750 30829.1054688 1820.4587402 0.5622872 
1 751 30830.5644531 1820.1978760 0.5624319 
1 752 30832.7109375 1820.5877686 0.5622841 
1 753 30833.7265625 1820.0428467 0.5623623 
1 754 30835.8632812 1819.5324707 0.5624846 
1 755 30838.5585938 1819.3572998 0.5624418 
1 756 30840.4960938 1819.1672363 0.5624934 
1 757 30843.3964844 1819.0820312 0.5625977 
1 758 30847.2070312 1819.1286621 0.5626521 
1 759 30847.2070312 1819.1286621 0.5626521 
1 760 30851.4941406 1819.3925781 0.5626028 
1 761 30853.9277344 1819.3593750 0.5625494 
1 762 30856.5742188 1819.5388184 0.5625371 
1 763 30859.3242188 1819.9888916 0.5624976 
1 764 30861.7949219 1820.3234863 0.5624158 
1 765 30863.3300781 1820.2182617 0.5624582 
1 766 30865.2578125 1820.2410889 0.5624680 
1 767 30866.7851562 1820.4522705 0.5624766 
1 768 30869.4492188 1821.1108398 0.5624660 
1 769 30871.9687500 1821.2551270 0.5624242 
1 770 30873.7871094 1821.1094971 0.5624840 
1 771 30874.7304688 1821.1346436 0.5624923 
1 772 30874.7500000 1821.0690918 0.5626334 
1 773 30875.5175781 1820.7583008 0.5627891 
1 774 30876.0937500 1820.2758789 0.5630125 
1 775 30877.0097656 1819.9621582 0.5632017 
1 776 30879.4101562 1820.9165039 0.5632375 
1 777 30882.2031250 1821.6649170 0.5633478 
1 778 30888.6796875 1825.0283203 0.5629506 
1 779 30891.2597656 1824.5573730 0.5632634 
1 780 30895.8515625 1825.1804199 0.5632457 
1 780 30895.8515625 1825.1804199 0.5632457 
