1 2 30201.7304688 3514.9892578 0.3270662 
1 3 30201.5156250 3515.3525391 0.3257749 
1 4 30203.0449219 3516.5883789 0.3256696 
1 5 30201.0664062 3517.0844727 0.3253560 
1 6 30202.1210938 3517.5932617 0.3250366 
1 7 30199.0585938 3518.9379883 0.3246770 
1 8 30196.7226562 3520.8620605 0.3242094 
1 9 30196.7226562 3520.8620605 0.3242094 
1 10 30192.8144531 3525.5881348 0.3235719 
1 11 30191.9316406 3530.8295898 0.3230183 
1 12 30188.9160156 3540.6091309 0.3218403 
1 13 30188.9453125 3551.4016113 0.3208941 
1 14 30182.8437500 3562.3034668 0.3201570 
1 15 30179.4160156 3569.3642578 0.3182924 
1 16 30175.1074219 3578.3178711 0.3155230 
1 17 30170.2636719 3585.5527344 0.3142826 
1 18 30163.9140625 3592.0302734 0.3114513 
1 19 30158.0546875 3598.1547852 0.3096047 
1 20 30153.1992188 3603.1423340 0.3081289 
1 21 30147.7773438 3608.7895508 0.3051946 
1 22 30143.2597656 3615.4296875 0.3037558 
1 23 30140.0625000 3620.7934570 0.3024395 
1 24 30136.6523438 3626.8752441 0.3011744 
1 25 30133.4375000 3631.0949707 0.3001660 
1 26 30127.7382812 3636.2893066 0.2976451 
1 27 30125.2617188 3641.8691406 0.2959277 
1 28 30122.2968750 3645.9511719 0.2950666 
1 29 30120.1484375 3651.5107422 0.2945637 
1 30 30118.6679688 3656.2133789 0.2934171 
1 31 30119.5625000 3662.2766113 0.2928426 
1 32 30119.9804688 3671.3186035 0.2917168 
1 33 30119.8925781 3678.1196289 0.2913744 
1 34 30119.8925781 3678.1196289 0.2913744 
1 35 30120.8164062 3684.9826660 0.2912376 
1 36 30122.0527344 3693.4206543 0.2910644 
1 37 30123.6484375 3700.6420898 0.2914106 
1 38 30126.7382812 3709.2944336 0.2917008 
1 39 30128.1269531 3718.1035156 0.2921552 
1 40 30130.7851562 3728.0336914 0.2930750 
1 41 30134.9316406 3739.1062012 0.2941324 
1 42 30138.3281250 3750.7197266 0.2955448 
1 43 30141.4140625 3760.8041992 0.2964831 
1 44 30143.9257812 3771.3051758 0.2979289 
1 45 30146.9902344 3782.3134766 0.2996243 
1 46 30149.6386719 3794.2580566 0.3009850 
1 47 30151.6777344 3807.2316895 0.3021618 
1 48 30153.4101562 3820.5034180 0.3028729 
1 49 30153.9960938 3834.1452637 0.3033395 
1 50 30153.3437500 3848.1284180 0.3035643 
1 51 30152.1855469 3860.5957031 0.3036424 
1 52 30150.2226562 3873.0031738 0.3039250 
1 53 30148.9277344 3886.8427734 0.3041093 
1 54 30148.2578125 3902.5664062 0.3041771 
1 55 30148.1757812 3918.6977539 0.3041778 
1 56 30147.1191406 3934.9411621 0.3041311 
1 57 30145.8691406 3951.0585938 0.3039597 
1 58 30145.3085938 3966.5566406 0.3036998 
1 59 30145.2968750 3966.4912109 0.3036905 
1 60 30145.3437500 3982.5485840 0.3036806 
1 61 30144.0664062 3997.3193359 0.3035583 
1 62 30143.0859375 4012.1520996 0.3035156 
1 63 30142.0078125 4027.6191406 0.3035380 
1 64 30142.3828125 4043.1801758 0.3035671 
1 65 30141.6562500 4058.7729492 0.3035513 
1 66 30141.1601562 4074.2932129 0.3035305 
1 67 30140.6152344 4090.1926270 0.3035628 
1 68 30140.9687500 4105.4677734 0.3036378 
1 69 30140.5468750 4120.5917969 0.3035302 
1 70 30139.8398438 4135.7368164 0.3035874 
1 71 30139.2890625 4150.7324219 0.3035109 
1 72 30138.6171875 4165.1689453 0.3036385 
1 73 30138.8945312 4179.5439453 0.3036857 
1 74 30138.8105469 4195.0087891 0.3036195 
1 75 30138.4667969 4210.4775391 0.3036083 
1 76 30137.8535156 4224.8740234 0.3035117 
1 77 30137.5175781 4239.0864258 0.3035211 
1 78 30136.9843750 4252.6914062 0.3034924 
1 79 30135.4394531 4267.2138672 0.3036120 
1 80 30134.3710938 4281.4472656 0.3036279 
1 81 30133.3203125 4295.1142578 0.3036594 
1 82 30133.5039062 4308.7148438 0.3037057 
1 83 30131.9550781 4322.8974609 0.3036679 
1 84 30131.9550781 4322.8974609 0.3036679 
1 85 30131.0566406 4336.8530273 0.3037196 
1 86 30130.0683594 4350.1044922 0.3037538 
1 87 30129.4179688 4363.3598633 0.3038320 
1 88 30127.9570312 4375.4960938 0.3037911 
1 89 30125.4687500 4387.4682617 0.3037941 
1 90 30123.7187500 4398.3920898 0.3038950 
1 91 30121.2597656 4410.4809570 0.3039487 
1 92 30119.4824219 4424.3720703 0.3039434 
1 93 30117.1679688 4438.3212891 0.3039911 
1 94 30114.0820312 4451.8330078 0.3039663 
1 95 30111.2011719 4464.6015625 0.3039444 
1 96 30109.2265625 4476.3354492 0.3039944 
1 97 30107.1855469 4487.4555664 0.3040303 
1 98 30105.7011719 4498.7202148 0.3040473 
1 99 30104.1328125 4508.9233398 0.3040666 
1 100 30103.2519531 4518.6381836 0.3040879 
1 101 30100.9531250 4527.9482422 0.3040601 
1 102 30097.6582031 4536.8427734 0.3040770 
1 103 30095.5507812 4545.6157227 0.3040871 
1 104 30093.5722656 4554.6064453 0.3041093 
1 105 30091.5410156 4562.6562500 0.3040456 
1 106 30089.4570312 4570.3750000 0.3040442 
1 107 30088.0585938 4577.7973633 0.3040457 
1 108 30086.9902344 4584.6684570 0.3040733 
1 109 30086.9882812 4584.6577148 0.3040746 
1 110 30085.8417969 4591.1943359 0.3040735 
1 111 30084.3242188 4598.0161133 0.3041008 
1 112 30083.3886719 4604.7016602 0.3041292 
1 113 30082.7578125 4611.0815430 0.3040943 
1 114 30082.0292969 4616.1230469 0.3040977 
1 115 30081.1328125 4621.6308594 0.3041630 
1 116 30080.5898438 4626.9619141 0.3041430 
1 117 30079.4804688 4631.5708008 0.3041370 
1 118 30078.4375000 4635.9770508 0.3041482 
1 119 30077.7246094 4640.8901367 0.3041543 
1 120 30076.2207031 4645.3569336 0.3041205 
1 121 30075.7226562 4649.8002930 0.3041251 
1 122 30075.5253906 4654.6005859 0.3041248 
1 123 30075.1210938 4658.7412109 0.3041540 
1 124 30074.4492188 4664.0834961 0.3041472 
1 125 30074.2031250 4668.8281250 0.3041734 
1 126 30074.0117188 4673.9897461 0.3041395 
1 127 30073.5312500 4677.4926758 0.3041655 
1 128 30073.3593750 4682.0346680 0.3041669 
1 129 30073.3593750 4686.2158203 0.3041996 
1 130 30072.6933594 4690.6547852 0.3042062 
1 131 30071.8398438 4694.6049805 0.3042106 
1 132 30070.6035156 4698.1948242 0.3042107 
1 133 30070.3535156 4701.5068359 0.3042493 
1 134 30070.3593750 4701.5058594 0.3042513 
1 135 30070.4667969 4705.2138672 0.3042370 
1 136 30069.8984375 4708.2246094 0.3042444 
1 137 30068.3378906 4711.2431641 0.3042467 
1 138 30066.7226562 4712.4160156 0.3042412 
1 139 30064.2734375 4713.8837891 0.3042558 
1 140 30059.3593750 4714.5878906 0.3042684 
1 141 30051.2792969 4715.1440430 0.3042762 
1 142 30042.5742188 4715.5444336 0.3042887 
1 143 30034.2343750 4715.5610352 0.3042696 
1 144 30023.7812500 4715.4189453 0.3043223 
1 145 30015.5898438 4715.8798828 0.3042625 
1 146 30009.2011719 4715.1171875 0.3042459 
1 147 30004.0332031 4715.0820312 0.3042565 
1 148 30001.0507812 4714.4189453 0.3042269 
1 149 29997.6093750 4713.5917969 0.3042633 
1 150 29995.2851562 4713.2714844 0.3042589 
1 151 29993.1484375 4711.3823242 0.3042065 
1 152 29990.8867188 4709.2436523 0.3042181 
1 153 29989.4140625 4705.2333984 0.3041581 
1 154 29987.9199219 4698.1293945 0.3041408 
1 155 29986.6796875 4690.5136719 0.3041190 
1 156 29985.7343750 4681.2597656 0.3040892 
1 157 29987.3085938 4672.5932617 0.3040785 
1 158 29989.4570312 4662.3266602 0.3040633 
1 159 29989.4628906 4662.3164062 0.3040640 
1 160 29990.2441406 4649.8183594 0.3040311 
1 161 29991.6054688 4636.9589844 0.3040697 
1 162 29991.9316406 4624.5893555 0.3040516 
1 163 29992.7324219 4609.4184570 0.3040340 
1 164 29994.2968750 4595.0371094 0.3040556 
1 165 29995.6601562 4579.1118164 0.3040292 
1 166 29996.4960938 4563.5976562 0.3040561 
1 167 29997.0507812 4547.6923828 0.3040360 
1 168 29998.1074219 4533.0400391 0.3041337 
1 169 29998.3515625 4519.7958984 0.3041148 
1 170 29998.5136719 4505.6201172 0.3041607 
1 171 29999.4257812 4493.0761719 0.3041805 
1 172 30001.2773438 4480.4252930 0.3041987 
1 173 30003.1679688 4468.6250000 0.3042321 
1 174 30004.1328125 4457.2910156 0.3042597 
1 175 30006.3554688 4447.6342773 0.3043237 
1 176 30008.4414062 4438.3354492 0.3043364 
1 177 30009.5976562 4429.2924805 0.3043328 
1 178 30010.3535156 4420.8359375 0.3043345 
1 179 30010.8574219 4411.2382812 0.3042916 
1 180 30011.5800781 4401.5917969 0.3043287 
1 181 30011.6562500 4392.1416016 0.3043101 
1 182 30012.5273438 4383.8515625 0.3043872 
1 183 30013.9023438 4375.6430664 0.3043326 
1 184 30013.9023438 4375.6430664 0.3043326 
1 185 30014.9140625 4364.5649414 0.3043020 
1 186 30015.9414062 4352.7919922 0.3042631 
1 187 30015.6796875 4340.7490234 0.3042392 
1 188 30016.4218750 4329.3691406 0.3042456 
1 189 30016.1933594 4316.3740234 0.3041741 
1 190 30015.7812500 4301.5332031 0.3041637 
1 191 30016.4667969 4285.9384766 0.3041495 
1 192 30016.9375000 4269.3291016 0.3041651 
1 193 30018.4257812 4252.2470703 0.3042314 
1 194 30019.2773438 4236.4355469 0.3042818 
1 195 30020.4296875 4219.8886719 0.3042922 
1 196 30022.0820312 4205.9111328 0.3044156 
1 197 30024.5820312 4192.6088867 0.3044040 
1 198 30026.6816406 4178.6142578 0.3044106 
1 199 30029.0253906 4167.7241211 0.3045045 
1 200 30030.4882812 4158.2172852 0.3045009 
1 201 30031.9687500 4150.4555664 0.3045732 
1 202 30032.6953125 4142.6738281 0.3045451 
1 203 30034.0156250 4133.9531250 0.3045328 
1 204 30034.7929688 4124.8686523 0.3044620 
1 205 30035.2148438 4115.3818359 0.3044654 
1 206 30035.6757812 4106.2734375 0.3044969 
1 207 30036.2656250 4097.0253906 0.3045065 
1 208 30036.8710938 4086.9772949 0.3045375 
1 209 30036.8710938 4086.9772949 0.3045375 
1 210 30036.5058594 4075.8835449 0.3045623 
1 211 30036.6445312 4065.4113770 0.3046988 
1 212 30036.9921875 4054.3051758 0.3047015 
1 213 30037.0078125 4044.0563965 0.3048826 
1 214 30037.0488281 4035.5224609 0.3048745 
1 215 30036.6523438 4026.1230469 0.3048681 
1 216 30037.1171875 4017.3798828 0.3048931 
1 217 30037.1054688 4009.5678711 0.3046329 
1 218 30037.1191406 4001.0207520 0.3046476 
1 219 30037.0351562 3994.1274414 0.3046398 
1 220 30037.6582031 3987.8364258 0.3046024 
1 221 30037.4687500 3980.3176270 0.3043467 
1 222 30036.5039062 3972.4770508 0.3042434 
1 223 30035.4472656 3965.7397461 0.3040180 
1 224 30034.3339844 3958.9033203 0.3040114 
1 225 30034.0332031 3955.7939453 0.3038655 
1 226 30034.0429688 3951.8598633 0.3038929 
1 227 30034.3769531 3947.2116699 0.3037939 
1 228 30033.7031250 3943.0395508 0.3036143 
1 229 30033.4472656 3936.7062988 0.3034328 
1 230 30034.0468750 3930.7067871 0.3034280 
1 231 30033.3593750 3924.3054199 0.3030917 
1 232 30034.2207031 3917.9614258 0.3029242 
1 233 30036.3281250 3911.8164062 0.3028277 
1 234 30036.3281250 3911.8164062 0.3028277 
1 235 30038.2187500 3905.0681152 0.3026188 
1 236 30039.0546875 3898.8725586 0.3027360 
1 237 30041.2148438 3894.8410645 0.3027791 
1 238 30043.2402344 3891.1005859 0.3028875 
1 239 30045.2832031 3886.4194336 0.3027646 
1 240 30046.9648438 3881.3034668 0.3027489 
1 241 30049.4628906 3877.6770020 0.3032435 
1 242 30051.3066406 3875.0854492 0.3032389 
1 243 30053.9824219 3873.4179688 0.3033234 
1 244 30054.6757812 3871.5786133 0.3031635 
1 245 30054.8085938 3868.5874023 0.3029225 
1 246 30055.7304688 3866.0498047 0.3030665 
1 247 30057.5019531 3865.0734863 0.3030122 
1 248 30058.5117188 3865.6569824 0.3029903 
1 249 30058.1601562 3865.1352539 0.3028653 
1 250 30056.1953125 3864.6367188 0.3026934 
1 251 30054.5585938 3862.4826660 0.3025012 
1 252 30053.8964844 3861.2856445 0.3024635 
1 253 30054.0312500 3860.1550293 0.3022862 
1 254 30054.6894531 3858.9230957 0.3019969 
1 255 30055.2441406 3856.9946289 0.3018999 
1 256 30056.6523438 3855.1320801 0.3016076 
1 257 30057.0683594 3853.6267090 0.3014021 
1 258 30060.1464844 3851.8542480 0.3009587 
1 259 30060.1464844 3851.8542480 0.3009587 
1 260 30062.4980469 3848.1164551 0.3007637 
1 261 30063.5449219 3844.9523926 0.3005187 
1 262 30065.1093750 3840.7583008 0.3001980 
1 263 30068.3085938 3837.0412598 0.3000396 
1 264 30070.4726562 3832.2749023 0.2999633 
1 265 30072.9062500 3826.8605957 0.3000218 
1 266 30075.1582031 3820.7102051 0.2998740 
1 267 30078.2128906 3815.5473633 0.2998484 
1 268 30082.2343750 3812.1057129 0.3001174 
1 269 30086.2597656 3808.7060547 0.3003954 
1 270 30091.6484375 3806.9714355 0.3008544 
1 271 30097.7343750 3805.1315918 0.3011962 
1 272 30103.6796875 3802.9965820 0.3019785 
1 273 30106.4414062 3799.9001465 0.3026868 
1 274 30110.6132812 3796.1123047 0.3040228 
1 275 30113.8691406 3790.9934082 0.3050457 
1 276 30116.9824219 3786.2353516 0.3060196 
1 277 30119.3339844 3781.4082031 0.3071961 
1 278 30121.2500000 3777.4843750 0.3082346 
1 279 30123.7421875 3774.5031738 0.3094075 
1 280 30126.9960938 3772.5678711 0.3105631 
1 281 30130.2714844 3769.0310059 0.3115656 
1 282 30133.4882812 3764.2402344 0.3124020 
1 283 30137.4218750 3760.4863281 0.3131259 
1 284 30137.4218750 3760.4863281 0.3131259 
1 285 30141.0781250 3758.5947266 0.3136611 
1 286 30144.8613281 3756.7363281 0.3142895 
1 287 30148.1621094 3757.3923340 0.3147909 
1 288 30149.6796875 3757.7175293 0.3151115 
1 289 30151.7578125 3757.6752930 0.3153987 
1 290 30153.8828125 3757.3139648 0.3155581 
1 291 30154.6582031 3757.0625000 0.3160646 
1 292 30154.9921875 3756.7431641 0.3162778 
1 293 30154.0390625 3755.6003418 0.3163983 
1 294 30153.4277344 3754.7951660 0.3163874 
1 295 30154.0898438 3753.2565918 0.3165060 
1 296 30155.5625000 3751.8061523 0.3165128 
1 297 30156.5117188 3749.5056152 0.3165052 
1 298 30160.6933594 3747.5263672 0.3168370 
1 299 30163.7304688 3744.8415527 0.3169415 
1 300 30166.9296875 3742.9814453 0.3171362 
1 301 30169.1972656 3740.4160156 0.3171754 
1 302 30174.6894531 3739.0087891 0.3174865 
1 303 30179.1816406 3737.7944336 0.3175030 
1 304 30181.3320312 3738.1079102 0.3176215 
1 305 30183.4277344 3736.8630371 0.3175349 
1 306 30184.4843750 3736.0104980 0.3174548 
1 307 30186.1308594 3735.2976074 0.3172915 
1 308 30189.2656250 3734.0661621 0.3171605 
1 309 30189.3710938 3734.0319824 0.3171549 
1 310 30193.0097656 3732.6762695 0.3170726 
1 311 30196.5156250 3731.8134766 0.3169136 
1 312 30199.4921875 3730.8642578 0.3167156 
1 313 30203.9628906 3729.3266602 0.3160583 
1 314 30208.8750000 3727.4768066 0.3153376 
1 315 30213.2128906 3726.1730957 0.3143655 
1 316 30217.8398438 3724.0124512 0.3132077 
1 317 30222.5898438 3722.7126465 0.3119698 
1 318 30226.6582031 3721.5678711 0.3109141 
1 319 30230.0195312 3720.1865234 0.3098300 
1 320 30232.5175781 3718.3459473 0.3088236 
1 321 30233.9042969 3717.7292480 0.3081238 
1 322 30234.2949219 3717.6801758 0.3074543 
1 323 30234.5273438 3716.9965820 0.3068852 
1 324 30235.2812500 3715.3945312 0.3066255 
1 325 30233.9843750 3714.3942871 0.3064764 
1 326 30231.8964844 3713.0625000 0.3063592 
1 327 30229.9218750 3712.1435547 0.3061189 
1 328 30228.6816406 3710.5898438 0.3058408 
1 329 30227.6289062 3709.6870117 0.3057540 
1 330 30227.4101562 3708.8774414 0.3063023 
1 331 30226.9531250 3708.3225098 0.3071992 
1 332 30226.7812500 3707.8066406 0.3079831 
1 333 30226.3710938 3707.7255859 0.3087008 
1 334 30226.3710938 3707.7255859 0.3087008 
1 335 30226.6718750 3707.9941406 0.3092332 
1 336 30227.1796875 3708.1210938 0.3097817 
1 337 30225.8593750 3707.9765625 0.3102433 
1 338 30225.0957031 3708.0263672 0.3107665 
1 339 30224.7949219 3708.0073242 0.3113185 
1 340 30224.4960938 3708.0283203 0.3119843 
1 341 30223.4941406 3707.8178711 0.3124138 
1 342 30222.3847656 3708.4980469 0.3128994 
1 343 30222.0917969 3709.3623047 0.3133122 
1 344 30221.5332031 3709.9223633 0.3136857 
1 345 30220.7128906 3710.0192871 0.3138713 
1 346 30220.1875000 3710.3713379 0.3140726 
1 347 30219.5683594 3710.0295410 0.3142880 
1 348 30219.5195312 3710.2416992 0.3142680 
1 349 30218.8437500 3710.2585449 0.3143036 
1 350 30218.8476562 3710.7180176 0.3142680 
1 351 30218.1289062 3710.7873535 0.3144331 
1 352 30216.7929688 3710.7985840 0.3144874 
1 353 30216.1367188 3710.4448242 0.3143912 
1 354 30215.7714844 3710.1562500 0.3141395 
1 355 30215.3925781 3709.4677734 0.3140662 
1 356 30214.4511719 3709.3234863 0.3143699 
1 357 30214.4726562 3708.5056152 0.3146377 
1 358 30215.3867188 3708.2695312 0.3151116 
1 359 30215.3867188 3708.2695312 0.3151116 
1 360 30215.1054688 3706.9482422 0.3159579 
1 361 30215.1269531 3706.8134766 0.3169676 
1 362 30215.1855469 3705.9492188 0.3180613 
1 363 30215.2636719 3705.2724609 0.3185638 
1 364 30214.9023438 3704.2795410 0.3186768 
1 365 30214.6445312 3703.6232910 0.3188086 
1 366 30215.1464844 3702.8066406 0.3187600 
1 367 30215.9296875 3702.6103516 0.3189398 
1 368 30216.1347656 3702.5207520 0.3190287 
1 369 30217.1894531 3703.0227051 0.3186658 
1 370 30218.1464844 3703.0429688 0.3176023 
1 371 30218.6718750 3703.6650391 0.3165384 
1 372 30218.6718750 3704.0344238 0.3156919 
1 373 30218.3769531 3704.0566406 0.3152251 
1 374 30218.5000000 3703.5788574 0.3148719 
1 375 30217.5820312 3703.9440918 0.3145391 
1 376 30217.2578125 3703.6127930 0.3142336 
1 377 30217.0410156 3703.8110352 0.3138024 
1 378 30216.4082031 3703.8515625 0.3132741 
1 379 30215.2363281 3703.3793945 0.3129359 
1 380 30214.5859375 3703.2690430 0.3125446 
1 381 30213.1250000 3702.7673340 0.3122467 
1 382 30212.5742188 3702.9138184 0.3119019 
1 383 30211.5273438 3702.5771484 0.3115617 
1 384 30211.5273438 3702.5771484 0.3115617 
1 385 30210.6074219 3702.3703613 0.3112837 
1 386 30209.1699219 3701.1813965 0.3110432 
1 387 30208.2402344 3700.0922852 0.3108577 
1 388 30208.1992188 3699.4675293 0.3106253 
1 389 30207.8320312 3698.7568359 0.3104872 
1 390 30207.2890625 3697.7026367 0.3103511 
1 391 30207.1953125 3697.0546875 0.3103293 
1 392 30208.0976562 3696.1201172 0.3103749 
1 393 30207.4921875 3695.6955566 0.3105918 
1 394 30207.6738281 3695.8408203 0.3106938 
1 395 30209.4628906 3696.1306152 0.3109709 
1 396 30210.4863281 3696.7573242 0.3112845 
1 397 30210.8945312 3697.5734863 0.3115336 
1 398 30210.9179688 3697.4121094 0.3119484 
1 399 30210.6855469 3697.7592773 0.3122494 
1 400 30211.9941406 3697.6772461 0.3125781 
1 401 30214.7812500 3698.0576172 0.3128528 
1 402 30215.1523438 3698.4262695 0.3132295 
1 403 30214.6640625 3699.2722168 0.3135206 
1 404 30216.1503906 3699.8222656 0.3136732 
1 405 30216.2695312 3700.3784180 0.3140734 
1 406 30212.5019531 3700.6455078 0.3142413 
1 407 30211.0390625 3700.5571289 0.3144391 
1 408 30210.3867188 3699.9975586 0.3145781 
1 409 30210.3867188 3699.9975586 0.3145781 
1 410 30210.8554688 3700.1342773 0.3148378 
1 411 30211.2968750 3700.4396973 0.3149088 
1 412 30213.0273438 3701.2570801 0.3151204 
1 413 30213.8847656 3701.8559570 0.3151915 
1 414 30214.0703125 3702.5646973 0.3152127 
1 415 30214.1601562 3702.3876953 0.3153323 
1 416 30216.2285156 3703.9001465 0.3152983 
1 417 30218.0703125 3703.8930664 0.3153054 
1 418 30218.8281250 3705.2878418 0.3152610 
1 419 30297.9062500 3707.0212402 0.3289384 
1 420 30300.0390625 3707.5639648 0.3299190 
1 421 30301.0234375 3705.7880859 0.3299741 
1 422 30301.7070312 3700.9499512 0.3286109 
1 423 30305.5664062 3697.3774414 0.3289731 
1 424 30309.2460938 3695.0048828 0.3300107 
1 425 30315.5312500 3693.2973633 0.3316188 
1 426 30318.1152344 3692.5229492 0.3337437 
1 427 30323.0351562 3696.7475586 0.3363385 
1 428 30324.0136719 3696.9260254 0.3365601 
1 429 30324.6914062 3699.4951172 0.3366580 
1 430 30325.3593750 3702.5368652 0.3372584 
1 431 30335.5039062 3713.2001953 0.3425366 
1 432 30336.6914062 3718.8317871 0.3428458 
1 433 30335.1132812 3722.3547363 0.3424784 
1 434 30335.1132812 3722.3547363 0.3424784 
1 435 30334.2929688 3723.7648926 0.3430669 
1 436 30334.8593750 3725.4260254 0.3439391 
1 437 30334.6953125 3724.6413574 0.3439512 
1 438 30335.1015625 3726.1145020 0.3449154 
1 439 30336.0722656 3728.0163574 0.3455183 
1 440 30338.5781250 3730.7197266 0.3465119 
1 441 30340.2382812 3732.3093262 0.3471501 
1 442 30340.5957031 3732.9140625 0.3473192 
1 443 30340.2578125 3732.8884277 0.3472342 
1 444 30337.8613281 3731.7402344 0.3470782 
1 445 30335.4023438 3729.9721680 0.3463364 
1 446 30332.5273438 3728.2236328 0.3454531 
1 447 30329.9628906 3726.8386230 0.3444047 
1 448 30326.4218750 3725.6840820 0.3434605 
1 449 30323.0625000 3724.5488281 0.3422913 
1 450 30319.6015625 3722.9169922 0.3413165 
1 451 30317.1367188 3721.2805176 0.3405167 
1 452 30315.6054688 3719.5590820 0.3399145 
1 453 30315.4960938 3717.1523438 0.3395170 
1 454 30316.8125000 3713.5019531 0.3390743 
1 455 30315.6367188 3709.7568359 0.3385275 
1 456 30316.3515625 3706.2790527 0.3385101 
1 457 30317.7246094 3703.4938965 0.3407315 
1 458 30318.1933594 3699.9938965 0.3412071 
1 459 30318.1933594 3699.9938965 0.3412071 
1 460 30314.8144531 3688.3273926 0.3377057 
1 461 30319.8281250 3699.0654297 0.3391964 
1 462 30320.1523438 3699.6406250 0.3396440 
1 463 30319.3125000 3701.1010742 0.3395571 
1 464 30319.5683594 3700.5568848 0.3394010 
1 465 30323.6601562 3703.9521484 0.3405858 
1 466 30325.0195312 3705.9287109 0.3407226 
1 467 30326.9296875 3706.3742676 0.3413973 
1 468 30328.3691406 3706.3916016 0.3414070 
1 469 30324.8613281 3707.7883301 0.3408014 
1 470 30323.5546875 3708.3989258 0.3400912 
1 471 30323.5722656 3706.6250000 0.3405654 
1 472 30320.2851562 3707.7175293 0.3400139 
1 473 30320.0820312 3704.9499512 0.3385304 
1 474 30317.0312500 3704.6997070 0.3372466 
1 475 30313.8125000 3703.0200195 0.3365388 
1 476 30313.5136719 3701.5930176 0.3362890 
1 477 30312.5078125 3700.9150391 0.3358364 
1 478 30310.1777344 3699.7768555 0.3355653 
1 479 30307.5761719 3697.7998047 0.3354663 
1 480 30305.4707031 3696.1303711 0.3347229 
1 481 30304.4941406 3694.0190430 0.3344130 
1 482 30303.3867188 3692.7626953 0.3343813 
1 483 30302.0742188 3690.3007812 0.3346368 
1 484 30302.0742188 3690.3007812 0.3346368 
1 485 30299.9238281 3689.1989746 0.3338569 
1 486 30299.5019531 3687.1657715 0.3340583 
1 487 30298.4804688 3685.4699707 0.3340396 
1 488 30298.0058594 3684.4604492 0.3340673 
1 489 30295.3789062 3682.7785645 0.3332187 
1 490 30293.7656250 3681.1691895 0.3330922 
1 491 30291.5449219 3679.4550781 0.3331231 
1 492 30289.1777344 3678.4282227 0.3329888 
1 493 30289.6445312 3677.7841797 0.3332998 
1 494 30289.6484375 3674.8310547 0.3330305 
1 495 30289.2285156 3673.4460449 0.3329885 
1 496 30287.5703125 3672.4418945 0.3328893 
1 497 30286.0957031 3672.0739746 0.3328806 
1 498 30285.5429688 3672.7290039 0.3328199 
1 499 30285.2148438 3673.9458008 0.3322178 
1 500 30286.8046875 3674.5039062 0.3320335 
1 501 30288.1015625 3677.0200195 0.3315381 
1 502 30293.2441406 3681.9797363 0.3320525 
1 503 30297.5585938 3685.2612305 0.3324473 
1 504 30300.0898438 3689.1767578 0.3327725 
1 505 30303.5703125 3693.6752930 0.3327568 
1 506 30306.8261719 3697.3652344 0.3325703 
1 507 30311.1757812 3702.9277344 0.3331408 
1 508 30313.9023438 3708.1655273 0.3348027 
1 509 30313.9023438 3708.1655273 0.3348027 
1 510 30318.0937500 3711.7983398 0.3335659 
1 511 30321.3261719 3714.5310059 0.3331448 
1 512 30322.5273438 3717.5610352 0.3305522 
1 513 30326.6230469 3721.2207031 0.3306201 
1 514 30330.3671875 3725.8825684 0.3301248 
1 515 30334.0703125 3729.8237305 0.3297547 
1 516 30338.1152344 3731.9125977 0.3305242 
1 517 30341.6132812 3734.2270508 0.3300467 
1 518 30346.6601562 3737.6857910 0.3305386 
1 519 30352.5585938 3741.1694336 0.3343576 
1 520 30350.4921875 3743.9580078 0.3304651 
1 521 30351.7734375 3747.6892090 0.3301518 
1 522 30354.0449219 3753.1728516 0.3278730 
1 523 30358.9824219 3757.8051758 0.3284613 
1 524 30363.2441406 3761.5930176 0.3296542 
1 525 30366.0175781 3765.0932617 0.3308974 
1 526 30369.2031250 3767.3891602 0.3315588 
1 527 30371.3710938 3767.9052734 0.3315730 
1 528 30373.9570312 3766.4970703 0.3314938 
1 529 30371.8867188 3764.1962891 0.3291874 
1 530 30372.7734375 3764.7934570 0.3309165 
1 531 30374.8261719 3764.0693359 0.3321491 
1 532 30377.7031250 3767.3798828 0.3332962 
1 533 30382.3144531 3771.2724609 0.3346529 
1 534 30382.3144531 3771.2724609 0.3346529 
1 535 30386.1054688 3774.5664062 0.3358000 
1 536 30387.7636719 3777.4873047 0.3362298 
1 537 30386.9414062 3779.1989746 0.3362461 
1 538 30386.1796875 3780.2209473 0.3363100 
1 539 30385.4140625 3780.7050781 0.3364399 
1 540 30384.4804688 3780.2478027 0.3363764 
1 541 30383.8398438 3779.5373535 0.3361010 
1 542 30382.8808594 3778.4897461 0.3358256 
1 543 30381.1250000 3778.1069336 0.3360039 
1 544 30378.9296875 3776.9455566 0.3353257 
1 545 30377.3867188 3775.4929199 0.3347412 
1 546 30375.5429688 3773.7487793 0.3339244 
1 547 30373.1933594 3771.9062500 0.3328951 
1 548 30369.7558594 3768.7839355 0.3311934 
1 549 30367.4980469 3767.4123535 0.3299690 
1 550 30363.4140625 3765.3623047 0.3284521 
1 551 30363.6054688 3764.7524414 0.3282058 
1 552 30367.1640625 3765.7949219 0.3295618 
1 553 30370.1992188 3765.3681641 0.3311611 
1 554 30373.3203125 3764.7895508 0.3339899 
1 555 30368.8085938 3762.1682129 0.3321237 
1 556 30362.4375000 3759.4204102 0.3295172 
1 557 30357.8164062 3757.6831055 0.3267764 
1 558 30349.9980469 3755.3293457 0.3234998 
1 559 30349.9980469 3755.3293457 0.3234998 
1 560 30342.8730469 3754.6948242 0.3193764 
1 561 30343.7382812 3758.0002441 0.3189987 
1 562 30337.6601562 3758.8999023 0.3167439 
1 563 30331.2792969 3760.4528809 0.3150758 
1 564 30325.7265625 3763.4692383 0.3136864 
1 565 30360.1250000 3762.6660156 0.3258599 
1 566 30358.7578125 3764.0473633 0.3264082 
1 567 30357.3320312 3764.6025391 0.3270954 
1 568 30352.2187500 3767.7907715 0.3246571 
1 569 30349.7656250 3771.6196289 0.3226485 
1 570 30346.4824219 3777.0070801 0.3215014 
1 571 30351.5664062 3777.7468262 0.3225095 
1 572 30362.5039062 3769.6057129 0.3243558 
1 573 30359.5156250 3770.1909180 0.3237627 
1 574 30357.3808594 3770.5170898 0.3229450 
1 575 30360.7500000 3766.4404297 0.3249469 
1 576 30360.3710938 3765.6606445 0.3249853 
1 577 30360.5039062 3764.4323730 0.3246527 
1 578 30360.6171875 3763.0375977 0.3245957 
1 579 30359.9628906 3761.3059082 0.3247908 
1 580 30359.5332031 3759.7497559 0.3247166 
1 581 30358.0449219 3758.8962402 0.3243703 
1 582 30356.3515625 3757.6437988 0.3240335 
1 583 30354.3769531 3755.8117676 0.3246116 
1 584 30354.3769531 3755.8117676 0.3246116 
1 585 30352.9589844 3754.8730469 0.3236219 
1 586 30353.2851562 3754.6469727 0.3233847 
1 587 30352.7128906 3754.4167480 0.3228523 
1 588 30349.9296875 3753.6682129 0.3231252 
1 589 30347.0605469 3753.2687988 0.3228001 
1 590 30342.3945312 3751.5822754 0.3216157 
1 591 30339.6972656 3749.9121094 0.3207800 
1 592 30329.9453125 3746.0964355 0.3180995 
1 593 30325.7421875 3742.1950684 0.3174328 
1 594 30319.9121094 3735.3676758 0.3162186 
1 595 30311.3769531 3724.9865723 0.3147819 
1 596 30304.9570312 3714.6582031 0.3145733 
1 597 30297.3144531 3700.2993164 0.3130644 
1 598 30289.5898438 3687.7148438 0.3106817 
1 599 30280.1250000 3673.1604004 0.3069399 
1 600 30276.0566406 3659.0986328 0.3058023 
1 601 30271.7382812 3647.4802246 0.3047646 
1 602 30267.8808594 3634.4997559 0.3037195 
1 603 30263.1152344 3620.9548340 0.3013813 
1 604 30258.2890625 3606.5661621 0.3001705 
1 605 30251.5585938 3592.8188477 0.2983681 
1 606 30245.6484375 3579.6262207 0.2970541 
1 607 30240.0488281 3567.7687988 0.2958810 
1 608 30235.2460938 3557.3061523 0.2943434 
1 609 30235.2460938 3557.3061523 0.2943434 
1 610 30231.4296875 3547.8610840 0.2934688 
1 611 30227.1132812 3543.5646973 0.2923036 
1 612 30223.9726562 3540.7922363 0.2916608 
1 613 30221.9804688 3539.4826660 0.2910742 
1 614 30220.4921875 3538.2253418 0.2906565 
1 615 30220.2832031 3536.5048828 0.2904026 
1 616 30220.2734375 3535.3994141 0.2900692 
1 617 30220.7031250 3534.7668457 0.2900000 
1 618 30220.7656250 3534.2824707 0.2900564 
1 619 30221.3300781 3534.6171875 0.2902452 
1 620 30222.0390625 3535.2968750 0.2904338 
1 621 30222.9062500 3537.7810059 0.2907768 
1 622 30224.0449219 3540.0200195 0.2910143 
1 623 30225.1210938 3541.6210938 0.2913416 
1 624 30226.7695312 3545.6103516 0.2920284 
1 625 30228.8007812 3551.0263672 0.2925434 
1 626 30230.1562500 3561.7929688 0.2938856 
1 627 30230.6953125 3571.1535645 0.2952585 
1 628 30233.9687500 3579.6652832 0.2974663 
1 629 30237.9453125 3588.4816895 0.3002768 
1 630 30242.4687500 3598.3486328 0.3040722 
1 631 30247.8710938 3608.8642578 0.3095055 
1 632 30250.7519531 3619.5615234 0.3141905 
1 633 30254.0390625 3632.9812012 0.3188925 
1 634 30254.0390625 3632.9812012 0.3188925 
1 635 30257.8515625 3646.6899414 0.3241646 
1 636 30258.9277344 3657.0725098 0.3300432 
1 637 30261.1757812 3667.2216797 0.3378991 
1 638 30265.8613281 3676.8964844 0.3471572 
1 639 30273.4785156 3690.1801758 0.3583750 
1 640 30274.6660156 3700.5478516 0.3679128 
1 641 30275.5878906 3714.1059570 0.3798449 
1 642 30273.3437500 3726.9682617 0.3933104 
1 643 30271.7812500 3741.8356934 0.4083731 
1 644 30265.1660156 3757.5705566 0.4256841 
1 645 30262.0976562 3772.9758301 0.4451483 
1 646 30257.8046875 3783.7841797 0.4656110 
1 647 30256.2519531 3796.4968262 0.4882936 
1 648 30252.0976562 3807.7248535 0.5108408 
1 649 30252.0351562 3819.2465820 0.5319503 
1 650 30253.3359375 3829.5502930 0.5540333 
1 651 30252.8398438 3838.6123047 0.5761526 
1 652 30254.8144531 3852.0283203 0.5967184 
1 653 30256.2656250 3860.8974609 0.6142019 
1 654 30255.8613281 3866.4904785 0.6251726 
1 655 30258.3203125 3872.8691406 0.6417015 
1 656 30258.7226562 3878.4274902 0.6494718 
1 657 30255.6953125 3884.0361328 0.6563230 
1 658 30261.3671875 3891.8410645 0.6560940 
1 659 30261.3671875 3891.8410645 0.6560940 
1 660 30269.7089844 3901.2241211 0.6619010 
1 661 30270.0214844 3906.8793945 0.6769474 
1 662 30270.4726562 3915.7788086 0.6777788 
1 663 30275.0761719 3927.5695801 0.6804768 
1 664 30274.0742188 3934.3144531 0.6938432 
1 665 30274.5429688 3941.7368164 0.6943583 
1 666 30273.8125000 3949.8916016 0.6943434 
1 667 30272.3671875 3955.6640625 0.6945013 
1 668 30273.6367188 3959.4853516 0.6947485 
1 669 30273.2070312 3964.2138672 0.6949278 
1 670 30272.4414062 3969.3305664 0.6949292 
1 671 30270.7636719 3973.7475586 0.6950163 
1 672 30271.8320312 3976.7377930 0.6950697 
1 673 30272.5664062 3979.3525391 0.6949831 
1 674 30271.3085938 3982.3278809 0.6949763 
1 675 30271.4296875 3984.6669922 0.6953837 
1 676 30270.5761719 3988.1523438 0.6956038 
1 677 30273.5507812 3989.9877930 0.6965287 
1 678 30278.1328125 3994.2004395 0.7111211 
1 679 30276.3164062 3991.8159180 0.7128082 
1 680 30282.1191406 3995.6293945 0.7181516 
1 681 30282.5234375 3993.7993164 0.7308267 
1 682 30284.4257812 3994.5590820 0.7370607 
1 683 30288.6035156 3999.4418945 0.7513807 
1 684 30288.6035156 3999.4418945 0.7513807 
1 685 30290.6464844 3998.6806641 0.7646334 
1 686 30292.5683594 3999.4265137 0.7749460 
1 687 30296.1445312 4001.0437012 0.7864643 
1 688 30297.9218750 4000.7070312 0.7962205 
1 689 30304.3710938 4002.1823730 0.8081213 
1 690 30304.7031250 4003.1765137 0.8144910 
1 691 30307.6191406 4006.0019531 0.8199508 
1 692 30308.1269531 4006.6369629 0.8313997 
1 693 30309.5214844 4008.1093750 0.8391157 
1 694 30312.7167969 4012.2583008 0.8485053 
1 695 30313.2812500 4011.3579102 0.8547369 
1 696 30314.2421875 4011.8793945 0.8553314 
1 697 30315.4687500 4012.1667480 0.8555417 
1 698 30315.9335938 4013.7324219 0.8558218 
1 699 30317.5234375 4015.0507812 0.8560196 
1 700 30318.6875000 4016.4074707 0.8562563 
1 701 30318.6621094 4018.4013672 0.8564822 
1 702 30318.9082031 4019.4094238 0.8566608 
1 703 30319.5136719 4021.2319336 0.8569714 
1 704 30320.8789062 4023.5256348 0.8571237 
1 705 30320.8886719 4025.2707520 0.8574031 
1 706 30321.3378906 4026.8215332 0.8576587 
1 707 30320.1015625 4027.5898438 0.8579664 
1 708 30319.2109375 4028.5048828 0.8581889 
1 709 30319.2109375 4028.5048828 0.8581889 
1 710 30318.4277344 4028.1445312 0.8581921 
1 711 30315.3613281 4028.0090332 0.8586129 
1 712 30316.5859375 4027.8537598 0.8588069 
1 713 30317.5703125 4028.0004883 0.8589033 
1 714 30317.1074219 4028.9697266 0.8588861 
1 715 30321.0058594 4029.4033203 0.8585638 
1 716 30322.0351562 4029.3442383 0.8588579 
1 717 30321.5664062 4029.8232422 0.8588217 
1 718 30322.6953125 4031.6088867 0.8586705 
1 719 30322.3945312 4030.3950195 0.8586566 
1 720 30321.9218750 4032.4038086 0.8587721 
1 721 30324.3457031 4031.8112793 0.8590828 
1 722 30329.0898438 4035.5568848 0.8587600 
1 723 30331.3710938 4035.9460449 0.8589190 
1 724 30334.4628906 4039.0039062 0.8587792 
1 725 30334.5214844 4041.3234863 0.8588395 
1 726 30335.7304688 4045.5180664 0.8590623 
1 727 30335.2246094 4050.2729492 0.8590280 
1 728 30336.9707031 4054.7092285 0.8586881 
1 729 30337.9179688 4058.7539062 0.8582390 
1 730 30339.0019531 4060.9875488 0.8581077 
1 731 30340.6953125 4064.4692383 0.8579450 
1 732 30341.9160156 4067.7868652 0.8581097 
1 733 30342.8828125 4072.2124023 0.8581951 
1 734 30342.8828125 4072.2124023 0.8581951 
1 735 30343.6035156 4078.8759766 0.8583734 
1 736 30344.1171875 4086.9711914 0.8583846 
1 737 30343.8085938 4092.4941406 0.8585188 
1 738 30343.6933594 4097.2695312 0.8584496 
1 739 30342.7773438 4099.3310547 0.8583887 
1 740 30342.5429688 4103.2709961 0.8585135 
1 741 30342.4785156 4105.1875000 0.8585657 
1 742 30343.3164062 4107.5444336 0.8585557 
1 743 30346.0507812 4109.4633789 0.8584400 
1 744 30348.0507812 4111.3383789 0.8584849 
1 745 30347.3652344 4111.5454102 0.8583701 
1 746 30347.2636719 4111.5639648 0.8584754 
1 747 30347.6914062 4112.4667969 0.8584426 
1 748 30348.7851562 4112.4365234 0.8584731 
1 749 30351.9453125 4113.6416016 0.8583460 
1 750 30354.7031250 4113.4433594 0.8582278 
1 751 30357.6367188 4113.4433594 0.8584487 
1 752 30360.1914062 4113.6323242 0.8582231 
1 753 30362.1210938 4113.0146484 0.8583423 
1 754 30365.9863281 4112.5722656 0.8585291 
1 755 30369.8925781 4112.1875000 0.8584638 
1 756 30373.0976562 4112.0390625 0.8585425 
1 757 30378.0351562 4112.1953125 0.8587018 
1 758 30384.1210938 4112.4165039 0.8587848 
1 759 30384.1210938 4112.4165039 0.8587848 
1 760 30390.4218750 4112.6835938 0.8587096 
1 761 30393.8769531 4112.4858398 0.8586280 
1 762 30397.8593750 4112.7265625 0.8586093 
1 763 30401.8593750 4113.3046875 0.8585489 
1 764 30405.2265625 4113.5908203 0.8584241 
1 765 30407.7812500 4113.5463867 0.8584888 
1 766 30410.7714844 4113.6083984 0.8585038 
1 767 30413.1425781 4113.9545898 0.8585170 
1 768 30417.1582031 4114.9306641 0.8585007 
1 769 30420.7988281 4115.0361328 0.8584369 
1 770 30423.8691406 4114.9775391 0.8585281 
1 771 30425.3515625 4115.0390625 0.8585408 
1 772 30426.0703125 4115.3266602 0.8587562 
1 773 30428.0039062 4115.2802734 0.8589938 
1 774 30429.9765625 4115.1572266 0.8593348 
1 775 30432.2968750 4115.1987305 0.8596237 
1 776 30436.1347656 4116.7534180 0.8596783 
1 777 30440.9375000 4118.1992188 0.8598467 
1 778 30448.8828125 4122.2416992 0.8592404 
1 779 30454.3476562 4122.3818359 0.8597177 
1 780 30204.7636719 3522.0703125 0.0100088 
1 780 30204.7636719 3522.0703125 0.0100088 
