1 2 18098.0507812 4724.7104492 0.2059247 
1 3 18096.1054688 4726.5224609 0.2058597 
1 4 18096.1054688 4726.5224609 0.2058598 
1 5 18093.6367188 4728.2758789 0.2058618 
1 6 18091.0937500 4730.0610352 0.2058417 
1 7 18088.0195312 4731.9560547 0.2058261 
1 8 18084.4941406 4733.8730469 0.2058177 
1 9 18080.5937500 4735.9189453 0.2057963 
1 10 18076.4375000 4737.9555664 0.2057772 
1 11 18071.7753906 4740.1982422 0.2057532 
1 12 18066.6093750 4742.6987305 0.2057329 
1 13 18061.0429688 4745.4477539 0.2056965 
1 14 18055.1796875 4748.4614258 0.2056663 
1 15 18048.6269531 4751.7041016 0.2056424 
1 16 18041.2871094 4755.3017578 0.2056151 
1 17 18034.2031250 4759.4018555 0.2055621 
1 18 18027.6582031 4764.1835938 0.2054910 
1 19 18020.4160156 4769.2910156 0.2054551 
1 20 18011.2675781 4774.9326172 0.2053837 
1 21 18001.6894531 4780.7846680 0.2052970 
1 22 17993.7519531 4785.9550781 0.2052469 
1 23 17985.3476562 4790.4487305 0.2051861 
1 24 17974.2382812 4795.3242188 0.2051183 
1 25 17962.1386719 4799.9316406 0.2050093 
1 26 17949.3203125 4804.9892578 0.2049077 
1 27 17938.1171875 4809.4570312 0.2048186 
1 28 17927.8789062 4813.0834961 0.2047240 
1 29 17927.8828125 4813.0844727 0.2047240 
1 30 17919.2226562 4816.3212891 0.2046453 
1 31 17912.6132812 4818.6250000 0.2045614 
1 32 17907.4179688 4820.3022461 0.2045040 
1 33 17903.7031250 4821.7119141 0.2044693 
1 34 17900.5761719 4823.1269531 0.2044444 
1 35 17898.0371094 4825.6816406 0.2044388 
1 36 17895.7246094 4829.1328125 0.2044118 
1 37 17893.9531250 4833.9677734 0.2043805 
1 38 17892.3964844 4840.1484375 0.2043502 
1 39 17890.7109375 4847.2856445 0.2043027 
1 40 17888.8750000 4856.1406250 0.2042607 
1 41 17887.2050781 4866.2377930 0.2041776 
1 42 17884.7285156 4878.3383789 0.2041048 
1 43 17881.9414062 4891.5927734 0.2039537 
1 44 17878.5859375 4903.4501953 0.2038172 
1 45 17875.9316406 4914.3203125 0.2036849 
1 46 17873.3476562 4924.2573242 0.2035975 
1 47 17870.5039062 4934.5747070 0.2035129 
1 48 17867.2773438 4946.4008789 0.2033655 
1 49 17862.1132812 4960.7705078 0.2032293 
1 50 17856.2031250 4977.2988281 0.2031580 
1 51 17849.5566406 4997.3041992 0.2029446 
1 52 17843.3027344 5019.1049805 0.2024822 
1 53 17839.1093750 5040.2968750 0.2020519 
1 54 17839.1035156 5040.2934570 0.2020537 
1 55 17836.7402344 5059.3857422 0.2017282 
1 56 17836.5917969 5076.4082031 0.2015730 
1 57 17838.2011719 5092.3710938 0.2015384 
1 58 17840.2773438 5107.5971680 0.2014748 
1 59 17842.2500000 5122.6181641 0.2014070 
1 60 17844.1582031 5136.4428711 0.2012263 
1 61 17845.7070312 5147.6752930 0.2010733 
1 62 17846.9492188 5155.8911133 0.2009887 
1 63 17848.4199219 5160.5175781 0.2008445 
1 64 17849.7089844 5163.7734375 0.2008272 
1 65 17851.2421875 5166.4882812 0.2008168 
1 66 17852.1972656 5169.4726562 0.2007997 
1 67 17852.3339844 5172.9746094 0.2008167 
1 68 17853.0312500 5176.3466797 0.2005394 
1 69 17852.9707031 5181.2939453 0.2003348 
1 70 17852.9414062 5185.3833008 0.2003878 
1 71 17852.9531250 5189.1552734 0.2003209 
1 72 17852.9375000 5191.9702148 0.2001941 
1 73 17852.5214844 5194.1660156 0.2002416 
1 74 17852.2402344 5195.3046875 0.2000933 
1 75 17852.4687500 5195.7812500 0.2000231 
1 76 17852.6542969 5195.4580078 0.2000488 
1 77 17852.5761719 5195.1557617 0.2000669 
1 78 17852.4570312 5194.4262695 0.2000484 
1 79 17852.4570312 5194.4262695 0.2000484 
1 80 17851.7753906 5193.7934570 0.2000735 
1 81 17851.0234375 5192.8803711 0.2000807 
1 82 17850.4960938 5191.1054688 0.2000782 
1 83 17850.0722656 5188.8496094 0.2001032 
1 84 17849.6835938 5186.3652344 0.2001321 
1 85 17849.0253906 5184.1840820 0.2001485 
1 86 17848.7832031 5181.8417969 0.2001491 
1 87 17848.4707031 5179.7060547 0.2001645 
1 88 17848.3574219 5177.4194336 0.2001502 
1 89 17848.2148438 5174.6103516 0.2001674 
1 90 17847.9492188 5171.1875000 0.2002146 
1 91 17847.8554688 5167.8916016 0.2002292 
1 92 17847.5292969 5164.2587891 0.2002616 
1 93 17847.2363281 5160.5981445 0.2002982 
1 94 17846.7207031 5157.8784180 0.2003465 
1 95 17845.6972656 5155.6298828 0.2003738 
1 96 17844.1074219 5153.5249023 0.2003931 
1 97 17842.1210938 5151.2841797 0.2004218 
1 98 17840.1816406 5149.2177734 0.2004421 
1 99 17837.7695312 5147.1767578 0.2004617 
1 100 17834.8652344 5145.2187500 0.2004833 
1 101 17831.7343750 5143.2519531 0.2005097 
1 102 17827.8144531 5141.7329102 0.2005341 
1 103 17823.4550781 5140.4052734 0.2005305 
1 104 17823.4492188 5140.4023438 0.2005300 
1 105 17818.7382812 5139.0043945 0.2005321 
1 106 17814.1425781 5137.7739258 0.2005319 
1 107 17809.9589844 5136.5322266 0.2005460 
1 108 17806.0312500 5135.4511719 0.2005376 
1 109 17802.1367188 5134.4375000 0.2005296 
1 110 17798.4531250 5133.4028320 0.2005115 
1 111 17794.8984375 5132.3994141 0.2005211 
1 112 17791.4531250 5131.5468750 0.2005096 
1 113 17788.5000000 5130.6386719 0.2004808 
1 114 17785.6367188 5129.8120117 0.2004575 
1 115 17782.4746094 5129.1181641 0.2004718 
1 116 17779.2148438 5128.4370117 0.2004867 
1 117 17776.0722656 5127.9731445 0.2004951 
1 118 17773.2812500 5127.4794922 0.2004703 
1 119 17770.4960938 5127.0268555 0.2004704 
1 120 17767.9472656 5126.7207031 0.2004620 
1 121 17765.4648438 5126.2978516 0.2004675 
1 122 17762.9628906 5125.8886719 0.2004684 
1 123 17760.3769531 5125.5078125 0.2004571 
1 124 17757.8554688 5125.0400391 0.2004479 
1 125 17755.4687500 5124.5888672 0.2004725 
1 126 17753.0683594 5124.2285156 0.2004753 
1 127 17750.5722656 5123.9003906 0.2004882 
1 128 17748.1230469 5123.6079102 0.2004836 
1 129 17748.1230469 5123.6079102 0.2004836 
1 130 17745.7734375 5123.3173828 0.2004775 
1 131 17743.3066406 5123.0498047 0.2004714 
1 132 17740.7382812 5122.8032227 0.2004786 
1 133 17738.0898438 5122.6044922 0.2004813 
1 134 17735.4492188 5122.3242188 0.2004725 
1 135 17732.7070312 5121.9555664 0.2004741 
1 136 17729.9492188 5121.7036133 0.2004649 
1 137 17727.2109375 5121.3076172 0.2004625 
1 138 17724.7031250 5120.8925781 0.2004777 
1 139 17722.1953125 5120.4726562 0.2004623 
1 140 17719.8281250 5119.9931641 0.2004602 
1 141 17717.7441406 5119.3374023 0.2004413 
1 142 17715.7675781 5118.4018555 0.2004447 
1 143 17713.8203125 5117.1831055 0.2004913 
1 144 17712.0644531 5116.0185547 0.2004920 
1 145 17710.4667969 5114.7304688 0.2004881 
1 146 17709.0585938 5113.3632812 0.2004053 
1 147 17707.4980469 5112.1137695 0.2003927 
1 148 17706.0136719 5110.8525391 0.2003688 
1 149 17704.7421875 5109.5307617 0.2003419 
1 150 17703.3652344 5108.3232422 0.2003520 
1 151 17702.1308594 5107.0732422 0.2003489 
1 152 17701.0957031 5105.7734375 0.2003484 
1 153 17700.2148438 5104.5463867 0.2003544 
1 154 17700.2167969 5104.5454102 0.2003535 
1 155 17699.4121094 5103.3222656 0.2004043 
1 156 17698.5625000 5102.1772461 0.2004579 
1 157 17697.5078125 5101.3486328 0.2004615 
1 158 17696.4492188 5100.6015625 0.2004643 
1 159 17695.5644531 5099.9829102 0.2004382 
1 160 17694.8710938 5099.3447266 0.2004414 
1 161 17694.2070312 5098.7514648 0.2004474 
1 162 17693.6152344 5098.2695312 0.2004623 
1 163 17693.2109375 5097.8105469 0.2004796 
1 164 17692.8769531 5097.5302734 0.2004865 
1 165 17692.5039062 5097.4116211 0.2004903 
1 166 17692.0078125 5097.3178711 0.2005067 
1 167 17691.3886719 5097.3369141 0.2005116 
1 168 17690.5058594 5097.5317383 0.2004995 
1 169 17689.4550781 5097.5791016 0.2005171 
1 170 17688.3144531 5097.7788086 0.2005115 
1 171 17687.1308594 5097.9663086 0.2005107 
1 172 17685.9062500 5098.1767578 0.2005083 
1 173 17684.5996094 5098.3515625 0.2005074 
1 174 17683.0390625 5098.5541992 0.2005135 
1 175 17681.3437500 5098.7871094 0.2005085 
1 176 17679.5156250 5099.0239258 0.2005164 
1 177 17677.6035156 5099.2685547 0.2005199 
1 178 17675.6562500 5099.4614258 0.2005261 
1 179 17675.6562500 5099.4614258 0.2005261 
1 180 17673.8085938 5099.6479492 0.2005174 
1 181 17671.9433594 5099.8627930 0.2005250 
1 182 17670.0703125 5100.1069336 0.2005168 
1 183 17668.2246094 5100.3339844 0.2005231 
1 184 17666.4375000 5100.6035156 0.2005137 
1 185 17664.6582031 5100.8681641 0.2005131 
1 186 17662.8105469 5101.1455078 0.2005117 
1 187 17660.9570312 5101.4458008 0.2005119 
1 188 17659.1718750 5101.7001953 0.2005061 
1 189 17657.4199219 5101.9331055 0.2005076 
1 190 17655.4453125 5102.2416992 0.2005187 
1 191 17653.4003906 5102.5654297 0.2005006 
1 192 17651.6757812 5102.8759766 0.2004434 
1 193 17649.9980469 5103.0659180 0.2004444 
1 194 17648.5859375 5103.2724609 0.2004211 
1 195 17647.5996094 5103.3710938 0.2004260 
1 196 17646.6328125 5103.5317383 0.2004386 
1 197 17645.7207031 5103.7509766 0.2004397 
1 198 17644.7089844 5103.8823242 0.2004580 
1 199 17643.4726562 5104.0541992 0.2004841 
1 200 17642.1074219 5104.2695312 0.2004895 
1 201 17640.6601562 5104.3447266 0.2004910 
1 202 17639.2363281 5104.4296875 0.2004965 
1 203 17637.9472656 5104.5541992 0.2004922 
1 204 17637.9472656 5104.5541992 0.2004922 
1 205 17636.7656250 5104.8457031 0.2004760 
1 206 17635.3691406 5105.1630859 0.2004363 
1 207 17634.5000000 5105.3208008 0.2003995 
1 208 17633.6289062 5105.4062500 0.2004052 
1 209 17632.6347656 5105.6416016 0.2004125 
1 210 17631.8320312 5105.7207031 0.2003984 
1 211 17631.2167969 5106.0156250 0.2003642 
1 212 17630.6972656 5106.1362305 0.2003481 
1 213 17630.1015625 5106.2290039 0.2003492 
1 214 17629.3867188 5106.3535156 0.2003495 
1 215 17628.6640625 5106.4619141 0.2003490 
1 216 17627.8496094 5106.5922852 0.2003563 
1 217 17626.9824219 5106.7646484 0.2003510 
1 218 17626.1542969 5106.9423828 0.2003482 
1 219 17625.4062500 5107.0976562 0.2003409 
1 220 17624.5976562 5107.2675781 0.2003490 
1 221 17623.6445312 5107.4877930 0.2003346 
1 222 17622.8046875 5107.6435547 0.2003334 
1 223 17621.6445312 5107.8867188 0.2003370 
1 224 17620.3671875 5108.1157227 0.2003463 
1 225 17618.6835938 5108.5283203 0.2003531 
1 226 17616.8320312 5108.9995117 0.2003422 
1 227 17615.2656250 5109.4194336 0.2003115 
1 228 17614.0859375 5109.7514648 0.2002841 
1 229 17614.0859375 5109.7514648 0.2002841 
1 230 17613.2500000 5110.0864258 0.2002498 
1 231 17612.5039062 5110.4360352 0.2002398 
1 232 17611.5253906 5111.0112305 0.2002490 
1 233 17610.3554688 5111.7866211 0.2002400 
1 234 17609.1523438 5112.4355469 0.2002279 
1 235 17608.0937500 5113.0805664 0.2002220 
1 236 17607.3789062 5113.7666016 0.2001931 
1 237 17606.8984375 5114.4340820 0.2001793 
1 238 17606.5117188 5115.0703125 0.2001645 
1 239 17606.2421875 5115.5776367 0.2001450 
1 240 17606.0742188 5115.9663086 0.2001334 
1 241 17605.8437500 5116.2836914 0.2001344 
1 242 17605.8476562 5116.5791016 0.2001151 
1 243 17605.9277344 5116.7753906 0.2001048 
1 244 17605.9394531 5117.1201172 0.2001205 
1 245 17606.0058594 5117.8032227 0.2001198 
1 246 17606.0937500 5118.5820312 0.2001216 
1 247 17606.1132812 5119.5434570 0.2001262 
1 248 17606.1406250 5120.7060547 0.2001163 
1 249 17606.0820312 5121.7084961 0.2001032 
1 250 17605.7812500 5122.6523438 0.2001124 
1 251 17605.3769531 5123.7050781 0.2001064 
1 252 17604.5722656 5124.7822266 0.2001279 
1 253 17603.4589844 5126.1235352 0.2001366 
1 254 17603.4589844 5126.1235352 0.2001366 
1 255 17602.0175781 5127.5507812 0.2001322 
1 256 17600.8554688 5128.9804688 0.2001013 
1 257 17600.2304688 5130.1826172 0.2000720 
1 258 17599.5761719 5131.3857422 0.2000808 
1 259 17598.6015625 5132.8051758 0.2000884 
1 260 17596.9140625 5134.2084961 0.2001146 
1 261 17594.1171875 5135.7929688 0.2001364 
1 262 17590.6113281 5137.2333984 0.2001425 
1 263 17587.3925781 5138.6298828 0.2001089 
1 264 17585.2265625 5139.5942383 0.2000548 
1 265 17583.3906250 5140.2807617 0.2000768 
1 266 17581.5761719 5141.1430664 0.2000559 
1 267 17579.6894531 5141.8251953 0.2000556 
1 268 17577.8320312 5142.3950195 0.2000547 
1 269 17575.5097656 5142.9609375 0.2000656 
1 270 17572.9394531 5143.5307617 0.2000598 
1 271 17570.4394531 5143.8916016 0.2000541 
1 272 17568.2304688 5144.2861328 0.2000458 
1 273 17566.5839844 5144.4521484 0.2000282 
1 274 17565.4472656 5144.6020508 0.2000183 
1 275 17564.7226562 5144.6494141 0.2000133 
1 276 17563.9199219 5144.6147461 0.2000133 
1 277 17563.2246094 5144.6606445 0.2000207 
1 278 17562.5996094 5144.5698242 0.2000123 
1 279 17562.5996094 5144.5698242 0.2000123 
1 280 17562.0351562 5144.4536133 0.2000243 
1 281 17561.6582031 5144.3759766 0.2000052 
1 282 17561.2851562 5144.1757812 0.2000175 
1 283 17561.0175781 5143.8798828 0.2000010 
1 284 17560.5253906 5143.5341797 0.2000184 
1 285 17560.0937500 5142.9189453 0.2000017 
1 286 17559.5332031 5141.8159180 0.2000096 
1 287 17558.9609375 5140.5595703 0.2000077 
1 288 17558.5507812 5138.9790039 0.2000000 
1 289 17558.0839844 5137.1489258 0.2000058 
1 290 17557.6035156 5135.3193359 0.2000167 
1 291 17557.0781250 5133.4497070 0.2000277 
1 292 17556.4726562 5131.4101562 0.2000423 
1 293 17555.9785156 5129.5576172 0.2000624 
1 294 17555.4902344 5127.7275391 0.2000772 
1 295 17554.8730469 5125.9960938 0.2001101 
1 296 17554.4218750 5124.4018555 0.2001193 
1 297 17553.9921875 5123.0136719 0.2001456 
1 298 17553.6640625 5121.9975586 0.2001694 
1 299 17553.5312500 5121.3964844 0.2001708 
1 300 17553.4765625 5120.9091797 0.2001785 
1 301 17553.3906250 5120.8256836 0.2001951 
1 302 17553.2246094 5120.9287109 0.2001987 
1 303 17553.1171875 5120.9775391 0.2001819 
1 304 17553.1171875 5120.9775391 0.2001819 
1 305 17552.7519531 5120.9448242 0.2001961 
1 306 17552.5898438 5120.8886719 0.2001799 
1 307 17552.4394531 5120.7246094 0.2001791 
1 308 17552.0976562 5120.4492188 0.2002012 
1 308 17552.0976562 5120.4492188 0.2002012 
