1 2 40031.7890625 4641.3066406 0.2059247 
1 3 40029.6328125 4643.0019531 0.2058597 
1 4 40029.6328125 4643.0019531 0.2058598 
1 5 40027.1718750 4644.7587891 0.2058618 
1 6 40024.5625000 4646.5083008 0.2058417 
1 7 40021.4375000 4648.3750000 0.2058261 
1 8 40017.8828125 4650.2773438 0.2058177 
1 9 40013.9140625 4652.2841797 0.2057963 
1 10 40009.6953125 4654.2866211 0.2057772 
1 11 40004.9531250 4656.4863281 0.2057532 
1 12 39999.7226562 4658.9497070 0.2057329 
1 13 39994.0390625 4661.6333008 0.2056965 
1 14 39988.0820312 4664.5927734 0.2056663 
1 15 39981.4531250 4667.7924805 0.2056424 
1 16 39974.0273438 4671.3413086 0.2056151 
1 17 39966.7734375 4675.3461914 0.2055621 
1 18 39959.9960938 4680.0000000 0.2054910 
1 19 39952.6406250 4685.0429688 0.2054551 
1 20 39943.2656250 4690.5561523 0.2053837 
1 21 39933.4062500 4696.2519531 0.2052970 
1 22 39925.3085938 4701.3320312 0.2052469 
1 23 39916.7109375 4705.7167969 0.2051861 
1 24 39905.3828125 4710.4702148 0.2051183 
1 25 39892.9335938 4714.8808594 0.2050093 
1 26 39879.7929688 4719.7553711 0.2049077 
1 27 39868.3046875 4724.0629883 0.2048186 
1 28 39857.7656250 4727.5190430 0.2047240 
1 29 39857.7656250 4727.5190430 0.2047240 
1 30 39848.8593750 4730.6147461 0.2046453 
1 31 39841.9765625 4732.7675781 0.2045614 
1 32 39836.5976562 4734.3413086 0.2045040 
1 33 39832.7734375 4735.6879883 0.2044693 
1 34 39829.5664062 4737.0585938 0.2044444 
1 35 39827.0078125 4739.6035156 0.2044388 
1 36 39824.6093750 4743.0058594 0.2044118 
1 37 39822.7382812 4747.7851562 0.2043805 
1 38 39821.0859375 4753.9116211 0.2043502 
1 39 39819.2500000 4760.9628906 0.2043027 
1 40 39817.2773438 4769.7421875 0.2042607 
1 41 39815.3398438 4779.6894531 0.2041776 
1 42 39812.6289062 4791.6591797 0.2041048 
1 43 39809.3593750 4804.6420898 0.2039537 
1 44 39805.5625000 4816.2529297 0.2038172 
1 45 39802.4843750 4826.8852539 0.2036849 
1 46 39799.6210938 4836.6645508 0.2035975 
1 47 39796.5039062 4846.8291016 0.2035129 
1 48 39792.8046875 4858.3901367 0.2033655 
1 49 39787.2070312 4872.5151367 0.2032293 
1 50 39781.0703125 4888.9150391 0.2031580 
1 51 39773.7382812 4908.5356445 0.2029446 
1 52 39766.0000000 4929.5043945 0.2024822 
1 53 39760.4335938 4949.9218750 0.2020519 
1 54 39760.4296875 4949.9213867 0.2020537 
1 55 39757.0234375 4968.4282227 0.2017282 
1 56 39756.3789062 4985.1713867 0.2015730 
1 57 39757.8789062 5001.0722656 0.2015384 
1 58 39759.7500000 5016.1835938 0.2014748 
1 59 39761.5078125 5031.0825195 0.2014070 
1 60 39762.8359375 5044.5815430 0.2012263 
1 61 39763.8945312 5055.5385742 0.2010733 
1 62 39764.8632812 5063.6025391 0.2009887 
1 63 39765.8710938 5067.9687500 0.2008445 
1 64 39767.1054688 5071.1938477 0.2008272 
1 65 39768.6054688 5073.8896484 0.2008168 
1 66 39769.5078125 5076.8437500 0.2007997 
1 67 39769.6953125 5080.3764648 0.2008167 
1 68 39769.5078125 5083.2485352 0.2005394 
1 69 39768.7929688 5087.8271484 0.2003348 
1 70 39768.9296875 5092.0122070 0.2003878 
1 71 39768.7304688 5095.6630859 0.2003209 
1 72 39768.3085938 5098.2495117 0.2001941 
1 73 39768.0429688 5100.5307617 0.2002416 
1 74 39767.2851562 5101.4023438 0.2000933 
1 75 39767.2890625 5101.7524414 0.2000231 
1 76 39767.5585938 5101.4755859 0.2000488 
1 77 39767.5390625 5101.2060547 0.2000669 
1 78 39767.3593750 5100.4438477 0.2000484 
1 79 39767.3593750 5100.4438477 0.2000484 
1 80 39766.7617188 5099.8564453 0.2000735 
1 81 39766.0312500 5098.9560547 0.2000807 
1 82 39765.4960938 5097.1767578 0.2000782 
1 83 39765.1523438 5094.9653320 0.2001032 
1 84 39764.8515625 5092.5336914 0.2001321 
1 85 39764.2500000 5090.3818359 0.2001485 
1 86 39764.0078125 5088.0410156 0.2001491 
1 87 39763.7460938 5085.9321289 0.2001645 
1 88 39763.5898438 5083.6201172 0.2001502 
1 89 39763.5000000 5080.8427734 0.2001674 
1 90 39763.3867188 5077.5043945 0.2002146 
1 91 39763.3398438 5074.2353516 0.2002292 
1 92 39763.1171875 5070.6601562 0.2002616 
1 93 39762.9375000 5067.0659180 0.2002982 
1 94 39762.5820312 5064.4326172 0.2003465 
1 95 39761.6445312 5062.2329102 0.2003738 
1 96 39760.1171875 5060.1621094 0.2003931 
1 97 39758.2265625 5057.9736328 0.2004218 
1 98 39756.3515625 5055.9433594 0.2004421 
1 99 39754.0000000 5053.9375000 0.2004617 
1 100 39751.1640625 5052.0180664 0.2004833 
1 101 39748.1171875 5050.0996094 0.2005097 
1 102 39744.2734375 5048.6245117 0.2005341 
1 103 39739.9062500 5047.2900391 0.2005305 
1 104 39739.8984375 5047.2861328 0.2005300 
1 105 39735.1953125 5045.8925781 0.2005321 
1 106 39730.5976562 5044.6621094 0.2005319 
1 107 39726.4609375 5043.4453125 0.2005460 
1 108 39722.5078125 5042.3491211 0.2005376 
1 109 39718.5859375 5041.3212891 0.2005296 
1 110 39714.8437500 5040.2534180 0.2005115 
1 111 39711.3203125 5039.2680664 0.2005211 
1 112 39707.8398438 5038.3945312 0.2005096 
1 113 39704.7929688 5037.4345703 0.2004808 
1 114 39701.8593750 5036.5659180 0.2004575 
1 115 39698.7421875 5035.8979492 0.2004718 
1 116 39695.5273438 5035.2436523 0.2004867 
1 117 39692.4140625 5034.7944336 0.2004951 
1 118 39689.5429688 5034.2558594 0.2004703 
1 119 39686.7578125 5033.8037109 0.2004704 
1 120 39684.1835938 5033.4824219 0.2004620 
1 121 39681.7187500 5033.0698242 0.2004675 
1 122 39679.2187500 5032.6621094 0.2004684 
1 123 39676.5976562 5032.2612305 0.2004571 
1 124 39674.0468750 5031.7773438 0.2004479 
1 125 39671.7421875 5031.3696289 0.2004725 
1 126 39669.3476562 5031.0146484 0.2004753 
1 127 39666.8906250 5030.7099609 0.2004882 
1 128 39664.4296875 5030.4091797 0.2004836 
1 129 39664.4296875 5030.4091797 0.2004836 
1 130 39662.0585938 5030.1074219 0.2004775 
1 131 39659.5742188 5029.8286133 0.2004714 
1 132 39657.0273438 5029.5957031 0.2004786 
1 133 39654.3867188 5029.4003906 0.2004813 
1 134 39651.7187500 5029.1044922 0.2004725 
1 135 39648.9804688 5028.7382812 0.2004741 
1 136 39646.1953125 5028.4697266 0.2004649 
1 137 39643.4453125 5028.0693359 0.2004625 
1 138 39640.9882812 5027.6816406 0.2004777 
1 139 39638.4335938 5027.2338867 0.2004623 
1 140 39636.0585938 5026.7509766 0.2004602 
1 141 39633.9140625 5026.0615234 0.2004413 
1 142 39631.9492188 5025.1323242 0.2004447 
1 143 39630.1484375 5023.9980469 0.2004913 
1 144 39628.3945312 5022.8339844 0.2004920 
1 145 39626.7890625 5021.5390625 0.2004881 
1 146 39625.1093750 5020.0224609 0.2004053 
1 147 39623.5117188 5018.7504883 0.2003927 
1 148 39621.9492188 5017.4467773 0.2003688 
1 149 39620.5898438 5016.0761719 0.2003419 
1 150 39619.2460938 5014.8867188 0.2003520 
1 151 39618.0000000 5013.6318359 0.2003489 
1 152 39616.9648438 5012.3310547 0.2003484 
1 153 39616.1015625 5011.1142578 0.2003544 
1 154 39616.1015625 5011.1123047 0.2003535 
1 155 39615.4648438 5009.9799805 0.2004043 
1 156 39614.7851562 5008.9311523 0.2004579 
1 157 39613.7421875 5008.1093750 0.2004615 
1 158 39612.6914062 5007.3666992 0.2004643 
1 159 39611.7226562 5006.7006836 0.2004382 
1 160 39611.0429688 5006.0683594 0.2004414 
1 161 39610.3984375 5005.4858398 0.2004474 
1 162 39609.8515625 5005.0302734 0.2004623 
1 163 39609.5039062 5004.6025391 0.2004796 
1 164 39609.1953125 5004.3354492 0.2004865 
1 165 39608.8320312 5004.2231445 0.2004903 
1 166 39608.3906250 5004.1591797 0.2005067 
1 167 39607.7851562 5004.1875000 0.2005116 
1 168 39606.8671875 5004.3598633 0.2004995 
1 169 39605.8671875 5004.4394531 0.2005171 
1 170 39604.7109375 5004.6289062 0.2005115 
1 171 39603.5234375 5004.8149414 0.2005107 
1 172 39602.2890625 5005.0205078 0.2005083 
1 173 39600.9804688 5005.1938477 0.2005074 
1 174 39599.4414062 5005.4077148 0.2005135 
1 175 39597.7304688 5005.6318359 0.2005085 
1 176 39595.9296875 5005.8828125 0.2005164 
1 177 39594.0273438 5006.1337891 0.2005199 
1 178 39592.1015625 5006.3374023 0.2005261 
1 179 39592.1015625 5006.3374023 0.2005261 
1 180 39590.2265625 5006.5083008 0.2005174 
1 181 39588.3867188 5006.7377930 0.2005250 
1 182 39586.4882812 5006.9663086 0.2005168 
1 183 39584.6601562 5007.2050781 0.2005231 
1 184 39582.8437500 5007.4575195 0.2005137 
1 185 39581.0625000 5007.7202148 0.2005131 
1 186 39579.2109375 5007.9960938 0.2005117 
1 187 39577.3554688 5008.2963867 0.2005119 
1 188 39575.5546875 5008.5400391 0.2005061 
1 189 39573.8046875 5008.7753906 0.2005076 
1 190 39571.8671875 5009.1035156 0.2005187 
1 191 39569.7617188 5009.3950195 0.2005006 
1 192 39567.8554688 5009.6030273 0.2004434 
1 193 39566.1796875 5009.7944336 0.2004444 
1 194 39564.6953125 5009.9599609 0.2004211 
1 195 39563.7265625 5010.0673828 0.2004260 
1 196 39562.8007812 5010.2500000 0.2004386 
1 197 39561.8906250 5010.4711914 0.2004397 
1 198 39560.9375000 5010.6352539 0.2004580 
1 199 39559.7812500 5010.8540039 0.2004841 
1 200 39558.4335938 5011.0795898 0.2004895 
1 201 39556.9882812 5011.1567383 0.2004910 
1 202 39555.5820312 5011.2519531 0.2004965 
1 203 39554.2812500 5011.3691406 0.2004922 
1 204 39554.2812500 5011.3691406 0.2004922 
1 205 39553.0468750 5011.6313477 0.2004760 
1 206 39551.5234375 5011.8774414 0.2004363 
1 207 39550.5390625 5011.9687500 0.2003995 
1 208 39549.6835938 5012.0649414 0.2004052 
1 209 39548.7148438 5012.3134766 0.2004125 
1 210 39547.8632812 5012.3671875 0.2003984 
1 211 39547.1406250 5012.6005859 0.2003642 
1 212 39546.5703125 5012.6923828 0.2003481 
1 213 39545.9765625 5012.7871094 0.2003492 
1 214 39545.2617188 5012.9121094 0.2003495 
1 215 39544.5390625 5013.0195312 0.2003490 
1 216 39543.7460938 5013.1630859 0.2003563 
1 217 39542.8632812 5013.3251953 0.2003510 
1 218 39542.0234375 5013.4980469 0.2003482 
1 219 39541.2539062 5013.6406250 0.2003409 
1 220 39540.4726562 5013.8251953 0.2003490 
1 221 39539.4687500 5014.0195312 0.2003346 
1 222 39538.6250000 5014.1733398 0.2003334 
1 223 39537.4765625 5014.4228516 0.2003370 
1 224 39536.2265625 5014.6679688 0.2003463 
1 225 39534.5664062 5015.0927734 0.2003531 
1 226 39532.6796875 5015.5439453 0.2003422 
1 227 39531.0156250 5015.9091797 0.2003115 
1 228 39529.7500000 5016.1923828 0.2002841 
1 229 39529.7500000 5016.1923828 0.2002841 
1 230 39528.8007812 5016.4653320 0.2002498 
1 231 39528.0234375 5016.7968750 0.2002398 
1 232 39527.0742188 5017.3881836 0.2002490 
1 233 39525.8789062 5018.1474609 0.2002400 
1 234 39524.6406250 5018.7739258 0.2002279 
1 235 39523.5585938 5019.4086914 0.2002220 
1 236 39522.7500000 5020.0424805 0.2001931 
1 237 39522.2265625 5020.6845703 0.2001793 
1 238 39521.7929688 5021.2934570 0.2001645 
1 239 39521.4609375 5021.7656250 0.2001450 
1 240 39521.2539062 5022.1337891 0.2001334 
1 241 39521.0273438 5022.4531250 0.2001344 
1 242 39520.9687500 5022.7133789 0.2001151 
1 243 39521.0156250 5022.8911133 0.2001048 
1 244 39521.0781250 5023.2636719 0.2001205 
1 245 39521.1406250 5023.9458008 0.2001198 
1 246 39521.2343750 5024.7275391 0.2001216 
1 247 39521.2734375 5025.6977539 0.2001262 
1 248 39521.2656250 5026.8427734 0.2001163 
1 249 39521.1679688 5027.8212891 0.2001032 
1 250 39520.8945312 5028.7822266 0.2001124 
1 251 39520.4726562 5029.8237305 0.2001064 
1 252 39519.7343750 5030.9394531 0.2001279 
1 253 39518.6484375 5032.2968750 0.2001366 
1 254 39518.6484375 5032.2968750 0.2001366 
1 255 39517.1953125 5033.7158203 0.2001322 
1 256 39515.9335938 5035.0903320 0.2001013 
1 257 39515.2148438 5036.2392578 0.2000720 
1 258 39514.5898438 5037.4580078 0.2000808 
1 259 39513.6406250 5038.8920898 0.2000884 
1 260 39512.0351562 5040.3422852 0.2001146 
1 261 39509.3085938 5041.9658203 0.2001364 
1 262 39505.8242188 5043.4174805 0.2001425 
1 263 39502.4960938 5044.7534180 0.2001089 
1 264 39500.1562500 5045.6206055 0.2000548 
1 265 39498.3945312 5046.3471680 0.2000768 
1 266 39496.5117188 5047.1718750 0.2000559 
1 267 39494.6250000 5047.8525391 0.2000556 
1 268 39492.7656250 5048.4208984 0.2000547 
1 269 39490.4765625 5049.0068359 0.2000656 
1 270 39487.8867188 5049.5654297 0.2000598 
1 271 39485.3671875 5049.9160156 0.2000541 
1 272 39483.1289062 5050.2949219 0.2000458 
1 273 39481.4257812 5050.4296875 0.2000282 
1 274 39480.2578125 5050.5625000 0.2000183 
1 275 39479.5156250 5050.6005859 0.2000133 
1 276 39478.7109375 5050.5659180 0.2000133 
1 277 39478.0429688 5050.6250000 0.2000207 
1 278 39477.3906250 5050.5185547 0.2000123 
1 279 39477.3906250 5050.5185547 0.2000123 
1 280 39476.8671875 5050.4248047 0.2000243 
1 281 39476.4296875 5050.3125000 0.2000052 
1 282 39476.0937500 5050.1347656 0.2000175 
1 283 39475.7734375 5049.8085938 0.2000010 
1 284 39475.3359375 5049.4936523 0.2000184 
1 285 39474.8515625 5048.8481445 0.2000017 
1 286 39474.3164062 5047.7592773 0.2000096 
1 287 39473.7382812 5046.5000000 0.2000077 
1 288 39473.3046875 5044.9052734 0.2000000 
1 289 39472.8554688 5043.0859375 0.2000058 
1 290 39472.4101562 5041.2753906 0.2000167 
1 291 39471.9179688 5039.4262695 0.2000277 
1 292 39471.3632812 5037.4125977 0.2000423 
1 293 39470.9296875 5035.5961914 0.2000624 
1 294 39470.4921875 5033.7929688 0.2000772 
1 295 39469.9765625 5032.1201172 0.2001101 
1 296 39469.5585938 5030.5424805 0.2001193 
1 297 39469.2148438 5029.2021484 0.2001456 
1 298 39468.9609375 5028.2285156 0.2001694 
1 299 39468.8320312 5027.6298828 0.2001708 
1 300 39468.8007812 5027.1562500 0.2001785 
1 301 39468.7656250 5027.1025391 0.2001951 
1 302 39468.6132812 5027.2128906 0.2001987 
1 303 39468.4531250 5027.2314453 0.2001819 
1 304 39468.4531250 5027.2314453 0.2001819 
1 305 39468.1328125 5027.2241211 0.2001961 
1 306 39467.9218750 5027.1391602 0.2001799 
1 307 39467.7656250 5026.9731445 0.2001791 
1 308 39983.8359375 4674.0625000 0.0170143 
1 308 39983.8359375 4674.0625000 0.0170143 
