1 2 33700.3203125 3238.9643555 0.2339088 
1 3 33716.6953125 3248.8356934 0.2332791 
1 4 33732.7890625 3258.4301758 0.2328286 
1 5 33732.7890625 3258.4301758 0.2328286 
1 6 33749.8085938 3270.6442871 0.2319897 
1 7 33766.8671875 3280.7006836 0.2311985 
1 8 33777.9335938 3287.7795410 0.2315242 
1 9 33792.2421875 3297.1015625 0.2316838 
1 10 33801.4804688 3308.6567383 0.2331447 
1 11 33790.2070312 3324.5444336 0.2385782 
1 12 33781.1601562 3347.5378418 0.2426460 
1 13 33780.7734375 3377.3024902 0.2434977 
1 14 33790.6835938 3408.2709961 0.2426970 
1 15 33811.9062500 3443.5000000 0.2405216 
1 16 33833.1054688 3477.2521973 0.2403564 
1 17 33864.1523438 3511.0632324 0.2382853 
1 18 33893.8085938 3540.9638672 0.2357935 
1 19 33921.5976562 3566.4333496 0.2347242 
1 20 33942.3906250 3588.7487793 0.2360068 
1 21 33969.6796875 3610.9475098 0.2354389 
1 22 33993.1757812 3632.9738770 0.2361276 
1 23 34009.2812500 3649.1962891 0.2365256 
1 24 34021.0781250 3655.8679199 0.2372130 
1 25 34037.8164062 3657.8906250 0.2347006 
1 26 34041.8398438 3642.2128906 0.2347836 
1 27 34046.4218750 3628.5844727 0.2362461 
1 28 34042.4140625 3622.1286621 0.2379737 
1 29 34039.7539062 3629.8637695 0.2396201 
1 30 34039.7539062 3629.8637695 0.2396201 
1 31 34037.0859375 3651.8188477 0.2409508 
1 32 34036.6835938 3679.2014160 0.2414630 
1 33 34032.7695312 3704.6782227 0.2428985 
1 34 34028.2265625 3727.6979980 0.2446577 
1 35 34021.2460938 3750.1562500 0.2469536 
1 36 34018.1953125 3769.5495605 0.2481072 
1 37 34017.6875000 3784.9758301 0.2489473 
1 38 34016.7421875 3793.6389160 0.2482387 
1 39 34015.6718750 3799.5090332 0.2478510 
1 40 34002.9531250 3798.2563477 0.2490592 
1 41 34004.4414062 3797.2270508 0.2459753 
1 42 34015.9335938 3801.2470703 0.2415889 
1 43 34004.1914062 3796.1057129 0.2431207 
1 44 33986.2539062 3778.8798828 0.2448296 
1 45 33951.0820312 3758.9526367 0.2504466 
1 46 33936.2734375 3726.8991699 0.2494539 
1 47 33972.1015625 3714.6840820 0.2390953 
1 48 34023.7851562 3704.6840820 0.2207513 
1 49 34044.9960938 3696.8012695 0.2129685 
1 50 34039.5898438 3684.8891602 0.2146440 
1 51 34035.8632812 3677.2402344 0.2146942 
1 52 34033.7734375 3674.6416016 0.2148399 
1 53 34036.8046875 3674.0124512 0.2142087 
1 54 34042.1210938 3673.2687988 0.2133237 
1 55 34042.1210938 3673.2687988 0.2133237 
1 56 34043.2851562 3673.0065918 0.2131291 
1 57 34041.8203125 3674.7124023 0.2137011 
1 58 34038.1914062 3678.5119629 0.2146606 
1 59 34036.7617188 3688.8010254 0.2155131 
1 60 34038.3593750 3699.6323242 0.2165003 
1 61 34051.7890625 3712.9609375 0.2152706 
1 62 34063.6679688 3724.1704102 0.2154182 
1 63 34070.7851562 3732.4194336 0.2173969 
1 64 34075.5351562 3743.6596680 0.2197202 
1 65 34091.0898438 3755.5424805 0.2188710 
1 66 34107.4726562 3764.3881836 0.2165531 
1 67 34111.4648438 3770.2121582 0.2180571 
1 68 34110.0664062 3770.0297852 0.2186391 
1 69 34100.9414062 3761.7202148 0.2200989 
1 70 34096.2460938 3747.3850098 0.2201851 
1 71 34086.7460938 3724.7805176 0.2208919 
1 72 34073.8046875 3694.2534180 0.2215675 
1 73 34055.6914062 3653.0839844 0.2227345 
1 74 34035.2109375 3611.2829590 0.2246735 
1 75 34002.0820312 3570.2956543 0.2294291 
1 76 33981.5234375 3538.4055176 0.2288174 
1 77 33964.7695312 3513.0969238 0.2278555 
1 78 33949.1679688 3488.8208008 0.2277956 
1 79 33937.2656250 3461.3146973 0.2270208 
1 80 33937.2656250 3461.3146973 0.2270208 
1 81 33921.8828125 3429.7473145 0.2267920 
1 82 33901.5000000 3395.4194336 0.2276544 
1 83 33883.5312500 3362.6916504 0.2277656 
1 84 33860.1171875 3330.4099121 0.2290089 
1 85 33844.3906250 3302.7021484 0.2289648 
1 86 33831.6171875 3282.5297852 0.2283022 
1 87 33822.1953125 3270.6994629 0.2278960 
1 88 33818.0000000 3266.4165039 0.2274469 
1 89 33816.6328125 3265.7661133 0.2269157 
1 90 33818.0351562 3268.5656738 0.2262299 
1 91 33823.9492188 3275.5791016 0.2253802 
1 92 33836.5234375 3288.9033203 0.2244577 
1 93 33849.9960938 3306.1364746 0.2239277 
1 94 33862.9609375 3322.9052734 0.2231452 
1 95 33874.8398438 3336.8989258 0.2223700 
1 96 33881.7773438 3341.0297852 0.2215080 
1 97 33885.1796875 3337.2138672 0.2206583 
1 98 33884.6718750 3332.4526367 0.2202328 
1 99 33878.1289062 3329.1086426 0.2200907 
1 100 33867.8593750 3327.2629395 0.2197372 
1 101 33857.7929688 3324.6213379 0.2193406 
1 102 33845.9804688 3321.8330078 0.2190987 
1 103 33835.0937500 3321.2487793 0.2187913 
1 104 33827.4453125 3321.6962891 0.2183449 
1 105 33827.3750000 3321.6550293 0.2183578 
1 106 33819.6250000 3320.7995605 0.2184388 
1 107 33812.8359375 3320.4165039 0.2186404 
1 108 33807.3085938 3320.1132812 0.2188975 
1 109 33806.7265625 3322.1088867 0.2181254 
1 110 33806.7968750 3322.9770508 0.2177274 
1 111 33808.4843750 3324.7751465 0.2173317 
1 112 33816.8164062 3329.9367676 0.2162647 
1 113 33824.9687500 3335.8803711 0.2154500 
1 114 33826.9101562 3339.9108887 0.2157538 
1 115 33827.7070312 3342.2067871 0.2159212 
1 116 33829.2617188 3344.8515625 0.2157091 
1 117 33834.1210938 3347.3767090 0.2147163 
1 118 33836.8398438 3349.4313965 0.2141889 
1 119 33844.2421875 3351.2290039 0.2140610 
1 120 33847.9335938 3353.7182617 0.2140591 
1 121 33853.5976562 3354.8906250 0.2131437 
1 122 33855.7968750 3350.7619629 0.2121881 
1 123 33853.6132812 3347.3215332 0.2117982 
1 124 33850.3593750 3343.9399414 0.2116836 
1 125 33847.1835938 3340.1040039 0.2116759 
1 126 33845.5351562 3338.7788086 0.2113763 
1 127 33844.1835938 3335.7915039 0.2110792 
1 128 33841.1757812 3336.2497559 0.2104204 
1 129 33833.8984375 3339.3657227 0.2103723 
1 130 33833.9414062 3339.3950195 0.2103603 
1 131 33827.9843750 3347.0620117 0.2103280 
1 132 33830.5976562 3356.1618652 0.2094998 
1 133 33831.5937500 3362.4020996 0.2095403 
1 134 33830.4492188 3369.0068359 0.2097163 
1 135 33829.7656250 3374.6984863 0.2096418 
1 136 33827.4179688 3379.4365234 0.2096174 
1 137 33824.2109375 3383.2497559 0.2095952 
1 138 33822.4140625 3386.1054688 0.2089269 
1 139 33824.0585938 3389.4633789 0.2074070 
1 140 33825.3750000 3391.9428711 0.2063994 
1 141 33825.8046875 3394.7910156 0.2057267 
1 142 33827.6601562 3397.4157715 0.2048572 
1 143 33830.0195312 3398.0791016 0.2042466 
1 144 33834.3593750 3396.8444824 0.2036271 
1 145 33839.2226562 3396.3173828 0.2031322 
1 146 33844.0312500 3395.8833008 0.2027039 
1 147 33850.1289062 3396.0729980 0.2023434 
1 148 33857.0625000 3395.9655762 0.2018482 
1 149 33863.2109375 3395.0207520 0.2015724 
1 150 33870.9257812 3397.0227051 0.2012489 
1 151 33877.0234375 3399.1503906 0.2010709 
1 152 33882.6445312 3401.4731445 0.2009253 
1 153 33888.0781250 3402.7568359 0.2006535 
1 154 33891.2656250 3403.8417969 0.2005841 
1 155 33891.2656250 3403.8417969 0.2005841 
1 156 33892.9023438 3405.9326172 0.2004170 
1 157 33893.9570312 3408.5766602 0.2003408 
1 158 33895.2695312 3411.1406250 0.2000890 
1 159 33895.7421875 3413.0185547 0.2000000 
1 160 33894.3320312 3415.9353027 0.2000832 
1 161 33889.9648438 3418.0292969 0.2004422 
1 162 33885.1250000 3418.2934570 0.2007689 
1 163 33878.7578125 3419.1428223 0.2009927 
1 164 33873.5976562 3419.7294922 0.2009395 
1 165 33868.5468750 3421.0410156 0.2011470 
1 166 33869.3671875 3423.1904297 0.2008213 
1 167 33866.8906250 3423.9333496 0.2011823 
1 168 33866.4296875 3423.4755859 0.2008684 
1 169 33866.1171875 3422.4873047 0.2011485 
1 170 33867.7500000 3424.1323242 0.2017002 
1 171 33874.4453125 3430.0991211 0.2018410 
1 172 33883.4726562 3438.4265137 0.2019151 
1 173 33889.5585938 3445.8457031 0.2024780 
1 174 33894.8867188 3452.5646973 0.2028458 
1 175 33900.8359375 3457.1191406 0.2029467 
1 176 33904.6523438 3459.9892578 0.2032024 
1 177 33906.7343750 3462.2832031 0.2034808 
1 178 33907.0351562 3462.6860352 0.2036443 
1 179 33907.5703125 3462.2424316 0.2031355 
1 180 33907.5703125 3462.2424316 0.2031355 
1 181 33907.8085938 3461.8291016 0.2024365 
1 182 33903.5156250 3459.8374023 0.2021658 
1 183 33897.3476562 3457.1301270 0.2021787 
1 184 33889.0664062 3453.2055664 0.2027229 
1 185 33884.6210938 3450.6660156 0.2026222 
1 186 33883.8320312 3448.4592285 0.2021610 
1 187 33885.5976562 3447.5239258 0.2016842 
1 188 33889.3437500 3447.5322266 0.2012972 
1 189 33892.7929688 3449.1086426 0.2010850 
1 190 33898.6875000 3453.7595215 0.2009280 
1 191 33905.5742188 3460.6457520 0.2008186 
1 192 33906.7500000 3466.9472656 0.2020523 
1 193 33911.3125000 3474.0815430 0.2027462 
1 194 33918.7148438 3481.8032227 0.2027026 
1 195 33924.8125000 3489.5349121 0.2028935 
1 196 33930.3828125 3496.4489746 0.2032107 
1 197 33934.9921875 3502.1274414 0.2033053 
1 198 33938.9648438 3506.0412598 0.2033440 
1 199 33944.2421875 3509.8540039 0.2029689 
1 200 33946.9101562 3511.9233398 0.2029768 
1 201 33947.2890625 3511.9860840 0.2032381 
1 202 33943.7578125 3509.2490234 0.2039174 
1 203 33945.2656250 3506.1811523 0.2033767 
1 204 33948.3867188 3504.3930664 0.2026084 
1 205 33948.3867188 3504.3930664 0.2026084 
1 206 33945.5937500 3501.1242676 0.2031571 
1 207 33940.6562500 3497.8723145 0.2038525 
1 208 33937.6328125 3496.5444336 0.2040156 
1 209 33937.0195312 3497.0998535 0.2037536 
1 210 33939.3789062 3497.1284180 0.2031655 
1 211 33942.9960938 3498.1286621 0.2027331 
1 212 33943.6054688 3498.7111816 0.2029151 
1 213 33940.5781250 3498.1870117 0.2036731 
1 214 33940.3984375 3498.9440918 0.2035623 
1 215 33941.5000000 3500.1379395 0.2033009 
1 216 33944.0390625 3502.0375977 0.2029122 
1 217 33944.5156250 3504.2421875 0.2030043 
1 218 33944.7109375 3506.8383789 0.2031917 
1 219 33945.5859375 3508.5541992 0.2033467 
1 220 33946.7812500 3510.3828125 0.2035510 
1 221 33949.5234375 3512.1457520 0.2035753 
1 222 33953.1796875 3514.2451172 0.2036450 
1 223 33956.1953125 3516.0483398 0.2036184 
1 224 33959.1484375 3517.5258789 0.2036032 
1 225 33962.1250000 3519.6560059 0.2035924 
1 226 33964.8828125 3521.5551758 0.2035739 
1 227 33967.6835938 3522.5622559 0.2034930 
1 228 33969.9492188 3523.0505371 0.2034052 
1 229 33971.7695312 3523.2326660 0.2032815 
1 230 33971.7695312 3523.2326660 0.2032815 
1 231 33974.3828125 3523.1049805 0.2031156 
1 232 33976.6835938 3522.6086426 0.2030415 
1 233 33979.0351562 3523.6877441 0.2029556 
1 234 33981.9609375 3525.1196289 0.2028469 
1 235 33984.9453125 3526.8740234 0.2028044 
1 236 33987.3750000 3528.9008789 0.2027377 
1 237 33989.4687500 3530.3903809 0.2027062 
1 238 33991.0078125 3531.8642578 0.2026549 
1 239 33992.5742188 3532.4335938 0.2026196 
1 240 33992.8710938 3533.2028809 0.2025927 
1 241 33993.0000000 3533.6772461 0.2025959 
1 242 33993.3125000 3534.0466309 0.2026193 
1 243 33993.9414062 3533.6386719 0.2026693 
1 244 33993.2343750 3533.0822754 0.2027788 
1 245 33992.6875000 3532.3891602 0.2029602 
1 246 33991.3750000 3532.2124023 0.2033988 
1 247 33990.9414062 3531.4760742 0.2036482 
1 248 33989.1015625 3530.6098633 0.2038368 
1 249 33985.9726562 3528.2175293 0.2043464 
1 250 33983.1718750 3525.2355957 0.2046535 
1 251 33980.4648438 3522.3654785 0.2048275 
1 252 33979.8984375 3519.5483398 0.2046272 
1 253 33983.1953125 3516.4746094 0.2039019 
1 254 33985.6093750 3512.9016113 0.2037096 
1 255 33985.6093750 3512.9016113 0.2037096 
1 256 33986.4609375 3509.9099121 0.2035245 
1 257 33987.4648438 3508.4475098 0.2032826 
1 258 33987.7890625 3506.6791992 0.2033323 
1 259 33987.8476562 3505.3798828 0.2033775 
1 260 33987.4453125 3503.3254395 0.2035149 
1 261 33987.0625000 3501.7482910 0.2034800 
1 262 33986.5039062 3500.5854492 0.2032609 
1 263 33985.1171875 3499.8217773 0.2032282 
1 264 33983.0820312 3496.9379883 0.2031493 
1 265 33981.4335938 3494.2749023 0.2029308 
1 266 33979.9765625 3492.7631836 0.2026352 
1 267 33979.7148438 3493.9035645 0.2021664 
1 268 33977.8593750 3493.1508789 0.2024593 
1 269 33977.7070312 3490.2861328 0.2029488 
1 270 33975.3554688 3487.9838867 0.2031746 
1 271 33971.3867188 3485.3237305 0.2034988 
1 272 33969.4296875 3482.8994141 0.2034581 
1 273 33969.1562500 3480.7834473 0.2030268 
1 274 33968.4570312 3479.6848145 0.2027702 
1 275 33968.7031250 3478.8674316 0.2025269 
1 276 33968.1328125 3477.1325684 0.2025588 
1 277 33967.2500000 3475.3725586 0.2026154 
1 278 33966.1250000 3473.3984375 0.2025899 
1 279 33964.6406250 3472.6333008 0.2027042 
1 280 33964.6406250 3472.6333008 0.2027042 
1 281 33964.6054688 3472.3293457 0.2027294 
1 282 33964.3281250 3472.4125977 0.2028150 
1 283 33964.4765625 3472.4560547 0.2027795 
1 284 33963.4804688 3471.1669922 0.2027560 
1 285 33962.1054688 3469.5825195 0.2026492 
1 286 33961.0859375 3467.2082520 0.2024949 
1 287 33959.5859375 3464.7692871 0.2023916 
1 288 33958.1640625 3461.7426758 0.2023460 
1 289 33955.2695312 3459.0434570 0.2023113 
1 290 33951.1445312 3456.4162598 0.2022898 
1 291 33948.2109375 3454.6262207 0.2022348 
1 292 33946.5468750 3453.9792480 0.2021903 
1 293 33945.5585938 3453.7868652 0.2022346 
1 294 33944.4960938 3454.3625488 0.2023624 
1 295 33941.9687500 3454.3417969 0.2026064 
1 296 33941.1015625 3455.4260254 0.2023075 
1 297 33941.6875000 3456.1894531 0.2018826 
1 298 33942.8320312 3458.0781250 0.2014828 
1 299 33944.1484375 3459.1857910 0.2012543 
1 300 33942.4375000 3460.0971680 0.2015213 
1 301 33939.2109375 3460.6118164 0.2018868 
1 302 33937.8085938 3461.3603516 0.2020385 
1 303 33938.2656250 3463.3720703 0.2021912 
1 304 33939.6562500 3465.3408203 0.2022205 
1 305 33939.6523438 3465.3466797 0.2022249 
1 306 33937.6875000 3465.2485352 0.2027085 
1 307 33936.0585938 3464.1076660 0.2028043 
1 308 33936.4453125 3462.3676758 0.2027092 
1 309 33935.4960938 3460.9467773 0.2028651 
1 310 33934.6250000 3459.9931641 0.2030768 
1 311 33934.2734375 3458.8840332 0.2032152 
1 312 33933.9921875 3458.8894043 0.2031848 
1 313 33934.6367188 3459.3435059 0.2029103 
1 314 33937.5234375 3458.8149414 0.2023458 
1 315 33938.4140625 3458.1303711 0.2023439 
1 316 33939.5937500 3457.4008789 0.2021936 
1 317 33939.6757812 3456.5205078 0.2021580 
1 318 33939.5273438 3454.9890137 0.2020843 
1 319 33939.0546875 3453.7634277 0.2020555 
1 320 33938.6640625 3451.6997070 0.2019414 
1 321 33937.8750000 3449.7839355 0.2019937 
1 322 33937.4687500 3448.9877930 0.2019754 
1 323 33936.7695312 3448.6464844 0.2020158 
1 324 33935.4375000 3448.2807617 0.2020482 
1 325 33933.7421875 3447.4833984 0.2020814 
1 326 33932.1328125 3446.7526855 0.2020999 
1 327 33930.2187500 3444.8937988 0.2021319 
1 328 33927.5937500 3443.0654297 0.2021718 
1 329 33924.3671875 3440.9511719 0.2021942 
1 330 33924.3671875 3440.9511719 0.2021942 
1 331 33921.7382812 3439.4702148 0.2021424 
1 332 33919.5820312 3437.8315430 0.2021657 
1 333 33917.4218750 3436.9753418 0.2021867 
1 334 33915.7578125 3436.3342285 0.2022721 
1 335 33913.0000000 3435.6301270 0.2024089 
1 336 33909.9414062 3434.3110352 0.2024558 
1 337 33907.6328125 3431.8256836 0.2024757 
1 338 33905.6171875 3428.8024902 0.2025438 
1 339 33903.4140625 3426.1811523 0.2025465 
1 340 33901.4687500 3423.8830566 0.2025295 
1 341 33899.0429688 3422.5190430 0.2025385 
1 342 33897.9765625 3422.1899414 0.2024965 
1 343 33898.2343750 3423.0725098 0.2025033 
1 344 33898.9687500 3424.7351074 0.2025150 
1 345 33900.0742188 3426.3659668 0.2025080 
1 346 33900.0234375 3427.3415527 0.2025504 
1 347 33899.7539062 3428.6855469 0.2025855 
1 348 33900.0546875 3430.0527344 0.2025237 
1 349 33899.8515625 3431.1437988 0.2026034 
1 350 33899.0156250 3432.7753906 0.2023954 
1 350 33899.0156250 3432.7753906 0.2023954 
