1 2 37875.1484375 2106.0144043 0.2339088 
1 3 37889.5039062 2114.7524414 0.2332791 
1 4 37904.1523438 2123.5358887 0.2328286 
1 5 37904.1523438 2123.5358887 0.2328286 
1 6 37918.4843750 2134.2402344 0.2319897 
1 7 37933.0039062 2142.8723145 0.2311985 
1 8 37933.4453125 2140.2365723 0.2311985 
1 9 37936.0273438 2138.7958984 0.2311985 
1 10 37940.0585938 2138.8457031 0.2311985 
1 11 37943.6054688 2140.2072754 0.2311985 
1 12 37946.2851562 2143.1628418 0.2311985 
1 13 37949.0859375 2147.0815430 0.2311985 
1 14 37953.3085938 2151.8476562 0.2311985 
1 15 37957.0234375 2157.7990723 0.2311985 
1 16 37961.1679688 2163.0363770 0.2311985 
1 17 37967.0156250 2168.5236816 0.2311985 
1 18 37973.0390625 2172.9133301 0.2311985 
1 19 37980.5351562 2176.7763672 0.2311985 
1 20 37988.4492188 2180.6152344 0.2311985 
1 21 37995.8554688 2182.6757812 0.2311985 
1 22 38003.2500000 2184.0498047 0.2311985 
1 23 38011.0742188 2182.6230469 0.2311985 
1 24 38019.7187500 2178.7321777 0.2311985 
1 25 38029.2812500 2172.2026367 0.2311985 
1 26 38036.8203125 2163.3818359 0.2311985 
1 27 38043.0156250 2152.1054688 0.2311985 
1 28 38048.4687500 2140.4240723 0.2311985 
1 29 38054.5820312 2130.1442871 0.2311985 
1 30 38059.9648438 2121.0981445 0.2311985 
1 31 38066.8945312 2114.0163574 0.2311985 
1 32 38076.0585938 2109.9802246 0.2311985 
1 33 38086.3203125 2107.7460938 0.2311985 
1 34 38098.4218750 2107.9765625 0.2311985 
1 35 38110.8320312 2109.0578613 0.2311985 
1 36 38122.6289062 2110.8881836 0.2311985 
1 37 38133.8906250 2112.9377441 0.2311985 
1 38 38143.7968750 2115.1809082 0.2311985 
1 39 38152.5625000 2117.1540527 0.2311985 
1 40 38159.8359375 2118.8906250 0.2311985 
1 41 38166.2382812 2120.4184570 0.2311985 
1 42 38171.4296875 2121.5139160 0.2311985 
1 43 38176.0000000 2122.4780273 0.2311985 
1 44 38180.0234375 2122.8872070 0.2311985 
1 45 38183.9648438 2123.2407227 0.2311985 
1 46 38187.4375000 2123.5341797 0.2311985 
1 47 38190.0507812 2123.7919922 0.2311985 
1 48 38192.3515625 2123.5800781 0.2311985 
1 49 38193.9414062 2123.3933105 0.2311985 
1 50 38193.5781250 2122.3503418 0.2311985 
1 51 38191.9453125 2120.9934082 0.2311985 
1 52 38190.0625000 2120.2385254 0.2311985 
1 53 38188.4101562 2119.5732422 0.2311985 
1 54 38186.9570312 2118.5488281 0.2311985 
1 55 38185.6757812 2117.6469727 0.2311985 
1 56 38184.5507812 2116.4143066 0.2311985 
1 57 38184.0000000 2115.3293457 0.2311985 
1 58 38183.9531250 2114.3747559 0.2311985 
1 59 38185.2304688 2113.5349121 0.2311985 
1 60 38188.1093750 2112.7956543 0.2311985 
1 61 38192.8437500 2112.1450195 0.2311985 
1 62 38199.2031250 2110.6940918 0.2311985 
1 63 38206.5546875 2108.5385742 0.2311985 
1 64 38215.2226562 2106.2026367 0.2311985 
1 65 38223.7265625 2103.2683105 0.2311985 
1 66 38232.9726562 2100.6860352 0.2311985 
1 67 38241.9843750 2098.4135742 0.2311985 
1 68 38249.9140625 2095.9746094 0.2311985 
1 69 38255.1328125 2093.3894043 0.2311985 
1 70 38257.0937500 2090.6716309 0.2311985 
1 71 38256.6171875 2087.4016113 0.2311985 
1 72 38255.3242188 2084.5239258 0.2311985 
1 73 38254.6250000 2081.5522461 0.2311985 
1 74 38254.8867188 2079.3764648 0.2311985 
1 75 38253.8007812 2078.3403320 0.2311985 
1 76 38251.5273438 2077.8679199 0.2311985 
1 77 38250.4062500 2078.7697754 0.2311985 
1 78 38246.7812500 2080.0029297 0.2311985 
1 79 38238.3242188 2081.5273438 0.2311985 
1 80 38230.8789062 2082.8686523 0.2311985 
1 81 38224.3281250 2084.9277344 0.2311985 
1 82 38218.1250000 2087.6181641 0.2311985 
1 83 38211.3476562 2090.4250488 0.2311985 
1 84 38204.5039062 2093.7736816 0.2311985 
1 85 38197.1640625 2096.7204590 0.2311985 
1 86 38187.6328125 2099.3137207 0.2311985 
1 87 38177.0468750 2102.0349121 0.2311985 
1 88 38166.8515625 2104.8688965 0.2311985 
1 89 38157.4414062 2107.8022461 0.2311985 
1 90 38149.1601562 2110.8225098 0.2311985 
1 91 38143.1914062 2113.4807129 0.2311985 
1 92 38140.5742188 2115.3803711 0.2311985 
1 93 38141.9687500 2116.6135254 0.2311985 
1 94 38146.7148438 2117.6984863 0.2311985 
1 95 38153.9609375 2118.2141113 0.2311985 
1 96 38161.2148438 2118.6679688 0.2311985 
1 97 38166.7226562 2118.1887207 0.2311985 
1 98 38170.6914062 2117.3278809 0.2311985 
1 99 38172.8632812 2117.4487305 0.2311985 
1 100 38173.4609375 2119.3122559 0.2311985 
1 101 38172.2265625 2122.7094727 0.2311985 
1 102 38169.3828125 2127.4558105 0.2311985 
1 103 38165.5664062 2133.3898926 0.2311985 
1 104 38161.3242188 2139.9296875 0.2311985 
1 105 38157.5937500 2145.6845703 0.2311985 
1 106 38153.4335938 2151.6279297 0.2311985 
1 107 38148.8906250 2157.7363281 0.2311985 
1 108 38144.5039062 2163.9836426 0.2311985 
1 109 38140.2031250 2170.3596191 0.2311985 
1 110 38136.4218750 2175.9707031 0.2311985 
1 111 38133.0898438 2180.9082031 0.2311985 
1 112 38131.0390625 2185.2534180 0.2311985 
1 113 38130.5507812 2189.0769043 0.2311985 
1 114 38131.0000000 2192.4418945 0.2311985 
1 115 38132.2734375 2195.4030762 0.2311985 
1 116 38133.8359375 2198.0087891 0.2311985 
1 117 38135.2070312 2200.3017578 0.2311985 
1 118 38136.8554688 2202.3195801 0.2311985 
1 119 38139.1835938 2202.7775879 0.2311985 
1 120 38142.1132812 2202.7412109 0.2311985 
1 121 38145.1250000 2202.7094727 0.2311985 
1 122 38146.9023438 2202.2421875 0.2311985 
1 123 38147.5820312 2201.8979492 0.2311985 
1 124 38147.3046875 2201.5952148 0.2311985 
1 125 38146.1796875 2201.3286133 0.2311985 
1 126 38145.1914062 2201.0942383 0.2311985 
1 127 38143.4453125 2201.3259277 0.2311985 
1 128 38141.4687500 2201.9692383 0.2311985 
1 129 38139.7265625 2203.8530273 0.2311985 
1 130 38138.1953125 2205.5109863 0.2311985 
1 131 38136.8476562 2207.8486328 0.2311985 
1 132 38136.1015625 2209.9055176 0.2311985 
1 133 38136.7617188 2212.1550293 0.2311985 
1 134 38138.2226562 2215.0131836 0.2311985 
1 135 38139.9453125 2217.9675293 0.2311985 
1 136 38141.9023438 2221.4458008 0.2311985 
1 137 38143.6250000 2224.9465332 0.2311985 
1 138 38145.1406250 2228.8898926 0.2311985 
1 139 38146.4726562 2232.7993164 0.2311985 
1 140 38147.2070312 2236.6789551 0.2311985 
1 141 38147.8554688 2240.5322266 0.2311985 
1 142 38148.4218750 2243.9230957 0.2311985 
1 143 38148.9218750 2246.9072266 0.2311985 
1 144 38149.3632812 2249.0937500 0.2311985 
1 145 38149.7578125 2250.5773926 0.2311985 
1 146 38150.5429688 2251.0043945 0.2311985 
1 147 38151.6757812 2250.5017090 0.2311985 
1 148 38153.5507812 2249.1806641 0.2311985 
1 149 38156.0781250 2247.1396484 0.2311985 
1 150 38159.6210938 2244.4650879 0.2311985 
1 151 38163.6171875 2241.6721191 0.2311985 
1 152 38168.4492188 2238.7751465 0.2311985 
1 153 38173.5820312 2235.7866211 0.2311985 
1 154 38178.5390625 2232.7172852 0.2311985 
1 155 38182.8984375 2230.0163574 0.2311985 
1 156 38187.1757812 2228.0693359 0.2311985 
1 157 38191.3789062 2226.7951660 0.2311985 
1 158 38195.5156250 2226.1132812 0.2311985 
1 159 38199.1601562 2225.9523926 0.2311985 
1 160 38202.3671875 2226.6894531 0.2311985 
1 161 38205.1875000 2228.2165527 0.2311985 
1 162 38207.2304688 2230.4389648 0.2311985 
1 163 38208.1484375 2233.2734375 0.2311985 
1 164 38208.0781250 2236.6459961 0.2311985 
1 165 38207.5742188 2240.4926758 0.2311985 
1 166 38207.1328125 2244.3168945 0.2311985 
1 167 38206.7460938 2248.1215820 0.2311985 
1 168 38205.9648438 2251.4697266 0.2311985 
1 169 38205.2773438 2254.4160156 0.2311985 
1 170 38205.5507812 2257.0097656 0.2311985 
1 171 38207.1132812 2259.7314453 0.2311985 
1 172 38210.6796875 2262.5659180 0.2311985 
1 173 38216.0195312 2265.4985352 0.2311985 
1 174 38222.0351562 2268.5187988 0.2311985 
1 175 38229.0781250 2271.1721191 0.2311985 
1 176 38236.5976562 2273.5068359 0.2311985 
1 177 38244.0898438 2275.5612793 0.2311985 
1 178 38250.6835938 2277.3693848 0.2311985 
1 179 38256.0468750 2278.9604492 0.2311985 
1 180 38260.7656250 2280.3608398 0.2311985 
1 181 38264.4804688 2281.5927734 0.2311985 
1 182 38266.8671875 2283.0007324 0.2311985 
1 183 38268.0859375 2284.2395020 0.2311985 
1 184 38267.8437500 2285.3298340 0.2311985 
1 185 38266.7539062 2286.2893066 0.2311985 
1 186 38264.9140625 2287.1337891 0.2311985 
1 187 38262.8554688 2287.8764648 0.2311985 
1 188 38261.0429688 2288.0910645 0.2311985 
1 189 38259.8867188 2288.2797852 0.2311985 
1 190 38259.9414062 2288.4494629 0.2311985 
1 191 38261.3046875 2289.0380859 0.2311985 
1 192 38264.2656250 2289.9953613 0.2311985 
1 193 38269.0664062 2291.2770996 0.2311985 
1 194 38275.4843750 2292.4047852 0.2311985 
1 195 38283.3281250 2293.8364258 0.2311985 
1 196 38291.9882812 2295.5354004 0.2311985 
1 197 38300.9296875 2297.0332031 0.2311985 
1 198 38310.1132812 2298.3513184 0.2311985 
1 199 38319.0781250 2299.5112305 0.2311985 
1 200 38327.8437500 2300.5319824 0.2311985 
1 201 38335.5546875 2301.4299316 0.2311985 
1 202 38341.9023438 2302.2202148 0.2311985 
1 203 38347.0468750 2302.4763184 0.2311985 
1 204 38351.1367188 2302.2624512 0.2311985 
1 205 38354.7343750 2302.0742188 0.2311985 
1 206 38357.4648438 2302.3479004 0.2311985 
1 207 38359.4218750 2302.5886230 0.2311985 
1 208 38360.7109375 2302.8005371 0.2311985 
1 209 38361.8437500 2302.9870605 0.2311985 
1 210 38362.8398438 2303.1511230 0.2311985 
1 211 38364.1562500 2303.2954102 0.2311985 
1 212 38365.7500000 2303.4226074 0.2311985 
1 213 38367.1562500 2303.5520020 0.2311985 
1 214 38368.3945312 2303.6791992 0.2311985 
1 215 38369.4843750 2303.7912598 0.2311985 
1 216 38370.8828125 2303.8896484 0.2311985 
1 217 38372.5507812 2304.4157715 0.2311985 
1 218 38374.4570312 2305.3178711 0.2311985 
1 219 38376.5781250 2306.1118164 0.2311985 
1 220 38378.8789062 2306.8105469 0.2311985 
1 221 38381.7851562 2307.4252930 0.2311985 
1 222 38385.2187500 2307.9663086 0.2311985 
1 223 38389.1210938 2308.4423828 0.2311985 
1 224 38393.4296875 2308.8610840 0.2311985 
1 225 38398.0937500 2309.2294922 0.2311985 
1 226 38402.6445312 2309.5537109 0.2311985 
1 227 38407.0859375 2309.4609375 0.2311985 
1 228 38411.4375000 2308.9399414 0.2311985 
1 229 38415.2656250 2308.4812012 0.2311985 
1 230 38418.6289062 2308.0776367 0.2311985 
1 231 38422.0351562 2307.2832031 0.2311985 
1 232 38425.4687500 2306.1450195 0.2311985 
1 233 38428.9296875 2305.1433105 0.2311985 
1 234 38432.4140625 2304.2617188 0.2311985 
1 235 38435.9218750 2303.4860840 0.2311985 
1 236 38439.4453125 2302.8032227 0.2311985 
1 237 38442.9843750 2302.2026367 0.2311985 
1 238 38446.5390625 2301.6738281 0.2311985 
1 239 38450.1093750 2301.2087402 0.2311985 
1 240 38453.2500000 2300.7993164 0.2311985 
1 241 38456.0117188 2300.4389648 0.2311985 
1 242 38458.4453125 2300.1218262 0.2311985 
1 243 38460.5820312 2299.8430176 0.2311985 
1 244 38462.4648438 2299.5974121 0.2311985 
1 245 38464.1250000 2299.3813477 0.2311985 
1 246 38465.5820312 2299.1914062 0.2311985 
1 247 38466.8671875 2299.0239258 0.2311985 
1 248 38467.9921875 2298.8767090 0.2311985 
1 249 38468.5468750 2298.3078613 0.2311985 
1 250 38468.5976562 2297.3679199 0.2311985 
1 251 38468.1992188 2296.5407715 0.2311985 
1 252 38467.4062500 2295.3735352 0.2311985 
1 253 38466.2734375 2293.9072266 0.2311985 
1 254 38464.8359375 2292.1774902 0.2311985 
1 255 38463.5703125 2290.6552734 0.2311985 
1 256 38462.0156250 2288.8764648 0.2311985 
1 257 38460.2109375 2286.8715820 0.2311985 
1 258 38458.6210938 2284.6682129 0.2311985 
1 259 38457.2226562 2282.7292480 0.2311985 
1 260 38455.9921875 2280.5837402 0.2311985 
1 261 38454.4687500 2278.6953125 0.2311985 
1 262 38452.6914062 2277.0336914 0.2311985 
1 263 38450.6875000 2275.5715332 0.2311985 
1 264 38448.4843750 2274.2846680 0.2311985 
1 265 38445.6679688 2273.1520996 0.2311985 
1 266 38442.7500000 2272.1552734 0.2311985 
1 267 38439.7421875 2271.7175293 0.2311985 
1 268 38436.6562500 2271.7714844 0.2311985 
1 269 38433.9414062 2271.3798828 0.2311985 
1 270 38431.1132812 2271.0153809 0.2311985 
1 271 38428.1835938 2270.6948242 0.2311985 
1 272 38425.1640625 2270.4128418 0.2311985 
1 273 38421.6328125 2270.1643066 0.2311985 
1 274 38418.0859375 2269.9458008 0.2311985 
1 275 38414.5234375 2269.7534180 0.2311985 
1 276 38410.9492188 2269.5839844 0.2311985 
1 277 38407.8046875 2269.4345703 0.2311985 
1 278 38404.5937500 2268.8640137 0.2311985 
1 279 38401.7695312 2268.3618164 0.2311985 
1 280 38399.2851562 2267.9199219 0.2311985 
1 281 38397.0976562 2267.5310059 0.2311985 
1 282 38395.1718750 2267.1887207 0.2311985 
1 283 38393.4804688 2266.8874512 0.2311985 
1 284 38391.5664062 2266.6223145 0.2311985 
1 285 38389.4453125 2266.3889160 0.2311985 
1 286 38387.1367188 2265.7443848 0.2311985 
1 287 38384.6640625 2265.1772461 0.2311985 
1 288 38382.0546875 2264.6777344 0.2311985 
1 289 38378.8750000 2264.2382812 0.2311985 
1 290 38375.1992188 2263.8515625 0.2311985 
1 291 38371.0898438 2263.5112305 0.2311985 
1 292 38367.0312500 2263.2116699 0.2311985 
1 293 38363.4609375 2262.9482422 0.2311985 
1 294 38360.3164062 2262.7163086 0.2311985 
1 295 38357.1132812 2262.9514160 0.2311985 
1 296 38354.2929688 2263.5976562 0.2311985 
1 297 38351.8085938 2264.1662598 0.2311985 
1 298 38349.6250000 2264.6667480 0.2311985 
1 299 38347.7031250 2265.1071777 0.2311985 
1 300 38346.0156250 2265.9340820 0.2311985 
1 301 38344.5273438 2266.6645508 0.2311985 
1 302 38343.6601562 2267.7448730 0.2311985 
1 303 38343.3320312 2268.6958008 0.2311985 
1 304 38343.0429688 2269.5322266 0.2311985 
1 305 38342.7890625 2270.2685547 0.2311985 
1 306 38343.0078125 2270.9165039 0.2311985 
1 307 38343.1992188 2271.4865723 0.2311985 
1 308 38343.3671875 2271.5488281 0.2311985 
1 309 38343.5117188 2271.6037598 0.2311985 
1 310 38343.6406250 2271.6523438 0.2311985 
1 311 38343.7578125 2271.6948242 0.2311985 
1 312 38343.8593750 2271.7321777 0.2311985 
1 313 38343.9453125 2271.7651367 0.2311985 
1 314 38344.0234375 2271.7941895 0.2311985 
1 315 38344.0937500 2271.7963867 0.2311985 
1 316 38344.1523438 2271.7983398 0.2311985 
1 317 38344.2070312 2271.7998047 0.2311985 
1 318 38343.8125000 2271.8015137 0.2311985 
1 319 38343.4687500 2271.8027344 0.2311985 
1 320 38342.7265625 2271.3671875 0.2311985 
1 321 38342.0664062 2270.9838867 0.2311985 
1 322 38341.4882812 2270.6464844 0.2311985 
1 323 38340.9765625 2270.3496094 0.2311985 
1 324 38340.5273438 2270.0883789 0.2311985 
1 325 38339.6914062 2269.8586426 0.2311985 
1 326 38338.5195312 2269.6562500 0.2311985 
1 327 38337.0468750 2269.4780273 0.2311985 
1 328 38335.3125000 2269.3215332 0.2311985 
1 329 38332.9062500 2269.1835938 0.2311985 
1 330 38330.7890625 2269.0622559 0.2311985 
1 331 38328.4882812 2268.9555664 0.2311985 
1 332 38326.0234375 2268.8615723 0.2311985 
1 333 38323.4140625 2268.7790527 0.2311985 
1 334 38320.6796875 2268.7065430 0.2311985 
1 335 38317.8359375 2268.6428223 0.2311985 
1 336 38314.8906250 2268.5869141 0.2311985 
1 337 38311.8593750 2268.5375977 0.2311985 
1 338 38308.3164062 2268.0549316 0.2311985 
1 339 38304.3203125 2267.6301270 0.2311985 
1 340 38300.3593750 2267.2563477 0.2311985 
1 341 38296.4414062 2266.9272461 0.2311985 
1 342 38292.5507812 2266.6379395 0.2311985 
1 343 38289.1289062 2266.3830566 0.2311985 
1 344 38286.5546875 2266.1589355 0.2311985 
1 345 38284.7304688 2265.9616699 0.2311985 
1 346 38283.1250000 2265.7883301 0.2311985 
1 347 38281.7109375 2266.0639648 0.2311985 
1 348 38280.9062500 2266.3068848 0.2311985 
1 349 38280.2031250 2266.5207520 0.2311985 
1 350 38279.5781250 2266.7092285 0.2311985 
1 350 38279.5781250 2266.7092285 0.2311985 
