4 0 14384.14 4095.6006 0.3622988
4 1 14385.417 4096.4604 0.362237
4 2 14386.767 4097.272 0.36218482
4 3 14388.164 4098.021 0.3621448
4 4 14389.616 4098.703 0.3621167
4 5 14391.096 4099.3125 0.36209854
4 6 14392.628 4099.832 0.36208773
4 7 14394.156 4100.229 0.36208165
4 8 14395.599 4100.4546 0.362078
4 9 14396.887 4100.44 0.36207497
4 10 14397.96 4100.0923 0.36207116
4 11 14398.785 4099.2896 0.36206576
4 12 14399.36 4097.8823 0.3620585
4 13 14399.715 4095.7014 0.36204958
4 14 14399.894 4092.5842 0.36203966
4 15 14399.949 4088.4111 0.36202958
4 16 14399.931 4083.149 0.36202013
4 17 14399.888 4076.8806 0.36201194
4 18 14399.792 4069.7861 0.36200532
4 19 14399.722 4062.08 0.36200052
4 20 14399.698 4053.9453 0.36199775
4 21 14399.682 4045.5027 0.36199734
4 22 14399.645 4036.8228 0.36199954
4 23 14399.56 4027.9536 0.36200443
4 24 14399.428 4018.948 0.36201167
4 25 14399.267 4009.8728 0.36202076
4 26 14399.048 4000.8071 0.362031
4 27 14398.771 3991.8315 0.36204174
4 28 14398.472 3983.0188 0.3620524
4 29 14398.114 3974.4268 0.36206275
4 30 14397.808 3966.0967 0.36207286
4 31 14397.558 3958.0564 0.36208287
4 32 14397.336 3950.3245 0.36209264
4 33 14397.17 3942.9087 0.36210138
4 34 14397.061 3935.8035 0.36210784
4 35 14397.008 3928.9863 0.36211094
4 36 14397.015 3922.4233 0.36211076
4 37 14397.045 3916.0842 0.36210924
4 38 14397.04 3909.9592 0.36211
4 39 14397.008 3904.0664 0.36211744
4 40 14396.92 3898.4492 0.36213487
4 41 14396.836 3893.162 0.36216277
4 42 14396.79 3888.2612 0.3621982
4 43 14396.771 3883.801 0.3622361
4 44 14396.834 3879.8347 0.36227122
4 45 14396.952 3876.4104 0.36229962
4 46 14397.139 3873.5603 0.36231923
4 47 14397.394 3871.2888 0.3623291
4 48 14397.701 3869.5652 0.3623287
4 49 14398.055 3868.325 0.36231774
4 50 14398.434 3867.4814 0.3622962
4 51 14398.822 3866.9407 0.36226487
4 52 14399.186 3866.6152 0.36222547
4 53 14399.502 3866.4336 0.3621805
4 54 14399.769 3866.3433 0.36213264
4 55 14399.978 3866.3054 0.36208415
4 56 14400.186 3866.2852 0.36203647
4 57 14400.37 3866.303 0.3619901
4 58 14400.504 3866.2844 0.36194515
4 59 14400.591 3866.2285 0.36190152
4 60 14400.626 3866.1543 0.3618592
4 61 14400.611 3866.0464 0.36181846
4 62 14400.6455 3865.9324 0.36178046
4 63 14400.731 3865.8513 0.361748
4 64 14400.799 3865.7893 0.361726
4 65 14400.792 3865.7463 0.3617202
4 66 14400.668 3865.668 0.3617347
4 67 14400.4 3865.5508 0.36176908
4 68 14399.982 3865.3938 0.36181813
4 69 14399.42 3865.2178 0.3618736
4 70 14398.716 3865.0056 0.36192772
4 71 14397.855 3864.7598 0.36197633
4 72 14396.797 3864.4834 0.36202002
4 73 14395.4795 3864.1733 0.36206302
4 74 14393.831 3863.8445 0.3621097
4 75 14391.786 3863.4797 0.3621607
4 76 14389.296 3863.0994 0.362211
4 77 14386.332 3862.754 0.36225098
4 78 14382.8955 3862.4424 0.3622701
4 79 14379.017 3862.1606 0.36226034
4 80 14374.755 3861.9102 0.36221898
4 81 14370.199 3861.6746 0.36214876
4 82 14365.454 3861.4504 0.36205673
4 83 14360.617 3861.194 0.36195165
4 84 14355.752 3860.9023 0.3618414
4 85 14350.973 3860.631 0.36173093
4 86 14346.241 3860.3787 0.36162165
4 87 14341.531 3860.1616 0.36151212
4 88 14336.758 3859.9795 0.36139956
4 89 14331.833 3859.8333 0.3612815
4 90 14326.666 3859.7244 0.3611569
4 91 14321.194 3859.6343 0.3610265
4 92 14315.403 3859.5808 0.36089244
4 93 14309.336 3859.5615 0.36075807
4 94 14303.075 3859.575 0.36062735
4 95 14296.711 3859.6187 0.3605046
4 96 14290.315 3859.628 0.36039394
4 97 14283.86 3859.6016 0.3602986
4 98 14277.386 3859.5586 0.36022055
4 99 14270.852 3859.4856 0.36016038
4 100 14264.4375 3859.4458 0.3601175
4 101 14258.216 3859.44 0.36009043
4 102 14252.293 3859.4536 0.3600772
4 103 14246.73 3859.5056 0.36007583
4 104 14241.543 3859.5684 0.36008465
4 105 14236.706 3859.6147 0.36010227
4 106 14232.184 3859.6343 0.36012763
4 107 14227.94 3859.6682 0.3601598
4 108 14223.956 3859.7024 0.3601981
4 109 14220.232 3859.7568 0.36024207
4 110 14216.797 3859.8074 0.36029127
4 111 14213.702 3859.8342 0.360345
4 112 14211.012 3859.8428 0.3604019
4 113 14208.782 3859.8171 0.36045998
4 114 14207.045 3859.7754 0.3605175
4 115 14205.799 3859.769 0.36057344
4 116 14205.019 3859.7966 0.3606277
4 117 14204.662 3859.8582 0.360681
4 118 14204.684 3859.9365 0.36073405
4 119 14205.034 3860.0488 0.3607874
4 120 14205.678 3860.195 0.36084124
4 121 14206.607 3860.3088 0.3608958
4 122 14207.856 3860.3904 0.36095172
4 123 14209.488 3860.421 0.36100996
4 124 14211.575 3860.4155 0.36107132
4 125 14214.163 3860.3743 0.36113596
4 126 14217.256 3860.2964 0.36120355
4 127 14220.814 3860.1826 0.36127385
4 128 14224.775 3860.0347 0.36134753
4 129 14229.068 3859.8699 0.3614258
4 130 14233.623 3859.6719 0.36150968
4 131 14238.369 3859.4404 0.3615989
4 132 14243.231 3859.226 0.3616917
4 133 14248.134 3859.0444 0.3617851
4 134 14253.007 3858.881 0.36187574
4 135 14257.724 3858.7522 0.3619606
4 136 14262.1875 3858.625 0.3620377
4 137 14266.317 3858.461 0.36210677
4 138 14270.065 3858.309 0.36216938
4 139 14273.425 3858.1365 0.36222857
4 140 14276.431 3857.9473 0.3622878
4 141 14279.149 3857.7932 0.36234978
4 142 14281.66 3857.6763 0.3624161
4 143 14284.029 3857.594 0.36248702
4 144 14286.301 3857.547 0.36256218
4 145 14288.507 3857.519 0.3626408
4 146 14290.664 3857.4915 0.3627214
4 147 14292.821 3857.4404 0.36280048
4 148 14295.066 3857.3699 0.36287165
4 149 14297.474 3857.319 0.3629271
4 150 14300.106 3857.2808 0.36296138
4 151 14302.994 3857.2773 0.36297473
4 152 14306.135 3857.309 0.362974
4 153 14309.502 3857.3547 0.3629701
4 154 14313.061 3857.3938 0.36297423
4 155 14316.772 3857.3958 0.36299407
4 156 14320.611 3857.3606 0.363033
4 157 14324.563 3857.3066 0.36309102
4 158 14328.637 3857.2153 0.36316687
4 159 14332.852 3857.0874 0.36325973
4 160 14337.223 3856.951 0.36336985
4 161 14341.748 3856.7979 0.36349732
4 162 14346.402 3856.6074 0.36364007
4 163 14351.15 3856.3958 0.3637917
4 164 14355.959 3856.1472 0.363942
4 165 14360.791 3855.931 0.36408097
4 166 14365.593 3855.729 0.36420432
4 167 14370.304 3855.5635 0.36431515
4 168 14374.868 3855.3757 0.36441797
4 169 14379.262 3855.1523 0.364509
4 170 14383.507 3854.967 0.36457163
4 171 14387.656 3854.8396 0.364583
4 172 14391.773 3854.7954 0.36452746
4 173 14395.85 3854.838 0.36440688
4 174 14399.952 3854.9512 0.36424032
4 175 14404.049 3855.1091 0.36405557
4 176 14408.162 3855.2825 0.36387885
4 177 14412.353 3855.4673 0.36372793
4 178 14416.612 3855.6155 0.36361068
4 179 14420.988 3855.7468 0.36352697
4 180 14425.535 3855.8472 0.3634721
4 181 14430.31 3855.9666 0.36343962
4 182 14435.354 3856.1057 0.36342335
4 183 14440.676 3856.2832 0.36341822
4 184 14446.247 3856.472 0.36342058
4 185 14452.006 3856.6265 0.36342824
4 186 14457.879 3856.7441 0.36344016
4 187 14463.791 3856.8423 0.36345595
4 188 14469.778 3856.902 0.36347553
4 189 14475.842 3856.9275 0.3634988
4 190 14482.062 3856.9243 0.3635256
4 191 14488.5205 3856.897 0.3635556
4 192 14495.266 3856.8633 0.3635883
4 193 14502.283 3856.8586 0.36362278
4 194 14509.51 3856.8777 0.36365768
4 195 14516.885 3856.9097 0.36369145
4 196 14524.407 3856.906 0.36372292
4 197 14532.154 3856.8862 0.36375177
4 198 14540.251 3856.885 0.36377862
4 199 14548.813 3856.9014 0.36380467
4 200 14557.905 3856.9495 0.36383095
4 201 14567.5205 3857.0325 0.36385798
4 202 14577.58 3857.1096 0.3638855
4 203 14587.938 3857.1724 0.36391264
4 204 14598.425 3857.2026 0.36393857
4 205 14608.851 3857.1938 0.3639626
4 206 14619.026 3857.1455 0.36398458
4 207 14628.822 3857.0813 0.36400458
4 208 14638.187 3856.9983 0.36402258
4 209 14647.143 3856.9546 0.36403838
4 210 14655.775 3856.9497 0.36405197
4 211 14664.204 3856.962 0.36406392
4 212 14672.539 3856.9812 0.3640758
4 213 14680.849 3857.0002 0.3640898
4 214 14689.25 3857.0056 0.36410797
4 215 14697.729 3856.9846 0.36413166
4 216 14706.276 3856.9773 0.36416098
4 217 14714.824 3856.9468 0.36419502
4 218 14723.253 3856.9028 0.36423182
4 219 14731.43 3856.875 0.36426878
4 220 14739.261 3856.8806 0.3643025
4 221 14746.73 3856.924 0.3643293
4 222 14753.902 3856.9897 0.3643463
4 223 14760.886 3857.0667 0.36435258
4 224 14767.772 3857.169 0.36434984
4 225 14774.626 3857.3018 0.3643412
4 226 14781.552 3857.4487 0.36432964
4 227 14788.581 3857.5813 0.364317
4 228 14795.762 3857.6807 0.36430413
4 229 14803.118 3857.764 0.36429158
4 230 14810.645 3857.813 0.36428005
4 231 14818.298 3857.827 0.36427015
4 232 14826.019 3857.8074 0.36426228
4 233 14833.728 3857.756 0.3642565
4 234 14841.326 3857.711 0.36425284
4 235 14848.738 3857.6865 0.3642516
4 236 14855.917 3857.6475 0.3642535
4 237 14862.852 3857.6338 0.36425945
4 238 14869.573 3857.6511 0.36427033
4 239 14876.143 3857.6753 0.36428666
4 240 14882.622 3857.717 0.3643086
4 241 14889.071 3857.79 0.36433613
4 242 14895.53 3857.893 0.3643691
4 243 14902.005 3857.9678 0.36440688
4 244 14908.409 3858.0115 0.36444837
4 245 14914.721 3858.0198 0.36449155
4 246 14920.984 3858.0103 0.36453375
4 247 14927.268 3858.0127 0.3645715
4 248 14933.717 3858.0334 0.36460093
4 249 14940.419 3858.0938 0.36461836
4 250 14947.395 3858.136 0.36462155
4 251 14954.585 3858.1384 0.3646109
4 252 14961.883 3858.1206 0.3645898
4 253 14969.171 3858.1035 0.36456344
4 254 14976.36 3858.1218 0.3645365
4 255 14983.402 3858.1067 0.36451164
4 256 14990.284 3858.1113 0.36448953
4 257 14997.016 3858.15 0.36446992
4 258 15003.608 3858.2258 0.36445248
4 259 15010.072 3858.3193 0.36443728
4 260 15016.412 3858.4468 0.3644247
4 261 15022.629 3858.5532 0.36441523
4 262 15028.724 3858.6438 0.36440954
4 263 15034.701 3858.7207 0.36440825
4 264 15040.579 3858.7827 0.36441192
4 265 15046.383 3858.8667 0.3644207
4 266 15052.156 3858.9236 0.3644343
4 267 15057.878 3858.9553 0.36445186
4 268 15063.634 3859.019 0.3644721
4 269 15069.365 3859.1208 0.36449355
4 270 15075.077 3859.2432 0.3645149
4 271 15080.739 3859.37 0.3645351
4 272 15086.4375 3859.4587 0.36455357
4 273 15092.234 3859.5093 0.3645703
4 274 15098.184 3859.544 0.3645857
4 275 15104.328 3859.5435 0.3646006
4 276 15110.707 3859.5425 0.3646161
4 277 15117.366 3859.5562 0.36463326
4 278 15124.359 3859.598 0.3646528
4 279 15131.743 3859.6719 0.36467507
4 280 15139.561 3859.7627 0.3646999
4 281 15147.831 3859.8572 0.364727
4 282 15156.547 3859.9692 0.36475587
4 283 15165.675 3860.1035 0.36478612
4 284 15175.172 3860.2007 0.36481744
4 285 15184.993 3860.274 0.3648497
4 286 15195.1045 3860.3596 0.364883
4 287 15205.487 3860.4414 0.36491784
4 288 15216.127 3860.5037 0.36495468
4 289 15227.007 3860.5474 0.36499384
4 290 15238.086 3860.6218 0.36503506
4 291 15249.298 3860.7344 0.36507758
4 292 15260.523 3860.8765 0.36512038
4 293 15271.617 3861.0325 0.36516252
4 294 15282.476 3861.2263 0.36520317
4 295 15293.08 3861.3833 0.36524165
4 296 15303.519 3861.5212 0.36527747
4 297 15313.957 3861.6338 0.36531055
4 298 15324.567 3861.7324 0.36534125
4 299 15335.468 3861.8364 0.36537018
4 300 15346.694 3861.9268 0.36539775
4 301 15358.198 3862.0034 0.36542362
4 302 15369.862 3862.0503 0.36544684
4 303 15381.525 3862.0698 0.3654667
4 304 15393.013 3862.0535 0.36548373
4 305 15404.162 3862.0193 0.36549982
4 306 15414.861 3861.9475 0.36551774
4 307 15425.063 3861.8394 0.36553988
4 308 15434.798 3861.7598 0.3655674
4 309 15444.155 3861.7112 0.3656
4 310 15453.257 3861.6929 0.36563635
4 311 15462.239 3861.7056 0.36567497
4 312 15471.244 3861.7527 0.36571464
4 313 15480.416 3861.8372 0.36575466
4 314 15489.893 3861.9407 0.36579475
4 315 15499.783 3862.0823 0.3658347
4 316 15510.132 3862.2598 0.36587435
4 317 15520.884 3862.47 0.3659132
4 318 15531.891 3862.681 0.36595017
4 319 15542.978 3862.9263 0.36598307
4 320 15553.974 3863.1902 0.3660086
4 321 15564.846 3863.483 0.36602315
4 322 15575.597 3863.747 0.3660243
4 323 15586.236 3863.9797 0.3660124
4 324 15596.739 3864.1968 0.36599106
4 325 15607.033 3864.4175 0.36596587
4 326 15617.021 3864.6538 0.36594278
4 327 15626.603 3864.8652 0.36592653
4 328 15635.701 3865.0452 0.36592013
4 329 15644.271 3865.1746 0.365925
4 330 15652.296 3865.263 0.36594158
4 331 15659.774 3865.2903 0.36596966
4 332 15666.724 3865.243 0.36600852
4 333 15673.183 3865.1191 0.36605692
4 334 15679.224 3864.9307 0.36611316
4 335 15684.957 3864.6997 0.36617538
4 336 15690.518 3864.454 0.36624184
4 337 15696.027 3864.1855 0.36631137
4 338 15701.634 3863.9531 0.36638352
4 339 15707.373 3863.7393 0.3664585
4 340 15713.269 3863.5583 0.36653656
4 341 15719.299 3863.3943 0.36661783
4 342 15725.387 3863.2573 0.36670223
4 343 15731.491 3863.1375 0.36678952
4 344 15737.479 3863.0112 0.36687917
4 345 15743.29 3862.9158 0.36697027
4 346 15748.925 3862.8577 0.36706212
4 347 15754.439 3862.8394 0.3671547
4 348 15759.912 3862.8552 0.36724827
4 349 15765.455 3862.901 0.36734235
4 350 15771.0625 3862.9626 0.3674342
4 351 15776.734 3863.0535 0.36751857
4 352 15782.4375 3863.1074 0.36758927
4 353 15788.199 3863.1287 0.3676422
4 354 15793.957 3863.1177 0.36767754
4 355 15799.706 3863.0913 0.36770007
4 356 15805.473 3863.104 0.3677174
4 357 15811.308 3863.1519 0.3677372
4 358 15817.226 3863.2192 0.36776516
4 359 15823.278 3863.3242 0.36780393
4 360 15829.505 3863.4634 0.36785352
4 361 15835.913 3863.6187 0.36791244
4 362 15842.477 3863.7935 0.36797884
4 363 15849.143 3863.9475 0.3680512
4 364 15855.822 3864.0808 0.36812836
4 365 15862.4375 3864.2004 0.3682094
4 366 15868.943 3864.3062 0.36829343
4 367 15875.29 3864.3804 0.3683795
4 368 15881.423 3864.4175 0.36846662
4 369 15887.281 3864.4766 0.36855382
4 370 15892.814 3864.518 0.36864048
4 371 15898.006 3864.546 0.36872658
4 372 15902.888 3864.599 0.36881247
4 373 15907.537 3864.6523 0.36885256
4 374 15912.046 3864.7434 0.3688913
4 375 15916.508 3864.8733 0.36892843
4 376 15921.035 3864.9814 0.36896425
4 377 15925.665 3865.0557 0.36899933
4 378 15930.45 3865.1108 0.3690344
4 379 15935.427 3865.148 0.3690705
4 380 15940.605 3865.22 0.36910847
4 381 15945.967 3865.3293 0.36914885
4 382 15951.463 3865.458 0.36919162
4 383 15957.012 3865.6257 0.36923602
4 384 15962.562 3865.8267 0.369281
4 385 15967.999 3866.0583 0.36932522
4 386 15973.269 3866.2556 0.3693675
4 387 15978.352 3866.434 0.3694069
4 388 15983.274 3866.6165 0.36944285
4 389 15988.1045 3866.7808 0.3694752
4 390 15992.931 3866.9392 0.36950406
4 391 15997.843 3867.1304 0.3695297
4 392 16002.894 3867.3381 0.36955217
4 393 16008.084 3867.5813 0.3695715
4 394 16013.371 3867.8628 0.36958787
4 395 16018.691 3868.181 0.369602
4 396 16024.055 3868.4731 0.3696154
4 397 16029.509 3868.7285 0.36963087
4 398 16035.081 3868.965 0.36965266
4 399 16040.822 3869.179 0.36968657
4 400 16046.75 3869.4072 0.36973953
4 401 16052.8545 3869.6084 0.36981863
4 402 16059.12 3869.778 0.3699292
4 403 16065.555 3869.914 0.37007165
4 404 16072.208 3870.032 0.37023678
4 405 16079.172 3870.1348 0.37040177
4 406 16086.528 3870.2922 0.37053254
4 407 16094.29 3870.5276 0.3705946
4 408 16102.369 3870.8538 0.37056792
4 409 16110.598 3871.2607 0.37045622
4 410 16118.777 3871.7205 0.37028444
4 411 16126.741 3872.1982 0.3700874
4 412 16134.392 3872.6414 0.36989754
4 413 16141.713 3873.0488 0.36973736
4 414 16148.757 3873.436 0.36961737
4 415 16155.607 3873.7837 0.36953843
4 416 16162.345 3874.0964 0.36949503
4 417 16169.007 3874.412 0.36947873
4 418 16175.583 3874.7458 0.36948052
4 419 16182.036 3875.0627 0.3694927
4 420 16188.336 3875.3477 0.36950988
4 421 16194.511 3875.5972 0.36952892
4 422 16200.638 3875.8071 0.36954865
4 423 16206.836 3876.049 0.36956877
4 424 16213.22 3876.3252 0.3695892
4 425 16219.855 3876.635 0.36960983
4 426 16226.759 3876.9756 0.36963055
4 427 16233.903 3877.3328 0.36965153
4 428 16241.239 3877.7068 0.36967307
4 429 16248.698 3878.0513 0.36969543
4 430 16256.222 3878.3784 0.36971858
4 431 16263.739 3878.6729 0.36974242
4 432 16271.162 3878.9512 0.36976692
4 433 16278.426 3879.1948 0.36979207
4 434 16285.489 3879.4006 0.36981776
4 435 16292.333 3879.5737 0.3698435
4 436 16298.958 3879.742 0.36986816
4 437 16305.368 3879.9092 0.36988991
4 438 16311.5625 3880.1099 0.36990696
4 439 16317.525 3880.3083 0.3699182
4 440 16323.225 3880.4727 0.369924
4 441 16328.616 3880.6025 0.36992627
4 442 16333.654 3880.6792 0.36992785
4 443 16338.295 3880.7231 0.36993152
4 444 16342.511 3880.7305 0.36993948
4 445 16346.299 3880.7043 0.36995304
4 446 16349.689 3880.6465 0.3699731
4 447 16352.742 3880.5574 0.37000027
4 448 16355.535 3880.4526 0.37003493
4 449 16358.149 3880.3176 0.3700764
4 450 16360.652 3880.1558 0.37012273
4 451 16363.093 3880.0159 0.3701712
4 452 16365.513 3879.914 0.37021872
4 453 16367.926 3879.8108 0.37026277
4 454 16370.286 3879.6716 0.37030146
4 455 16372.588 3879.516 0.3703336
4 456 16374.861 3879.3267 0.37035877
4 457 16377.083 3879.138 0.37037724
4 458 16379.267 3878.9856 0.37039
4 459 16381.422 3878.8398 0.37039834
4 460 16383.588 3878.7192 0.37040353
4 461 16385.807 3878.6333 0.3704064
4 462 16388.08 3878.5823 0.37040752
4 463 16390.379 3878.5493 0.37040743
4 464 16392.727 3878.5515 0.37040642
4 465 16395.084 3878.5564 0.37040463
4 466 16397.367 3878.5237 0.37040207
4 467 16399.6 3878.4734 0.37039876
4 468 16401.766 3878.3833 0.37039503
4 469 16403.844 3878.31 0.37039137
4 470 16405.81 3878.276 0.3703881
4 471 16407.652 3878.259 0.37038505
4 472 16409.365 3878.2031 0.37038153
4 473 16410.955 3878.1648 0.3703764
4 474 16412.424 3878.1594 0.3703687
4 475 16413.771 3878.1494 0.37035817
4 476 16414.992 3878.1006 0.3703457
4 477 16416.078 3878.0237 0.37033334
4 478 16417.021 3877.898 0.37032387
4 479 16417.816 3877.7341 0.37032023
4 480 16418.467 3877.514 0.37032446
4 481 16418.982 3877.2212 0.37033692
4 482 16419.379 3876.8442 0.37035614
4 483 16419.684 3876.3765 0.37037933
4 484 16419.924 3875.8171 0.37040317
4 485 16420.115 3875.1697 0.37042457
4 486 16420.262 3874.4382 0.37044087
4 487 16420.357 3873.6233 0.37045017
4 488 16420.402 3872.7202 0.37045136
4 489 16420.396 3871.72 0.3704446
4 490 16420.363 3870.615 0.37043107
4 491 16420.281 3869.4082 0.3704127
4 492 16420.154 3868.1233 0.37039158
4 493 16420.064 3866.795 0.37036937
4 494 16420.027 3865.4756 0.37034744
4 495 16420.043 3864.2332 0.37032667
4 496 16420.107 3863.1196 0.37030792
4 497 16420.2 3862.167 0.37029186
4 498 16420.348 3861.3857 0.3702789
4 499 16420.467 3860.768 0.3702692
4 500 16420.564 3860.2954 0.3702625
4 501 16420.643 3859.9456 0.37025824
4 502 16420.771 3859.6973 0.37025574
4 503 16420.906 3859.5305 0.37025446
4 504 16421.02 3859.4272 0.3702542
4 505 16421.09 3859.3672 0.3702551
4 506 16421.105 3859.3408 0.37025774
4 507 16421.088 3859.3481 0.37026274
4 508 16421.102 3859.3716 0.37027073
4 509 16421.07 3859.3896 0.37028188
4 510 16421.018 3859.409 0.37029588
4 511 16421.008 3859.4307 0.37031192
4 512 16421.057 3859.4187 0.37032896
4 513 16421.156 3859.4072 0.37034604
4 514 16421.307 3859.379 0.37036252
4 515 16421.512 3859.3389 0.37037808
4 516 16421.771 3859.3064 0.37039238
4 517 16422.059 3859.2869 0.37040493
4 518 16422.404 3859.2822 0.37041503
4 519 16422.809 3859.312 0.370422
4 520 16423.27 3859.3606 0.37042555
4 521 16423.787 3859.4224 0.3704261
4 522 16424.299 3859.4868 0.37042448
4 523 16424.81 3859.5159 0.3704218
4 524 16425.373 3859.529 0.37041885
4 525 16425.99 3859.5398 0.37041596
4 526 16426.674 3859.5679 0.37041283
4 527 16427.445 3859.6309 0.37040877
4 528 16428.338 3859.7178 0.37040308
4 529 16429.395 3859.8372 0.37039542
4 530 16430.67 3859.973 0.37038603
4 531 16432.225 3860.144 0.3703757
4 532 16434.13 3860.3523 0.3703655
4 533 16436.46 3860.5637 0.37035617
4 534 16439.299 3860.7937 0.37034783
4 535 16442.723 3861.0745 0.3703398
4 536 16446.799 3861.3901 0.37033135
4 537 16451.555 3861.7463 0.3703223
4 538 16456.963 3862.14 0.37031332
4 539 16462.934 3862.5508 0.37030587
4 540 16469.309 3862.9958 0.37030137
4 541 16475.879 3863.4617 0.37030053
4 542 16482.41 3863.8948 0.37030318
4 543 16488.68 3864.2751 0.37030834
4 544 16494.506 3864.62 0.3703147
4 545 16499.783 3864.9226 0.37032104
4 546 16504.494 3865.183 0.37032664
4 547 16508.703 3865.4045 0.37033123
4 548 16512.514 3865.6072 0.37033513
4 549 16516.04 3865.773 0.37033904
4 550 16519.367 3865.903 0.3703436
4 551 16522.557 3866.0012 0.37034896
4 552 16525.645 3866.1108 0.3703547
4 553 16528.668 3866.245 0.3703601
4 554 16531.668 3866.393 0.37036446
4 555 16534.662 3866.5745 0.37036747
4 556 16537.77 3866.774 0.37036926
4 557 16541.078 3867.0056 0.37037018
4 558 16544.682 3867.2468 0.37037054
4 559 16548.67 3867.5378 0.3703704
4 560 16553.12 3867.863 0.37036964
4 561 16558.082 3868.222 0.37036827
4 562 16563.578 3868.5974 0.37036663
4 563 16569.594 3869.0068 0.3703655
4 564 16576.08 3869.4507 0.37036574
4 565 16582.947 3869.928 0.370368
4 566 16590.078 3870.437 0.37037244
4 567 16597.332 3870.9683 0.37037897
4 568 16604.553 3871.4688 0.37038746
4 569 16611.604 3871.9338 0.37039787
4 570 16618.396 3872.362 0.37041023
4 571 16624.93 3872.753 0.3704245
4 572 16631.277 3873.1257 0.37044016
4 573 16637.557 3873.4668 0.37045622
4 574 16643.932 3873.8203 0.37047142
4 575 16650.45 3874.1875 0.37048462
4 576 16657.158 3874.5684 0.37049532
4 577 16664.062 3874.9343 0.37050375
4 578 16671.14 3875.2693 0.37051094
4 579 16678.357 3875.5742 0.37051848
4 580 16685.678 3875.844 0.37052804
4 581 16693.076 3876.0747 0.37054098
4 582 16700.545 3876.2942 0.3705578
4 583 16708.098 3876.5105 0.37057844
4 584 16715.764 3876.719 0.37060243
4 585 16723.574 3876.8918 0.37062955
4 586 16731.549 3877.0283 0.3706597
4 587 16739.691 3877.1467 0.3706927
4 588 16747.973 3877.2292 0.37072778
4 589 16756.348 3877.2805 0.37076378
4 590 16764.756 3877.3333 0.37079933
4 591 16773.057 3877.4165 0.3708332
4 592 16781.166 3877.531 0.37086445
4 593 16788.951 3877.6611 0.3708927
4 594 16796.291 3877.8232 0.3709183
4 595 16803.111 3878.0022 0.3709423
4 596 16809.42 3878.1445 0.37096596
4 597 16815.3 3878.2383 0.3709898
4 598 16820.89 3878.2693 0.37101305
4 599 16826.336 3878.2288 0.37103388
4 600 16831.744 3878.1143 0.37105027
4 601 16837.23 3877.925 0.37106088
4 602 16842.812 3877.6575 0.37106547
4 603 16848.51 3877.301 0.37106502
4 604 16854.332 3876.839 0.37106118
4 605 16860.283 3876.2493 0.37105566
4 606 16866.385 3875.5007 0.37105
4 607 16872.668 3874.5488 0.37104553
4 608 16879.178 3873.3347 0.37104368
4 609 16885.969 3871.7905 0.3710462
4 610 16893.09 3869.8552 0.37105486
4 611 16900.586 3867.4893 0.37107125
4 612 16908.492 3864.6882 0.3710963
4 613 16916.836 3861.4866 0.37113014
4 614 16925.627 3857.955 0.37117213
4 615 16934.85 3854.1958 0.37122107
4 616 16944.45 3850.3337 0.37127528
4 617 16954.305 3846.507 0.37133285
4 618 16964.25 3842.8516 0.37139177
4 619 16974.12 3839.4814 0.37145007
4 620 16983.79 3836.4712 0.37150624
4 621 16993.24 3833.849 0.37155938
4 622 17002.541 3831.6033 0.37160915
4 623 17011.793 3829.6992 0.37165532
4 624 17021.148 3828.0967 0.37169734
4 625 17030.66 3826.7603 0.37173438
4 626 17040.38 3825.661 0.37176576
4 627 17050.316 3824.7744 0.3717915
4 628 17060.428 3824.0793 0.3718127
4 629 17070.63 3823.5562 0.37183103
4 630 17080.82 3823.187 0.37184817
4 631 17090.873 3822.954 0.37186518
4 632 17100.672 3822.836 0.3718825
4 633 17110.115 3822.8054 0.37189996
4 634 17119.117 3822.8298 0.37191707
4 635 17127.623 3822.8884 0.37193304
4 636 17135.613 3822.963 0.37194693
4 637 17143.102 3823.018 0.37195784
4 638 17150.13 3823.0542 0.37196562
4 639 17156.76 3823.0984 0.37197074
4 640 17163.043 3823.2002 0.37197393
4 641 17169.018 3823.3477 0.37197548
4 642 17174.691 3823.5505 0.37197506
4 643 17180.05 3823.8052 0.37197214
4 644 17185.068 3824.103 0.3719664
4 645 17189.72 3824.4202 0.37195778
4 646 17194.023 3824.7751 0.37194633
4 647 17198.031 3825.1433 0.37193233
4 648 17201.828 3825.4883 0.37191632
4 649 17205.5 3825.8704 0.3718995
4 650 17209.09 3826.2546 0.37188345
4 651 17212.604 3826.6 0.37187016
4 652 17216.035 3826.8987 0.37186122
4 653 17219.367 3827.1418 0.3718575
4 654 17222.58 3827.328 0.3718591
4 655 17225.666 3827.463 0.37186572
4 656 17228.629 3827.5562 0.37187696
4 657 17231.484 3827.6306 0.3718926
4 658 17234.266 3827.6687 0.37191233
4 659 17236.988 3827.6719 0.37193567
4 660 17239.684 3827.7117 0.37196165
4 661 17242.455 3827.7705 0.37198886
4 662 17245.332 3827.8682 0.37201542
4 663 17248.385 3828.022 0.37203956
4 664 17251.674 3828.211 0.37206018
4 665 17255.24 3828.4338 0.3720774
4 666 17259.094 3828.6738 0.37209275
4 667 17263.195 3828.9478 0.37210867
4 668 17267.463 3829.256 0.37212792
4 669 17271.79 3829.5974 0.3721526
4 670 17275.986 3829.9705 0.37218365
4 671 17279.977 3830.3142 0.3722204
4 672 17283.674 3830.6213 0.3722606
4 673 17287.049 3830.909 0.37230065
4 674 17290.11 3831.1611 0.3723365
4 675 17292.887 3831.3774 0.3723646
4 676 17295.412 3831.5757 0.37238303
4 677 17297.713 3831.7383 0.37239173
4 678 17299.8 3831.9026 0.37239212
4 679 17301.68 3832.0388 0.3723863
4 680 17303.352 3832.1711 0.37237635
4 681 17304.83 3832.2937 0.37236392
4 682 17306.145 3832.4307 0.37235034
4 683 17307.332 3832.585 0.3723368
4 684 17308.434 3832.7239 0.37232444
4 685 17309.5 3832.8633 0.37231395
4 686 17310.508 3832.9973 0.3723055
4 687 17311.543 3833.115 0.37229857
4 688 17312.6 3833.1936 0.3722922
