13 0 32480.5 2931.1118 0.2002383
13 1 32478.502 2931.7368 0.20019804
13 2 32476.709 2932.1843 0.20016092
13 3 32475.283 2932.3513 0.20012966
13 4 32474.414 2932.154 0.20010714
13 5 32474.309 2931.5312 0.20009601
13 6 32475.19 2930.4473 0.2000985
13 7 32477.27 2928.8894 0.2001164
13 8 32480.705 2926.8674 0.20015113
13 9 32485.55 2924.4124 0.20020352
13 10 32491.719 2921.5793 0.20027328
13 11 32498.986 2918.446 0.20035867
13 12 32507.06 2915.1006 0.2004568
13 13 32515.68 2911.6135 0.2005643
13 14 32524.662 2908.018 0.20067842
13 15 32533.918 2904.3105 0.20079745
13 16 32543.396 2900.4707 0.20092054
13 17 32553.041 2896.4866 0.20104711
13 18 32562.754 2892.3704 0.20117642
13 19 32572.486 2888.1604 0.20130742
13 20 32582.096 2883.9167 0.20143878
13 21 32591.506 2879.659 0.20156929
13 22 32600.67 2875.471 0.20169796
13 23 32609.566 2871.3882 0.20182425
13 24 32618.197 2867.4343 0.20194788
13 25 32626.576 2863.6204 0.20206863
13 26 32634.717 2859.9475 0.20218612
13 27 32642.63 2856.4077 0.20229997
13 28 32650.328 2852.9863 0.20240994
13 29 32657.81 2849.6646 0.20251614
13 30 32665.088 2846.4197 0.20261909
13 31 32672.168 2843.2307 0.20271975
13 32 32679.06 2840.079 0.20281926
13 33 32685.785 2836.9414 0.20291868
13 34 32692.357 2833.788 0.20301871
13 35 32698.78 2830.6167 0.20311949
13 36 32705.03 2827.4128 0.20322041
13 37 32711.072 2824.1758 0.20332034
13 38 32716.887 2820.9822 0.20341797
13 39 32722.486 2817.8242 0.20351249
13 40 32727.94 2814.686 0.20360388
13 41 32733.34 2811.5532 0.2036931
13 42 32738.709 2808.369 0.20378202
13 43 32744.145 2805.1033 0.20387255
13 44 32749.662 2801.7422 0.2039659
13 45 32755.266 2798.29 0.20406228
13 46 32760.943 2794.7651 0.20416093
13 47 32766.688 2791.1882 0.20426068
13 48 32772.48 2787.59 0.20436062
13 49 32778.32 2783.9543 0.20446043
13 50 32784.215 2780.3218 0.20456034
13 51 32790.16 2776.662 0.20466079
13 52 32796.137 2772.9658 0.20476203
13 53 32802.133 2769.2197 0.20486405
13 54 32808.08 2765.415 0.2049668
13 55 32813.95 2761.549 0.20507018
13 56 32819.766 2757.6248 0.20517404
13 57 32825.52 2753.648 0.20527811
13 58 32831.207 2749.6262 0.2053821
13 59 32836.816 2745.5842 0.20548578
13 60 32842.34 2741.5051 0.20558889
13 61 32847.75 2737.438 0.20569102
13 62 32852.996 2733.4304 0.20579144
13 63 32858.043 2729.499 0.20588934
13 64 32862.88 2725.63 0.20598426
13 65 32867.523 2721.784 0.20607625
13 66 32872.035 2717.881 0.20616585
13 67 32876.465 2713.8818 0.20625369
13 68 32880.867 2709.7583 0.20634028
13 69 32885.24 2705.5127 0.20642595
13 70 32889.664 2701.1694 0.20651117
13 71 32894.14 2696.7646 0.2065967
13 72 32898.586 2692.339 0.20668338
13 73 32903.07 2687.9353 0.20677185
13 74 32907.613 2683.5898 0.20686224
13 75 32912.246 2679.2927 0.20695424
13 76 32916.996 2675.0615 0.20704743
13 77 32921.883 2670.9058 0.20714144
13 78 32926.926 2666.829 0.20723599
13 79 32932.133 2662.8274 0.20733078
13 80 32937.508 2658.8904 0.20742546
13 81 32943.06 2654.9998 0.20751983
13 82 32948.785 2651.144 0.20761389
13 83 32954.688 2647.3062 0.20770787
13 84 32960.746 2643.4854 0.207802
13 85 32966.93 2639.6257 0.20789635
13 86 32973.156 2635.7866 0.2079906
13 87 32979.4 2632.0068 0.20808408
13 88 32985.56 2628.3174 0.20817599
13 89 32991.64 2624.7253 0.20826578
13 90 32997.69 2621.2056 0.2083535
13 91 33003.816 2617.7122 0.20843975
13 92 33010.074 2614.177 0.20852539
13 93 33016.51 2610.568 0.20861125
13 94 33023.12 2606.867 0.2086978
13 95 33029.88 2603.0813 0.2087851
13 96 33036.727 2599.2383 0.20887305
13 97 33043.625 2595.3752 0.20896167
13 98 33050.547 2591.4963 0.20905143
13 99 33057.438 2587.671 0.20914318
13 100 33064.273 2583.8804 0.20923755
13 101 33071.082 2580.1265 0.20933448
13 102 33077.832 2576.3904 0.20943293
13 103 33084.527 2572.69 0.20953114
13 104 33091.17 2568.9688 0.20962743
13 105 33097.77 2565.212 0.20972085
13 106 33104.34 2561.417 0.2098113
13 107 33110.86 2557.5828 0.2098991
13 108 33117.332 2553.729 0.20998429
13 109 33123.73 2549.8384 0.21006648
13 110 33130.062 2545.9326 0.210145
13 111 33136.293 2542.0793 0.21021925
13 112 33142.367 2538.3064 0.21028908
13 113 33148.26 2534.6416 0.2103549
13 114 33154.008 2531.0884 0.21041778
13 115 33159.695 2527.6165 0.21047916
13 116 33165.38 2524.1738 0.2105404
13 117 33171.223 2520.7175 0.21060257
13 118 33177.3 2517.1729 0.21066621
13 119 33183.652 2513.5037 0.21073155
13 120 33190.293 2509.6924 0.21079856
13 121 33197.21 2505.7356 0.21086705
13 122 33204.383 2501.6396 0.21093659
13 123 33211.777 2497.4177 0.21100666
13 124 33219.348 2493.0857 0.2110767
13 125 33227.05 2488.6594 0.21114644
13 126 33234.832 2484.1519 0.21121591
13 127 33242.64 2479.571 0.21128525
13 128 33250.453 2474.9192 0.2113546
13 129 33258.19 2470.1934 0.21142408
13 130 33265.81 2465.3872 0.21149379
13 131 33273.27 2460.4944 0.21156374
13 132 33280.547 2455.5112 0.21163367
13 133 33287.63 2450.4414 0.21170309
13 134 33294.5 2445.3042 0.21177138
13 135 33301.15 2440.1416 0.2118381
13 136 33307.547 2435.008 0.21190299
13 137 33313.668 2430.0015 0.21196604
13 138 33319.504 2425.1907 0.21202733
13 139 33325.082 2420.605 0.21208727
13 140 33330.484 2416.2288 0.21214664
13 141 33335.824 2412.0164 0.21220645
13 142 33341.18 2407.9167 0.21226779
13 143 33346.67 2403.893 0.21233149
13 144 33352.348 2399.9292 0.21239795
13 145 33358.207 2396.025 0.21246696
13 146 33364.23 2392.188 0.21253787
13 147 33370.375 2388.428 0.21260983
13 148 33376.61 2384.7534 0.21268205
13 149 33382.902 2381.171 0.21275418
13 150 33389.22 2377.6836 0.2128263
13 151 33395.574 2374.291 0.21289894
13 152 33401.977 2370.9873 0.21297275
13 153 33408.4 2367.7607 0.21304809
13 154 33414.87 2364.596 0.21312489
13 155 33421.4 2361.4727 0.21320266
13 156 33427.984 2358.381 0.21328075
13 157 33434.63 2355.3064 0.21335842
13 158 33441.23 2352.2166 0.21343488
13 159 33447.773 2349.094 0.21350919
13 160 33454.312 2345.9556 0.21358046
13 161 33460.777 2342.841 0.21364799
13 162 33467.11 2339.7993 0.21371153
13 163 33473.254 2336.8801 0.21377146
13 164 33479.21 2334.1174 0.2138287
13 165 33485.027 2331.5166 0.2138844
13 166 33490.76 2329.0566 0.21393967
13 167 33496.47 2326.7007 0.21399523
13 168 33502.19 2324.4075 0.21405156
13 169 33507.945 2322.1494 0.21410888
13 170 33513.758 2319.9053 0.2141673
13 171 33519.52 2317.6238 0.21422671
13 172 33525.2 2315.3066 0.21428691
13 173 33530.8 2312.9434 0.2143477
13 174 33536.3 2310.5146 0.21440902
13 175 33541.67 2307.9993 0.21447082
13 176 33546.902 2305.3801 0.21453297
13 177 33551.992 2302.6484 0.21459521
13 178 33556.938 2299.8076 0.21465725
13 179 33561.75 2296.8716 0.21471891
13 180 33566.434 2293.8625 0.21478027
13 181 33571.004 2290.8083 0.21484168
13 182 33575.484 2287.739 0.21490347
13 183 33579.91 2284.6672 0.21496582
13 184 33584.312 2281.6301 0.21502857
13 185 33588.73 2278.6492 0.21509121
13 186 33593.203 2275.7144 0.21515295
13 187 33597.703 2272.8457 0.21521287
13 188 33602.24 2270.0505 0.21527027
13 189 33606.715 2267.313 0.21532504
13 190 33611.137 2264.5972 0.21537773
13 191 33615.562 2261.8748 0.21542922
13 192 33620.07 2259.0732 0.21548036
13 193 33624.598 2256.1611 0.21553187
13 194 33629.184 2253.129 0.21558432
13 195 33633.83 2249.9844 0.21563815
13 196 33638.523 2246.7456 0.2156935
13 197 33643.16 2243.4321 0.21575016
13 198 33647.72 2240.0618 0.21580747
13 199 33652.223 2236.6492 0.21586457
13 200 33656.67 2233.2012 0.21592066
13 201 33661.047 2229.7358 0.21597514
13 202 33665.336 2226.2368 0.21602748
13 203 33669.516 2222.708 0.21607722
13 204 33673.57 2219.213 0.21612406
13 205 33677.473 2215.705 0.2161682
13 206 33681.188 2212.1648 0.21621044
13 207 33684.684 2208.5713 0.21625195
13 208 33687.93 2204.9385 0.2162936
13 209 33690.91 2201.2588 0.21633558
13 210 33693.613 2197.5415 0.21637738
13 211 33696.043 2193.81 0.21641819
13 212 33698.22 2190.1155 0.2164577
13 213 33700.152 2186.4717 0.21649665
13 214 33701.867 2182.856 0.21653679
13 215 33703.395 2179.2407 0.2165802
13 216 33704.76 2175.5361 0.21662809
13 217 33705.996 2171.6877 0.21668011
13 218 33707.117 2167.674 0.21673445
13 219 33708.152 2163.5095 0.21678883
13 220 33709.12 2159.2334 0.21684141
13 221 33710.06 2154.8914 0.21689138
13 222 33710.945 2150.5278 0.21693845
13 223 33711.8 2146.2085 0.2169823
13 224 33712.67 2141.924 0.21702224
13 225 33713.496 2137.682 0.21705742
13 226 33714.25 2133.4749 0.21708734
13 227 33714.906 2129.2988 0.217112
13 228 33715.453 2125.1555 0.21713176
13 229 33715.887 2121.0276 0.217147
13 230 33716.215 2116.8953 0.21715783
13 231 33716.457 2112.774 0.21716413
13 232 33716.664 2108.6873 0.21716566
13 233 33716.812 2104.638 0.2171623
13 234 33716.914 2100.6343 0.21715426
13 235 33717.074 2096.6926 0.2171425
13 236 33717.266 2092.8396 0.21712868
13 237 33717.51 2089.106 0.2171149
13 238 33717.742 2085.513 0.21710314
13 239 33717.95 2082.0544 0.21709491
13 240 33718.105 2078.6912 0.21709143
13 241 33718.21 2075.3616 0.21709402
13 242 33718.344 2071.976 0.21710397
13 243 33718.445 2068.5024 0.21712175
13 244 33718.594 2064.9214 0.21714629
13 245 33718.773 2061.2444 0.21717513
13 246 33718.938 2057.5037 0.21720523
13 247 33719.055 2053.741 0.2172342
13 248 33719.15 2049.9863 0.21726096
13 249 33719.195 2046.2902 0.21728559
13 250 33719.195 2042.6431 0.21730849
13 251 33719.168 2039.0631 0.2173295
13 252 33719.145 2035.5619 0.21734767
13 253 33719.145 2032.1461 0.21736187
13 254 33719.15 2028.8169 0.21737175
13 255 33719.207 2025.5704 0.2173781
13 256 33719.277 2022.399 0.21738246
13 257 33719.32 2019.293 0.21738645
13 258 33719.32 2016.242 0.21739104
13 259 33719.35 2013.2393 0.21739647
13 260 33719.344 2010.2853 0.2174024
13 261 33719.285 2007.3884 0.21740845
13 262 33719.203 2004.5643 0.21741456
13 263 33719.074 2001.8289 0.21742125
13 264 33718.92 1999.1835 0.21742953
13 265 33718.793 1996.6051 0.21744062
13 266 33718.715 1994.0511 0.21745566
13 267 33718.637 1991.5167 0.21747538
13 268 33718.58 1988.9316 0.21749993
13 269 33718.574 1986.2805 0.21752873
13 270 33718.63 1983.5645 0.21756087
13 271 33718.75 1980.7997 0.21759552
13 272 33718.918 1977.9984 0.21763246
13 273 33719.133 1975.1787 0.21767211
13 274 33719.375 1972.3632 0.21771502
13 275 33719.668 1969.6007 0.21776114
13 276 33719.906 1966.8743 0.21780942
13 277 33720.09 1964.1962 0.21785806
13 278 33720.32 1961.5742 0.2179051
13 279 33720.582 1959.0131 0.21794921
13 280 33720.9 1956.5143 0.21798998
13 281 33721.26 1954.0763 0.21802787
13 282 33721.594 1951.6958 0.21806374
13 283 33721.914 1949.3696 0.2180982
13 284 33722.227 1947.0984 0.21813108
13 285 33722.55 1944.8907 0.21816146
13 286 33722.824 1942.7646 0.21818791
13 287 33723.02 1940.742 0.21820915
13 288 33723.195 1938.8376 0.21822459
13 289 33723.312 1937.049 0.21823454
13 290 33723.37 1935.3525 0.2182402
13 291 33723.375 1933.7119 0.21824327
13 292 33723.41 1932.0894 0.2182455
13 293 33723.492 1930.4683 0.21824838
13 294 33723.598 1928.8079 0.21825264
13 295 33723.754 1927.1282 0.21825834
13 296 33723.918 1925.4153 0.21826494
13 297 33724.105 1923.6957 0.21827182
13 298 33724.293 1922.0261 0.21827862
13 299 33724.43 1920.3901 0.21828544
13 300 33724.52 1918.7708 0.21829294
13 301 33724.56 1917.1868 0.21830213
13 302 33724.574 1915.6423 0.21831414
13 303 33724.547 1914.1371 0.2183297
13 304 33724.53 1912.6852 0.2183489
13 305 33724.477 1911.2673 0.21837126
13 306 33724.47 1909.8901 0.21839592
13 307 33724.41 1908.5691 0.21842189
13 308 33724.3 1907.3264 0.21844774
13 309 33724.137 1906.1898 0.2184711
13 310 33723.92 1905.1876 0.21848871
13 311 33723.65 1904.3386 0.21849763
13 312 33723.35 1903.6421 0.21849687
13 313 33723.0 1903.0736 0.2184884
13 314 33722.652 1902.5891 0.21847636
13 315 33722.355 1902.1335 0.21846513
13 316 33722.113 1901.6483 0.21845758
13 317 33721.895 1901.1163 0.21845435
13 318 33721.734 1900.5236 0.21845448
13 319 33721.63 1899.8715 0.2184564
13 320 33721.58 1899.1702 0.21845877
13 321 33721.574 1898.4333 0.2184609
13 322 33721.574 1897.6829 0.21846291
13 323 33721.598 1896.8959 0.21846528
13 324 33721.617 1896.1605 0.2184683
13 325 33721.617 1895.461 0.21847141
13 326 33721.59 1894.8027 0.21847315
13 327 33721.516 1894.1943 0.21847185
13 328 33721.39 1893.6415 0.21846654
13 329 33721.24 1893.144 0.21845756
13 330 33721.03 1892.6951 0.21844654
13 331 33720.8 1892.2854 0.2184357
13 332 33720.62 1891.8933 0.21842724
13 333 33720.496 1891.5359 0.21842282
13 334 33720.426 1891.1969 0.21842328
13 335 33720.414 1890.85 0.21842864
13 336 33720.43 1890.5372 0.21843803
13 337 33720.5 1890.2794 0.21844995
13 338 33720.62 1890.0579 0.2184626
13 339 33720.773 1889.8799 0.21847428
13 340 33720.875 1889.7456 0.21848376
13 341 33720.953 1889.6515 0.21849042
13 342 33720.98 1889.5936 0.21849419
13 343 33720.957 1889.57 0.21849538
13 344 33720.887 1889.5797 0.21849446
13 345 33720.76 1889.6227 0.21849187
13 346 33720.6 1889.6821 0.21848798
13 347 33720.387 1889.7744 0.21848302
13 348 33720.117 1889.8993 0.21847709
13 349 33719.797 1890.06 0.21847026
13 350 33719.453 1890.2549 0.21846257
13 351 33719.06 1890.4639 0.21845405
13 352 33718.613 1890.6554 0.21844475
13 353 33718.117 1890.8208 0.21843472
13 354 33717.574 1890.9603 0.21842405
13 355 33717.027 1891.085 0.21841283
13 356 33716.43 1891.178 0.21840107
13 357 33715.81 1891.288 0.21838863
13 358 33715.133 1891.405 0.21837515
13 359 33714.41 1891.4822 0.21836023
13 360 33713.715 1891.5424 0.2183438
13 361 33713.074 1891.6251 0.21832632
13 362 33712.492 1891.7234 0.2183089
13 363 33711.938 1891.8608 0.21829312
13 364 33711.395 1891.9642 0.21828075
13 365 33710.91 1892.0353 0.21827348
13 366 33710.48 1892.0723 0.21827254
13 367 33710.08 1892.0914 0.21827838
13 368 33709.71 1892.075 0.21829051
13 369 33709.27 1892.027 0.21830761
13 370 33708.773 1891.9763 0.2183278
13 371 33708.21 1891.9453 0.21834904
13 372 33707.574 1891.8882 0.21836948
13 373 33706.848 1891.8146 0.21838768
13 374 33706.023 1891.71 0.21840271
13 375 33705.09 1891.6177 0.21841422
13 376 33704.055 1891.5509 0.21842241
13 377 33702.914 1891.4843 0.21842802
13 378 33701.68 1891.4016 0.21843205
13 379 33700.35 1891.3182 0.21843553
13 380 33698.938 1891.2485 0.21843919
13 381 33697.434 1891.1803 0.21844336
13 382 33695.836 1891.0806 0.21844798
13 383 33694.133 1890.9666 0.21845266
13 384 33692.312 1890.8286 0.2184569
13 385 33690.37 1890.6598 0.21846026
13 386 33688.32 1890.4673 0.21846256
13 387 33686.176 1890.2932 0.21846385
13 388 33683.95 1890.134 0.21846445
13 389 33681.63 1889.989 0.21846479
13 390 33679.18 1889.844 0.21845734
13 391 33676.547 1889.6602 0.2184481
13 392 33673.67 1889.44 0.21843635
13 393 33670.484 1889.1742 0.21842168
13 394 33666.9 1888.8439 0.21840394
13 395 33662.79 1888.4205 0.21838291
13 396 33657.977 1887.8643 0.21835822
13 397 33652.246 1887.1245 0.21832903
13 398 33645.406 1886.1454 0.2182941
13 399 33637.35 1884.8733 0.21825199
13 400 33628.082 1883.2661 0.21820161
13 401 33617.707 1881.2992 0.21814285
13 402 33606.402 1878.9694 0.21807669
13 403 33594.36 1876.294 0.21800445
13 404 33581.73 1873.3071 0.217927
13 405 33568.605 1870.054 0.21784417
13 406 33554.996 1866.5831 0.21775493
13 407 33540.88 1862.941 0.21765764
13 408 33526.227 1859.168 0.21755104
13 409 33511.086 1855.2999 0.2174357
13 410 33495.6 1851.3796 0.21731547
13 411 33479.973 1847.4662 0.21719775
13 412 33464.39 1843.6302 0.21709204
13 413 33448.96 1839.938 0.21700752
13 414 33433.676 1836.4349 0.21695107
13 415 33418.44 1833.1409 0.21692646
13 416 33403.082 1830.0576 0.21693441
13 417 33387.527 1827.1831 0.21697305
13 418 33371.7 1824.5194 0.21703848
13 419 33355.54 1822.0719 0.21712561
13 420 33339.008 1819.8416 0.2172289
13 421 33322.08 1817.818 0.21734291
13 422 33304.74 1815.9774 0.21746229
13 423 33287.016 1814.2861 0.21758156
13 424 33268.953 1812.7067 0.21769547
13 425 33250.625 1811.2036 0.21779983
13 426 33232.105 1809.7495 0.2178924
13 427 33213.465 1808.3308 0.21797308
13 428 33194.727 1806.9282 0.2180431
13 429 33175.88 1805.5573 0.21810374
13 430 33156.89 1804.1833 0.21815525
13 431 33137.727 1802.7605 0.21819654
13 432 33118.383 1801.2584 0.21822561
13 433 33098.95 1799.6519 0.21824056
13 434 33079.574 1797.9308 0.21824042
13 435 33060.582 1796.1068 0.21822552
13 436 33042.234 1794.2128 0.21819727
13 437 33024.7 1792.2942 0.21815798
13 438 33008.0 1790.3784 0.21811095
13 439 32992.06 1788.5254 0.2180606
13 440 32976.688 1786.7557 0.21801265
13 441 32961.633 1785.0734 0.21797362
13 442 32946.617 1783.4691 0.21794996
13 443 32931.355 1781.927 0.21794683
13 444 32915.61 1780.4269 0.21796729
13 445 32899.223 1778.9583 0.21801193
13 446 32882.133 1777.5061 0.21807866
13 447 32864.375 1776.0721 0.21816278
13 448 32846.086 1774.623 0.2182576
13 449 32827.47 1773.2247 0.21835583
13 450 32808.74 1771.8597 0.21845128
13 451 32790.152 1770.5264 0.21854027
13 452 32771.797 1769.2087 0.218622
13 453 32753.71 1767.9219 0.21869831
13 454 32735.852 1766.6194 0.21877298
13 455 32718.105 1765.2611 0.21885058
13 456 32700.328 1763.7998 0.21893504
13 457 32682.357 1762.1799 0.21902849
13 458 32664.08 1760.342 0.21913117
13 459 32645.488 1758.2344 0.2192426
13 460 32626.701 1755.8303 0.21936285
13 461 32607.895 1753.1434 0.21949309
13 462 32589.213 1750.225 0.21963514
13 463 32570.723 1747.1436 0.2197909
13 464 32552.396 1743.9668 0.2199623
13 465 32534.135 1740.7413 0.22015141
13 466 32515.807 1737.4987 0.22036006
13 467 32497.205 1734.3177 0.22058856
13 468 32478.164 1731.2277 0.22083439
13 469 32458.559 1728.2877 0.22109185
13 470 32438.322 1725.5483 0.22135347
13 471 32417.445 1723.0463 0.22161226
13 472 32395.973 1720.805 0.22186364
13 473 32373.98 1718.8384 0.22210588
13 474 32351.564 1717.1534 0.22233884
13 475 32328.822 1715.7507 0.2225624
13 476 32305.85 1714.6207 0.22277549
13 477 32282.723 1713.7393 0.22297654
13 478 32259.51 1713.0641 0.22316477
13 479 32236.27 1712.5348 0.22334121
13 480 32212.984 1712.0774 0.22350882
13 481 32189.71 1711.6146 0.2236716
13 482 32166.39 1711.0776 0.22383355
13 483 32143.047 1710.416 0.22399758
13 484 32119.74 1709.6044 0.22416486
13 485 32096.678 1708.6436 0.22433461
13 486 32074.068 1707.5585 0.22450429
13 487 32052.076 1706.3867 0.22467051
13 488 32030.777 1705.1647 0.22483027
13 489 32010.168 1703.9257 0.22498217
13 490 31990.182 1702.6886 0.22512682
13 491 31970.717 1701.4711 0.22526623
13 492 31951.695 1700.2893 0.22540273
13 493 31933.094 1699.1239 0.22553793
13 494 31914.94 1697.9226 0.22567247
13 495 31897.271 1696.7236 0.22580622
13 496 31880.098 1695.5632 0.22593856
13 497 31863.35 1694.4241 0.22606844
13 498 31846.887 1693.2921 0.22619423
13 499 31830.502 1692.1263 0.22631373
13 500 31813.953 1690.9412 0.22642483
13 501 31797.016 1689.7207 0.22652677
13 502 31779.502 1688.4819 0.22662067
13 503 31761.303 1687.2449 0.22670917
13 504 31742.4 1685.9692 0.22679529
13 505 31722.885 1684.654 0.2268813
13 506 31702.951 1683.3225 0.22696845
13 507 31682.873 1681.9978 0.2270574
13 508 31663.002 1680.7114 0.22714852
13 509 31643.703 1679.4465 0.22724205
13 510 31625.326 1678.2213 0.22733769
13 511 31608.129 1677.0455 0.22743422
13 512 31592.197 1675.9045 0.22752985
13 513 31577.426 1674.8119 0.22762305
13 514 31563.55 1673.7744 0.22771327
13 515 31550.223 1672.7888 0.22780126
13 516 31537.076 1671.8457 0.22788845
13 517 31523.814 1670.9214 0.22797619
13 518 31510.191 1670.0328 0.22806524
13 519 31496.05 1669.1289 0.22815569
13 520 31481.295 1668.1914 0.22824721
13 521 31465.87 1667.2181 0.22833945
13 522 31449.754 1666.2062 0.22843224
13 523 31432.957 1665.1545 0.22852544
13 524 31415.523 1664.0835 0.22861852
13 525 31397.533 1662.9749 0.2287102
13 526 31379.102 1661.8297 0.22879863
13 527 31360.355 1660.667 0.2288819
13 528 31341.426 1659.5375 0.22895898
13 529 31322.434 1658.4255 0.2290301
13 530 31303.527 1657.345 0.22909638
13 531 31284.756 1656.2491 0.22915924
13 532 31266.193 1655.121 0.22921991
13 533 31247.902 1653.9744 0.22927964
13 534 31229.957 1652.8074 0.22933972
13 535 31212.465 1651.6699 0.22940144
13 536 31195.533 1650.565 0.22946586
13 537 31179.195 1649.4951 0.22953403
13 538 31163.37 1648.4435 0.2296076
13 539 31147.867 1647.4292 0.22968905
13 540 31132.47 1646.4285 0.22978087
13 541 31116.914 1645.376 0.22988448
13 542 31101.062 1644.2518 0.22999975
13 543 31084.82 1643.039 0.2301255
13 544 31068.168 1641.7355 0.23026004
13 545 31051.145 1640.3553 0.23040138
13 546 31033.826 1638.925 0.23054715
13 547 31016.312 1637.4775 0.23069485
13 548 30998.703 1636.0416 0.23084225
13 549 30981.096 1634.6625 0.23098737
13 550 30963.553 1633.331 0.23112848
13 551 30946.098 1632.0619 0.23126419
13 552 30928.713 1630.8594 0.2313937
13 553 30911.354 1629.7173 0.23151709
13 554 30893.957 1628.6239 0.23163584
13 555 30876.447 1627.552 0.23175292
13 556 30858.77 1626.52 0.2318721
13 557 30840.875 1625.5023 0.2319966
13 558 30822.744 1624.4471 0.23212795
13 559 30804.422 1623.3535 0.23226586
13 560 30786.023 1622.2236 0.23240863
13 561 30767.764 1621.0765 0.2325535
13 562 30749.783 1619.9382 0.23269671
13 563 30732.137 1618.8506 0.23283416
13 564 30714.771 1617.7778 0.23296241
13 565 30697.559 1616.7424 0.23307997
13 566 30680.346 1615.7328 0.23318769
13 567 30662.984 1614.6797 0.23328835
13 568 30645.354 1613.5488 0.23338547
13 569 30627.357 1612.3081 0.2334823
13 570 30608.936 1610.9376 0.2335812
13 571 30590.057 1609.4327 0.23368372
13 572 30570.723 1607.8035 0.23379079
13 573 30550.959 1606.0701 0.23390262
13 574 30530.814 1604.2594 0.23401827
13 575 30510.344 1602.4014 0.23413542
13 576 30489.613 1600.512 0.23425075
13 577 30468.691 1598.607 0.23436104
13 578 30447.664 1596.7208 0.23446418
13 579 30426.629 1594.8685 0.23455991
13 580 30405.684 1592.9639 0.23464939
13 581 30384.92 1591.0177 0.2347346
13 582 30364.42 1589.0226 0.23481742
13 583 30344.266 1586.9735 0.23489961
13 584 30324.566 1584.8804 0.2349833
13 585 30305.47 1582.7701 0.23507127
13 586 30287.146 1580.6443 0.23516662
13 587 30269.695 1578.5793 0.23527145
13 588 30253.094 1576.612 0.23538615
13 589 30237.195 1574.7646 0.23550968
13 590 30221.78 1573.0369 0.23564045
13 591 30206.61 1571.4075 0.2357768
13 592 30191.504 1569.8414 0.23591684
13 593 30176.29 1568.2969 0.23605803
13 594 30160.95 1566.7509 0.23619686
13 595 30145.486 1565.1501 0.23632914
13 596 30129.943 1563.5088 0.23645064
13 597 30114.371 1561.8217 0.23655845
13 598 30098.762 1560.0938 0.23665215
13 599 30083.111 1558.347 0.23673445
13 600 30067.396 1556.5637 0.2368108
13 601 30051.605 1554.8127 0.2368883
13 602 30035.756 1553.1136 0.23697466
13 603 30019.883 1551.4985 0.23707753
13 604 30004.082 1549.9937 0.23720361
13 605 29988.404 1548.6168 0.2373567
13 606 29972.914 1547.3755 0.23753567
13 607 29957.656 1546.2684 0.2377339
13 608 29942.678 1545.2881 0.23794098
13 609 29928.06 1544.4236 0.23814593
13 610 29913.94 1543.6633 0.23834012
13 611 29900.465 1542.9963 0.23851874
13 612 29887.74 1542.4124 0.23868053
13 613 29875.773 1541.901 0.23882669
13 614 29864.477 1541.4507 0.23895976
13 615 29853.713 1541.0438 0.23908237
13 616 29843.348 1540.6702 0.23919624
13 617 29833.28 1540.3318 0.23930165
13 618 29823.447 1540.012 0.2393978
13 619 29813.803 1539.7152 0.23948374
13 620 29804.28 1539.4362 0.23955923
13 621 29794.775 1539.1884 0.23962486
13 622 29785.156 1538.9686 0.2396818
13 623 29775.285 1538.7367 0.23973157
13 624 29765.055 1538.5234 0.2397761
13 625 29754.396 1538.2941 0.23981823
13 626 29743.273 1538.032 0.23986197
13 627 29731.67 1537.7373 0.23991215
13 628 29719.584 1537.4132 0.23997328
13 629 29707.023 1537.0748 0.24004787
13 630 29694.016 1536.7075 0.24013546
13 631 29680.611 1536.3121 0.24023297
13 632 29666.885 1535.8779 0.2403363
13 633 29652.936 1535.4508 0.24044219
13 634 29638.9 1535.0001 0.24054909
13 635 29624.91 1534.5842 0.24065672
13 636 29611.162 1534.2035 0.24076487
13 637 29597.773 1533.846 0.24087255
13 638 29584.74 1533.4574 0.24097827
13 639 29571.918 1533.0459 0.24108113
13 640 29559.066 1532.6183 0.24118173
13 641 29545.94 1532.2117 0.2412823
13 642 29532.373 1531.7848 0.24138606
13 643 29518.314 1531.3204 0.24149594
13 644 29503.822 1530.8547 0.24161327
13 645 29489.025 1530.4185 0.24173707
13 646 29474.088 1529.9983 0.24186443
13 647 29459.164 1529.6115 0.2419919
13 648 29444.377 1529.2441 0.242117
13 649 29429.787 1528.8625 0.24223901
13 650 29415.395 1528.4491 0.2423589
13 651 29401.143 1528.0331 0.24247833
13 652 29386.94 1527.6353 0.24259885
13 653 29372.604 1527.2732 0.24272127
13 654 29358.057 1526.8767 0.24284528
13 655 29343.201 1526.4471 0.24296927
13 656 29327.98 1525.9994 0.24309061
13 657 29312.387 1525.5189 0.24320641
13 658 29296.467 1524.9995 0.24331424
13 659 29280.346 1524.4934 0.24341267
13 660 29264.238 1524.0063 0.24350138
13 661 29248.404 1523.5564 0.24358086
13 662 29233.053 1523.142 0.24365233
13 663 29218.273 1522.7588 0.24371776
13 664 29204.023 1522.4094 0.24377994
13 665 29190.17 1522.099 0.24384212
13 666 29176.549 1521.7863 0.24390745
13 667 29163.0 1521.442 0.2439783
13 668 29149.328 1521.0807 0.24405569
13 669 29135.482 1520.6879 0.244139
13 670 29121.385 1520.3236 0.2442265
13 671 29106.977 1519.9824 0.24431601
13 672 29092.219 1519.6613 0.24440573
13 673 29077.084 1519.3225 0.24449436
13 674 29061.568 1518.9479 0.24458057
13 675 29045.695 1518.542 0.24466228
13 676 29029.537 1518.1346 0.24473695
13 677 29013.207 1517.7605 0.24480252
13 678 28996.855 1517.4225 0.2448589
13 679 28980.646 1517.1027 0.24490845
13 680 28964.746 1516.8152 0.2449551
13 681 28949.309 1516.5082 0.24500251
13 682 28934.465 1516.1678 0.24505235
13 683 28920.312 1515.813 0.24510375
13 684 28906.906 1515.4584 0.2451541
13 685 28894.271 1515.1382 0.24520059
13 686 28882.41 1514.8553 0.2452414
13 687 28871.277 1514.592 0.24527632
13 688 28860.754 1514.3679 0.24530663
13 689 28850.627 1514.1774 0.24533479
13 690 28840.639 1514.0148 0.24536383
13 691 28830.475 1513.8796 0.2453966
13 692 28819.994 1513.7593 0.24543482
13 693 28809.084 1513.6039 0.24547848
13 694 28797.709 1513.4333 0.24552576
13 695 28785.889 1513.2292 0.24557374
13 696 28773.66 1513.0034 0.24561961
13 697 28761.059 1512.7955 0.24566187
13 698 28748.09 1512.6267 0.24570127
13 699 28734.729 1512.4241 0.24574102
13 700 28720.906 1512.1858 0.24578576
13 701 28706.535 1511.9299 0.24583963
13 702 28691.527 1511.6377 0.24590439
13 703 28675.818 1511.3115 0.24597856
13 704 28659.387 1511.0007 0.24605855
13 705 28642.258 1510.7064 0.24614072
13 706 28624.502 1510.4481 0.24622343
13 707 28606.223 1510.1753 0.24630816
13 708 28587.568 1509.9038 0.24639976
13 709 28568.77 1509.6433 0.24650566
13 710 28550.074 1509.3804 0.24663357
13 711 28531.748 1509.1033 0.24678819
13 712 28513.914 1508.7915 0.2469687
13 713 28496.56 1508.4983 0.24716894
13 714 28479.574 1508.2152 0.24737935
13 715 28462.766 1507.9662 0.24758942
13 716 28445.93 1507.737 0.24778956
13 717 28428.887 1507.5457 0.2479726
13 718 28411.52 1507.34 0.2481352
13 719 28393.799 1507.12 0.2482785
13 720 28375.768 1506.9224 0.24840716
13 721 28357.508 1506.7339 0.24852706
13 722 28339.113 1506.577 0.24864313
13 723 28320.674 1506.4453 0.24875797
13 724 28302.25 1506.319 0.24887198
13 725 28283.898 1506.1709 0.24898441
13 726 28265.676 1506.0414 0.24909444
13 727 28247.652 1505.9446 0.2492017
13 728 28229.898 1505.8667 0.24930575
13 729 28212.475 1505.8256 0.2494055
13 730 28195.404 1505.7927 0.24949892
13 731 28178.662 1505.7394 0.24958344
13 732 28162.182 1505.6799 0.24965689
13 733 28145.875 1505.6538 0.24971825
13 734 28129.686 1505.6466 0.24976781
13 735 28113.633 1505.6598 0.24980663
13 736 28097.791 1505.639 0.24983588
13 737 28082.223 1505.6013 0.24985655
13 738 28066.908 1505.5271 0.24987009
13 739 28051.725 1505.454 0.24987994
13 740 28036.479 1505.4178 0.24989355
13 741 28020.965 1505.4186 0.24992366
13 742 28005.03 1505.4346 0.24998699
13 743 27988.598 1505.4192 0.25009978
13 744 27971.678 1505.3688 0.2502723
13 745 27954.344 1505.2991 0.25050488
13 746 27936.693 1505.1946 0.25078705
13 747 27918.824 1505.13 0.25109923
13 748 27900.807 1505.0836 0.2514172
13 749 27882.674 1505.069 0.25171804
13 750 27864.422 1505.0415 0.25198528
13 751 27846.03 1505.0266 0.2522094
13 752 27827.46 1505.0294 0.25238413
13 753 27808.68 1505.0101 0.25250274
13 754 27789.656 1504.9652 0.25255832
13 755 27770.371 1504.9541 0.2525485
13 756 27750.822 1504.9567 0.25248027
13 757 27731.027 1504.9944 0.2523719
13 758 27711.053 1505.0675 0.25224903
13 759 27691.057 1505.1388 0.2521376
13 760 27671.26 1505.2242 0.25205633
13 761 27651.855 1505.3381 0.2520122
13 762 27632.938 1505.4135 0.25200057
13 763 27614.479 1505.4941 0.25201
13 764 27596.357 1505.5859 0.25202894
13 765 27578.385 1505.6986 0.25205162
13 766 27560.361 1505.8038 0.25207937
13 767 27542.115 1505.9124 0.2521182
13 768 27523.535 1506.0585 0.25217432
13 769 27504.59 1506.2281 0.25225043
13 770 27485.305 1506.3901 0.25234383
13 771 27465.74 1506.5469 0.25244692
13 772 27445.965 1506.7239 0.25254956
13 773 27426.04 1506.9325 0.25264236
13 774 27406.01 1507.1167 0.2527194
13 775 27385.906 1507.293 0.25277898
13 776 27365.744 1507.4901 0.25282297
13 777 27345.557 1507.6992 0.25285548
13 778 27325.344 1507.9412 0.25288218
13 779 27305.223 1508.1982 0.25291005
13 780 27285.197 1508.4865 0.252947
13 781 27265.33 1508.7413 0.25300077
13 782 27245.691 1508.9792 0.25307724
13 783 27226.361 1509.2146 0.25317955
13 784 27207.451 1509.4135 0.2533082
13 785 27189.107 1509.6205 0.2534624
13 786 27171.473 1509.8452 0.25364095
13 787 27154.604 1510.101 0.2538426
13 788 27138.422 1510.3677 0.25406623
13 789 27122.732 1510.6012 0.25431138
13 790 27107.271 1510.818 0.25457838
13 791 27091.781 1511.0037 0.2548671
13 792 27076.06 1511.1803 0.2551749
13 793 27059.996 1511.3374 0.25549525
13 794 27043.56 1511.455 0.25581923
13 795 27026.79 1511.5647 0.25613913
13 796 27009.732 1511.7042 0.25645173
13 797 26992.434 1511.8591 0.25675914
13 798 26974.902 1512.0476 0.257066
13 799 26957.117 1512.2698 0.25737566
13 800 26939.041 1512.4734 0.25768727
13 801 26920.643 1512.6688 0.25799632
13 802 26901.906 1512.896 0.25829673
13 803 26882.844 1513.1583 0.25858322
13 804 26863.498 1513.458 0.25885302
13 805 26843.932 1513.7947 0.2591071
13 806 26824.217 1514.1659 0.25934982
13 807 26804.414 1514.5538 0.25958684
13 808 26784.58 1514.9744 0.25982234
13 809 26764.828 1515.4246 0.26005736
13 810 26745.258 1515.8489 0.26028994
13 811 26726.01 1516.2533 0.26051643
13 812 26707.166 1516.6753 0.26073328
13 813 26688.703 1517.1263 0.2609381
13 814 26670.498 1517.5908 0.26113006
13 815 26652.383 1518.0558 0.26130903
13 816 26634.15 1518.5547 0.26147458
13 817 26615.719 1519.0934 0.2616264
13 818 26597.006 1519.6692 0.26176527
13 819 26577.959 1520.2595 0.26189455
13 820 26558.537 1520.8497 0.26201996
13 821 26538.707 1521.4248 0.2621486
13 822 26518.441 1521.9989 0.26228714
13 823 26497.73 1522.6061 0.26244026
13 824 26476.578 1523.2494 0.26260993
13 825 26455.006 1523.934 0.2627956
13 826 26433.057 1524.662 0.2629958
13 827 26410.803 1525.4315 0.26320973
13 828 26388.35 1526.2393 0.2634379
13 829 26365.828 1527.0654 0.26368132
13 830 26343.408 1527.9282 0.26393995
13 831 26321.215 1528.8281 0.26421085
13 832 26299.355 1529.7047 0.26448765
13 833 26277.918 1530.5457 0.26476142
13 834 26257.016 1531.3478 0.26502332
13 835 26236.783 1532.1101 0.26526794
13 836 26217.322 1532.8364 0.26549444
13 837 26198.643 1533.5281 0.2657052
13 838 26180.643 1534.1844 0.26590306
13 839 26163.16 1534.823 0.2660897
13 840 26145.998 1535.4257 0.26626608
13 841 26128.941 1536.0266 0.26643434
13 842 26111.846 1536.6622 0.266599
13 843 26094.602 1537.3337 0.266766
13 844 26077.164 1538.0609 0.26694041
13 845 26059.523 1538.822 0.26712382
13 846 26041.688 1539.5996 0.26731363
13 847 26023.672 1540.4119 0.2675039
13 848 26005.5 1541.2628 0.26768786
13 849 25987.209 1542.1537 0.26786056
13 850 25968.867 1543.0784 0.26801997
13 851 25950.502 1544.0376 0.26816678
13 852 25932.229 1544.9811 0.26830316
13 853 25914.111 1545.8938 0.2684317
13 854 25896.203 1546.7712 0.26855525
13 855 25878.527 1547.6279 0.26867673
13 856 25861.074 1548.4987 0.26879898
13 857 25843.805 1549.392 0.26892447
13 858 25826.67 1550.3037 0.2690549
13 859 25809.664 1551.2307 0.26919052
13 860 25792.848 1552.1879 0.26933
13 861 25776.324 1553.1763 0.26947045
13 862 25760.172 1554.1552 0.26960844
13 863 25744.377 1555.0854 0.2697414
13 864 25728.832 1555.9838 0.26986867
13 865 25713.375 1556.8475 0.26999208
13 866 25697.906 1557.6943 0.27011496
13 867 25682.266 1558.5065 0.27024075
13 868 25666.379 1559.3344 0.27037182
13 869 25650.215 1560.1978 0.2705093
13 870 25633.775 1561.0996 0.27065346
13 871 25617.09 1562.0354 0.2708042
13 872 25600.2 1563.0027 0.27096114
13 873 25583.16 1564.0061 0.2711236
13 874 25566.03 1565.0276 0.27129048
13 875 25548.867 1566.0785 0.27146077
13 876 25531.77 1567.1149 0.27163383
13 877 25514.734 1568.1154 0.2718093
13 878 25497.793 1569.1183 0.27198702
13 879 25480.965 1570.1354 0.27216697
13 880 25464.262 1571.1891 0.27234933
13 881 25447.686 1572.2075 0.27253434
13 882 25431.234 1573.2052 0.27272215
13 883 25414.916 1574.2216 0.27291283
13 884 25398.771 1575.2588 0.2731067
13 885 25382.896 1576.3075 0.27330437
13 886 25367.41 1577.3699 0.2735061
13 887 25352.379 1578.4137 0.273711
13 888 25337.768 1579.4219 0.27391687
13 889 25323.422 1580.4126 0.27412114
13 890 25309.13 1581.3672 0.27432218
13 891 25294.684 1582.2883 0.27452022
13 892 25279.926 1583.183 0.2747174
13 893 25264.775 1584.1124 0.2749171
13 894 25249.219 1585.0612 0.27512315
13 895 25233.295 1586.0454 0.27533895
13 896 25217.074 1587.0464 0.27556726
13 897 25200.639 1588.0249 0.2758098
13 898 25184.076 1589.0397 0.27606696
13 899 25167.473 1590.0914 0.2763374
13 900 25150.928 1591.1729 0.27661762
13 901 25134.469 1592.2701 0.27690274
13 902 25118.129 1593.3583 0.27718782
13 903 25101.916 1594.4324 0.27746966
13 904 25085.822 1595.505 0.27774775
13 905 25069.826 1596.6091 0.27802423
13 906 25053.904 1597.768 0.2783028
13 907 25038.012 1598.9446 0.2785871
13 908 25022.176 1600.1526 0.27887934
13 909 25006.42 1601.3943 0.27917925
13 910 24990.842 1602.6742 0.27948382
13 911 24975.602 1603.9904 0.27978772
13 912 24960.803 1605.3079 0.2800843
13 913 24946.443 1606.589 0.2803681
13 914 24932.396 1607.8333 0.28063655
13 915 24918.46 1609.0587 0.28089052
13 916 24904.469 1610.2471 0.28113258
13 917 24890.205 1611.4152 0.28136498
13 918 24875.56 1612.6179 0.28158826
13 919 24860.508 1613.8586 0.28180137
13 920 24845.076 1615.143 0.28200275
13 921 24829.342 1616.4755 0.2821917
13 922 24813.398 1617.8566 0.2823693
13 923 24797.336 1619.2816 0.28253832
13 924 24781.236 1620.7269 0.2827033
13 925 24765.2 1622.2091 0.2828709
13 926 24749.213 1623.7239 0.28304717
13 927 24733.287 1625.2546 0.28323445
13 928 24717.424 1626.7455 0.28343156
13 929 24701.623 1628.2357 0.28363565
13 930 24685.898 1629.7524 0.28384316
13 931 24670.271 1631.2852 0.28405088
13 932 24654.78 1632.85 0.2842566
13 933 24639.473 1634.401 0.28445944
13 934 24624.436 1635.9165 0.28465933
13 935 24609.79 1637.3927 0.2848561
13 936 24595.662 1638.8307 0.28504875
13 937 24582.139 1640.227 0.28523546
13 938 24569.201 1641.576 0.2854146
13 939 24556.74 1642.8768 0.28558615
13 940 24544.596 1644.1355 0.28575245
13 941 24532.62 1645.3749 0.2859179
13 942 24520.695 1646.5767 0.28608754
13 943 24508.75 1647.7969 0.28626555
13 944 24496.781 1649.0314 0.28645396
13 945 24484.76 1650.3008 0.2866522
13 946 24472.77 1651.6057 0.28685707
13 947 24460.854 1652.9214 0.2870637
13 948 24449.057 1654.2266 0.2872667
13 949 24437.45 1655.505 0.2874616
13 950 24426.113 1656.749 0.28764582
13 951 24415.125 1657.9552 0.2878192
13 952 24404.535 1659.1196 0.28798372
13 953 24394.354 1660.243 0.28814244
13 954 24384.555 1661.3284 0.28829834
13 955 24375.086 1662.3955 0.2884531
13 956 24365.887 1663.427 0.28860682
13 957 24356.9 1664.4244 0.28875852
13 958 24348.086 1665.4156 0.2889072
13 959 24339.426 1666.4207 0.2890528
13 960 24330.918 1667.444 0.28919643
13 961 24322.59 1668.4514 0.28933966
13 962 24314.463 1669.4646 0.28948367
13 963 24306.527 1670.4927 0.28962886
13 964 24298.695 1671.4813 0.28977537
13 965 24290.818 1672.4835 0.28992364
13 966 24282.73 1673.5239 0.29007497
13 967 24274.3 1674.6066 0.29023108
13 968 24265.467 1675.7334 0.29039335
13 969 24256.244 1676.9014 0.29056224
13 970 24246.7 1678.0889 0.29073688
13 971 24236.932 1679.3135 0.2909153
13 972 24227.047 1680.5702 0.29109508
13 973 24217.156 1681.7949 0.29127392
13 974 24207.365 1682.9882 0.2914503
13 975 24197.78 1684.1324 0.29162332
13 976 24188.498 1685.2418 0.2917924
13 977 24179.604 1686.3049 0.29195684
13 978 24171.162 1687.3163 0.29211578
13 979 24163.205 1688.2743 0.29226816
13 980 24155.752 1689.1796 0.29241297
13 981 24148.809 1690.0311 0.29254928
13 982 24142.393 1690.825 0.29267612
13 983 24136.537 1691.553 0.29279268
13 984 24131.271 1692.2068 0.29289842
13 985 24126.607 1692.7815 0.29299346
13 986 24122.508 1693.2804 0.29307872
13 987 24118.87 1693.7164 0.29315612
13 988 24115.53 1694.1117 0.29322848
13 989 24112.293 1694.4929 0.2932991
