1 2 5389.4003906 3146.9780273 0.8036230 
1 3 5389.6166992 3146.6767578 0.8035136 
1 4 5390.8505859 3146.6062012 0.8035620 
1 5 5390.8505859 3146.6062012 0.8035620 
1 6 5391.6577148 3146.2250977 0.8035412 
1 7 5392.1752930 3146.1323242 0.8034928 
1 8 5393.0595703 3145.9753418 0.8035144 
1 9 5393.7490234 3145.9606934 0.8034864 
1 10 5394.6669922 3145.6931152 0.8034218 
1 11 5395.3818359 3145.7084961 0.8034168 
1 12 5396.7241211 3145.6567383 0.8034518 
1 13 5397.7392578 3145.6887207 0.8034230 
1 14 5399.0273438 3145.8457031 0.8034340 
1 15 5400.4355469 3146.0859375 0.8034618 
1 16 5402.1586914 3146.1328125 0.8034595 
1 17 5403.6875000 3145.9704590 0.8034763 
1 18 5404.9804688 3146.1669922 0.8034259 
1 19 5406.5288086 3146.1889648 0.8034338 
1 20 5407.9956055 3146.1667480 0.8033873 
1 21 5409.1479492 3146.2773438 0.8034111 
1 22 5410.4257812 3146.0974121 0.8034106 
1 23 5411.6455078 3146.1162109 0.8034238 
1 24 5413.4462891 3146.2561035 0.8034402 
1 25 5415.9677734 3146.4099121 0.8034442 
1 26 5419.9111328 3146.9877930 0.8035272 
1 27 5424.4960938 3146.8764648 0.8034642 
1 28 5427.9643555 3146.8437500 0.8034469 
1 29 5430.1586914 3146.3757324 0.8034645 
1 30 5430.1586914 3146.3757324 0.8034645 
1 31 5430.9057617 3145.8395996 0.8033906 
1 32 5431.5136719 3145.9584961 0.8033977 
1 33 5432.7207031 3146.2072754 0.8034620 
1 34 5433.5151367 3146.0595703 0.8034268 
1 35 5434.0517578 3146.1779785 0.8034584 
1 36 5435.9936523 3146.1586914 0.8035318 
1 37 5437.6801758 3146.0336914 0.8034624 
1 38 5439.6230469 3145.6130371 0.8034106 
1 39 5440.3945312 3146.1511230 0.8034438 
1 40 5442.1972656 3145.7963867 0.8035221 
1 41 5443.3276367 3145.7954102 0.8034809 
1 42 5444.0683594 3145.7382812 0.8034722 
1 43 5444.4345703 3145.9533691 0.8034115 
1 44 5444.5996094 3145.8437500 0.8034284 
1 45 5445.3701172 3145.6850586 0.8034055 
1 46 5446.1435547 3145.7490234 0.8034395 
1 47 5446.2548828 3145.6928711 0.8034220 
1 48 5446.3574219 3145.7856445 0.8035083 
1 49 5446.1137695 3145.7287598 0.8035527 
1 50 5445.6630859 3145.5278320 0.8036087 
1 51 5444.8564453 3145.8662109 0.8036898 
1 52 5444.3857422 3146.5649414 0.8036990 
1 53 5443.9946289 3146.2426758 0.8037323 
1 54 5443.9023438 3145.9682617 0.8036130 
1 55 5443.9023438 3145.9682617 0.8036130 
1 56 5443.6186523 3146.4121094 0.8036281 
1 57 5443.6259766 3146.5988770 0.8034934 
1 58 5443.5229492 3146.4916992 0.8035395 
1 59 5443.4614258 3146.0021973 0.8036467 
1 60 5443.3007812 3145.7470703 0.8036583 
1 61 5443.5102539 3145.4731445 0.8037413 
1 62 5442.8666992 3145.4660645 0.8037485 
1 63 5442.7919922 3145.7207031 0.8038446 
1 64 5442.5654297 3146.1220703 0.8038549 
1 65 5442.3754883 3146.5114746 0.8038605 
1 66 5442.5253906 3146.6101074 0.8038148 
1 67 5441.9921875 3147.2343750 0.8037840 
1 68 5441.6137695 3147.4609375 0.8038403 
1 69 5441.3691406 3147.5292969 0.8037974 
1 70 5441.6953125 3147.5952148 0.8036967 
1 71 5441.8857422 3148.3735352 0.8037233 
1 72 5441.8847656 3148.7983398 0.8038182 
1 73 5441.6640625 3148.9235840 0.8038403 
1 74 5441.4838867 3148.9355469 0.8039353 
1 75 5441.3300781 3149.1796875 0.8040172 
1 76 5441.3740234 3149.3557129 0.8040988 
1 77 5442.2792969 3149.6699219 0.8040469 
1 78 5443.6484375 3150.3129883 0.8040643 
1 79 5443.9609375 3151.0039062 0.8040501 
1 80 5443.9609375 3151.0039062 0.8040501 
1 81 5443.7539062 3152.1518555 0.8040910 
1 82 5444.0214844 3153.0498047 0.8041184 
1 83 5444.3383789 3154.6572266 0.8040553 
1 84 5444.3710938 3155.3901367 0.8040241 
1 85 5444.2260742 3155.6594238 0.8041015 
1 86 5443.9169922 3155.6176758 0.8040926 
1 87 5444.1284180 3155.9890137 0.8041059 
1 88 5444.2338867 3156.2963867 0.8040777 
1 89 5444.2441406 3156.9118652 0.8041036 
1 90 5444.4638672 3157.9277344 0.8040954 
1 91 5444.6279297 3158.5429688 0.8040723 
1 92 5445.1293945 3159.5673828 0.8040513 
1 93 5445.8056641 3161.1040039 0.8040587 
1 94 5445.8398438 3162.6054688 0.8039503 
1 95 5445.9316406 3164.1132812 0.8039652 
1 96 5446.0449219 3165.0585938 0.8039538 
1 97 5446.4345703 3166.0300293 0.8039259 
1 98 5446.7441406 3166.8891602 0.8039070 
1 99 5447.1801758 3168.1618652 0.8038895 
1 100 5447.7773438 3169.5104980 0.8038982 
1 101 5448.4448242 3169.1411133 0.8037806 
1 102 5449.0014648 3170.4208984 0.8038168 
1 103 5450.1425781 3171.8852539 0.8038151 
1 104 5450.7626953 3172.8039551 0.8037618 
1 105 5450.7626953 3172.8039551 0.8037618 
1 106 5451.8330078 3174.2612305 0.8037905 
1 107 5452.5141602 3175.6357422 0.8037230 
1 108 5453.2773438 3176.2519531 0.8036764 
1 109 5454.2290039 3177.1660156 0.8036789 
1 110 5456.0502930 3177.9089355 0.8037525 
1 111 5457.9809570 3178.9211426 0.8037389 
1 112 5460.5712891 3179.7197266 0.8037270 
1 113 5463.7802734 3181.1835938 0.8037420 
1 114 5468.1958008 3182.8833008 0.8037500 
1 115 5472.7500000 3185.3286133 0.8037478 
1 116 5477.8964844 3188.7080078 0.8037942 
1 117 5483.4560547 3191.5249023 0.8037417 
1 118 5489.3222656 3194.2727051 0.8037722 
1 119 5494.8818359 3196.2951660 0.8037938 
1 120 5499.5947266 3197.5126953 0.8037440 
1 121 5502.7255859 3198.2958984 0.8036832 
1 122 5504.9062500 3199.0427246 0.8037109 
1 123 5507.3266602 3198.9960938 0.8037340 
1 124 5510.0244141 3199.1552734 0.8037721 
1 125 5512.3427734 3199.1499023 0.8038098 
1 126 5513.4482422 3199.8774414 0.8036901 
1 127 5515.4287109 3199.7177734 0.8036463 
1 128 5516.8320312 3199.4414062 0.8035926 
1 129 5517.8125000 3198.9223633 0.8035668 
1 130 5517.8125000 3198.9223633 0.8035668 
1 131 5518.8144531 3198.7880859 0.8036093 
1 132 5519.6918945 3199.8327637 0.8036053 
1 133 5520.3637695 3200.0249023 0.8035696 
1 134 5520.7724609 3200.7211914 0.8036160 
1 135 5521.6625977 3200.8613281 0.8036926 
1 136 5522.4531250 3200.7929688 0.8036963 
1 137 5522.7578125 3201.1596680 0.8036806 
1 138 5523.4619141 3201.2397461 0.8037297 
1 139 5523.8427734 3201.1997070 0.8036944 
1 140 5524.0126953 3200.9692383 0.8036081 
1 141 5524.2749023 3200.7678223 0.8035841 
1 142 5525.1972656 3200.7177734 0.8035796 
1 143 5525.8374023 3200.4904785 0.8036206 
1 144 5526.3427734 3200.4121094 0.8035882 
1 145 5526.9262695 3200.4487305 0.8035968 
1 146 5527.7368164 3200.4812012 0.8035626 
1 147 5528.4350586 3200.6091309 0.8035332 
1 148 5528.7822266 3200.7519531 0.8035167 
1 149 5529.0185547 3200.4331055 0.8035025 
1 150 5528.5307617 3200.1264648 0.8034971 
1 151 5527.7631836 3199.8940430 0.8034986 
1 152 5526.1074219 3199.8100586 0.8034173 
1 153 5525.4794922 3198.8481445 0.8033673 
1 154 5522.9970703 3198.5991211 0.8033056 
1 155 5522.9970703 3198.5991211 0.8033056 
1 156 5516.5551758 3194.6000977 0.8024207 
1 157 5502.4033203 3184.6875000 0.7987493 
1 158 5501.6865234 3184.1079102 0.7987330 
1 159 5435.7744141 3142.9584961 0.7780662 
1 160 5382.4848633 3111.3854980 0.7626243 
1 161 5328.5517578 3080.0629883 0.7456793 
1 162 5258.4687500 3041.0722656 0.7250444 
1 163 5195.3715820 3005.0256348 0.7059724 
1 164 5127.5898438 2968.8330078 0.6849277 
1 165 5069.8662109 2939.3200684 0.6673213 
1 166 5008.7509766 2907.3156738 0.6476315 
1 167 4943.4589844 2878.3452148 0.6267447 
1 168 4865.9672852 2844.6484375 0.6020457 
1 169 4780.4594727 2802.5703125 0.5758922 
1 170 4698.4399414 2766.6484375 0.5498269 
1 171 4619.3139648 2732.8625488 0.5260669 
1 172 4548.8666992 2701.3889160 0.5047821 
1 173 4484.3183594 2673.3449707 0.4852564 
1 174 4418.3666992 2641.8286133 0.4666968 
1 175 4351.3178711 2611.4702148 0.4478002 
1 176 4291.8212891 2587.3669434 0.4325289 
1 177 4233.3940430 2565.4082031 0.4177401 
1 178 4174.3007812 2542.1748047 0.4035783 
1 179 4119.3085938 2520.6269531 0.3901553 
1 180 4119.2666016 2520.6245117 0.3901461 
1 181 4066.4716797 2498.0554199 0.3769784 
1 182 4012.6979980 2476.7226562 0.3640421 
1 183 3958.6791992 2454.1262207 0.3507350 
1 184 3902.6770020 2431.5097656 0.3370755 
1 185 3848.9477539 2408.3535156 0.3233455 
1 186 3796.8989258 2386.6662598 0.3097751 
1 187 3751.2326660 2366.6286621 0.2978418 
1 188 3705.8691406 2345.6123047 0.2860665 
1 189 3664.9548340 2326.0852051 0.2749992 
1 190 3628.8632812 2307.8388672 0.2652955 
1 191 3596.8811035 2291.5930176 0.2564833 
1 192 3568.3010254 2277.0485840 0.2490461 
1 193 3541.4270020 2263.9003906 0.2423596 
1 194 3516.5932617 2251.8403320 0.2361993 
1 195 3495.4389648 2242.3173828 0.2315407 
1 196 3477.1091309 2234.4467773 0.2275943 
1 197 3457.7250977 2225.8129883 0.2236020 
1 198 3439.7612305 2219.3830566 0.2200887 
1 199 3424.7680664 2213.9626465 0.2171589 
1 200 3411.1450195 2210.2626953 0.2147889 
1 201 3397.8518066 2205.1083984 0.2123446 
1 202 3386.0720215 2200.4750977 0.2099645 
1 203 3376.4270020 2196.4206543 0.2078713 
1 204 3368.0927734 2192.4404297 0.2056888 
1 205 3368.1113281 2192.4501953 0.2056949 
1 206 3364.0595703 2192.1474609 0.2047539 
1 207 3355.8745117 2187.4309082 0.2028382 
1 208 3349.3447266 2186.2624512 0.2015151 
1 209 3347.0974121 2185.7124023 0.2013464 
1 210 3343.9140625 2184.2526855 0.2005499 
1 211 3343.1020508 2185.3103027 0.2004354 
1 212 3342.6635742 2184.8439941 0.2004728 
1 213 3343.1093750 2185.2219238 0.2005398 
1 214 3343.9814453 2184.6591797 0.2005159 
1 215 3344.8857422 2185.2128906 0.2005637 
1 216 3346.2939453 2185.9501953 0.2005527 
1 217 3348.5249023 2187.0295410 0.2005540 
1 218 3348.7534180 2187.5219727 0.2005482 
1 219 3348.5727539 2186.5803223 0.2005379 
1 220 3348.3896484 2185.4223633 0.2005822 
1 221 3349.7846680 2185.2878418 0.2006412 
1 222 3350.1950684 2185.5334473 0.2006275 
1 223 3349.2575684 2185.1960449 0.2006158 
1 224 3348.1875000 2184.7285156 0.2006105 
1 225 3347.6323242 2183.9924316 0.2006135 
1 226 3349.1411133 2184.0793457 0.2007013 
1 227 3349.9721680 2184.6682129 0.2006441 
1 228 3350.3496094 2184.7048340 0.2006343 
1 229 3351.3471680 2184.9013672 0.2006218 
1 230 3351.3471680 2184.9013672 0.2006218 
1 231 3351.4575195 2184.6923828 0.2005881 
1 232 3352.0080566 2184.2380371 0.2005842 
1 233 3353.3720703 2184.9140625 0.2005963 
1 234 3354.8139648 2185.0417480 0.2005618 
1 235 3355.7568359 2184.6625977 0.2004819 
1 236 3357.2314453 2184.3071289 0.2004318 
1 237 3357.6298828 2184.7219238 0.2004178 
1 238 3358.4873047 2184.1103516 0.2004285 
1 239 3358.6772461 2184.1899414 0.2004797 
1 240 3358.5410156 2183.9736328 0.2004895 
1 241 3358.4257812 2183.5739746 0.2004645 
1 242 3358.0615234 2183.3032227 0.2003967 
1 243 3357.9135742 2183.1455078 0.2003954 
1 244 3358.4289551 2183.0080566 0.2004034 
1 245 3359.2382812 2183.0253906 0.2004730 
1 246 3358.7844238 2183.7644043 0.2005080 
1 247 3359.0493164 2183.4238281 0.2005173 
1 248 3358.1679688 2183.5046387 0.2004809 
1 249 3357.9072266 2183.4941406 0.2004125 
1 250 3357.7182617 2183.5085449 0.2004340 
1 251 3357.5639648 2183.9670410 0.2004488 
1 252 3357.8820801 2184.0439453 0.2004624 
1 253 3357.5166016 2184.2436523 0.2004626 
1 254 3357.3239746 2184.5415039 0.2004696 
1 255 3357.3239746 2184.5415039 0.2004696 
1 256 3356.9902344 2184.4272461 0.2004514 
1 257 3357.1228027 2184.7436523 0.2004593 
1 258 3357.1374512 2184.5065918 0.2005041 
1 259 3356.6931152 2184.4091797 0.2005083 
1 260 3356.4438477 2184.5124512 0.2005352 
1 261 3356.9794922 2184.4367676 0.2005046 
1 262 3357.3833008 2184.4375000 0.2004612 
1 263 3357.5332031 2184.0874023 0.2004713 
1 264 3357.7028809 2184.1262207 0.2004855 
1 265 3358.2587891 2184.1892090 0.2004808 
1 266 3358.2670898 2184.5249023 0.2004690 
1 267 3358.8994141 2184.7321777 0.2004558 
1 268 3359.6171875 2184.6296387 0.2004297 
1 269 3360.0502930 2184.7109375 0.2004719 
1 270 3360.4194336 2184.6665039 0.2004729 
1 271 3360.3713379 2184.6481934 0.2005002 
1 272 3361.0192871 2184.7043457 0.2005661 
1 273 3361.2155762 2184.6628418 0.2005759 
1 274 3361.4614258 2184.3242188 0.2005521 
1 275 3361.2241211 2184.3945312 0.2005436 
1 276 3360.9506836 2184.3481445 0.2005009 
1 277 3360.8266602 2184.3095703 0.2004897 
1 278 3359.5820312 2184.3969727 0.2004375 
1 279 3359.9750977 2184.3991699 0.2004605 
1 280 3359.9750977 2184.3991699 0.2004605 
1 281 3359.2968750 2184.7404785 0.2004794 
1 282 3359.1994629 2184.9760742 0.2005023 
1 283 3358.8476562 2184.9514160 0.2005121 
1 284 3357.9633789 2185.0158691 0.2005275 
1 285 3357.8168945 2185.0390625 0.2005247 
1 286 3357.2900391 2185.0571289 0.2004950 
1 287 3356.5622559 2185.1391602 0.2004633 
1 288 3356.3383789 2185.2753906 0.2004960 
1 289 3355.6801758 2185.5620117 0.2004795 
1 290 3355.4453125 2185.8762207 0.2005126 
1 291 3354.8706055 2186.0683594 0.2004872 
1 292 3353.8081055 2186.3164062 0.2004718 
1 293 3353.3449707 2186.5224609 0.2004682 
1 294 3352.7905273 2186.5976562 0.2004281 
1 295 3351.9399414 2186.7102051 0.2003682 
1 296 3351.5051270 2186.3747559 0.2003191 
1 297 3351.4521484 2186.2978516 0.2002959 
1 298 3351.4873047 2186.3569336 0.2002896 
1 299 3351.6450195 2186.2082520 0.2002651 
1 300 3351.7614746 2186.3378906 0.2003244 
1 301 3350.6000977 2185.7885742 0.2000322 
1 302 3350.4489746 2185.7792969 0.2000357 
1 303 3350.5292969 2185.5034180 0.2000000 
1 304 3351.1821289 2185.5698242 0.2001068 
1 305 3351.1821289 2185.5698242 0.2001068 
1 306 3351.2670898 2185.6074219 0.2001991 
1 307 3351.2431641 2185.4863281 0.2002948 
1 308 3350.5847168 2185.1535645 0.2003501 
1 309 3350.2060547 2184.6811523 0.2004547 
1 310 3350.1289062 2184.5095215 0.2005476 
1 311 3350.2690430 2184.3991699 0.2006719 
1 312 3350.2624512 2184.2172852 0.2008242 
1 313 3350.4079590 2183.8596191 0.2009596 
1 314 3350.4479980 2183.6293945 0.2010837 
1 315 3350.4394531 2183.7070312 0.2012264 
1 316 3350.8337402 2183.9255371 0.2014222 
1 317 3351.3320312 2184.2177734 0.2015645 
1 318 3351.3315430 2184.2282715 0.2016432 
1 319 3351.2512207 2183.7478027 0.2016990 
1 320 3351.2255859 2183.6982422 0.2017402 
1 321 3351.5769043 2183.7961426 0.2017699 
1 322 3352.4384766 2183.8935547 0.2017724 
1 323 3352.7163086 2184.0463867 0.2018134 
1 324 3353.1799316 2184.1062012 0.2018478 
1 325 3353.3193359 2184.2778320 0.2018631 
1 326 3353.1040039 2184.0693359 0.2018455 
1 327 3352.9589844 2183.8073730 0.2018439 
1 328 3353.0935059 2183.8950195 0.2018797 
1 329 3353.5754395 2183.8979492 0.2018951 
1 330 3353.5754395 2183.8979492 0.2018951 
1 331 3353.6440430 2183.9174805 0.2019284 
1 332 3353.7226562 2183.9189453 0.2019533 
1 333 3354.0239258 2183.8815918 0.2019876 
1 334 3354.2329102 2183.8889160 0.2019562 
1 335 3354.3322754 2184.0061035 0.2019845 
1 336 3354.0708008 2184.0825195 0.2019563 
1 337 3354.1918945 2183.9645996 0.2019941 
1 338 3353.8725586 2183.6418457 0.2020252 
1 339 3353.7331543 2183.5778809 0.2020672 
1 340 3353.3647461 2183.6257324 0.2020888 
1 341 3353.1188965 2183.7653809 0.2020965 
1 342 3353.2937012 2184.2238770 0.2020838 
1 343 3353.0083008 2184.6884766 0.2020213 
1 344 3352.7810059 2185.0336914 0.2019228 
1 345 3352.3579102 2185.2858887 0.2018615 
1 346 3351.9665527 2185.5959473 0.2018376 
1 347 3352.2946777 2186.1430664 0.2018079 
1 348 3352.4436035 2186.3776855 0.2017133 
1 349 3353.3012695 2186.8654785 0.2015842 
1 350 3354.7304688 2187.2595215 0.2015177 
1 351 3355.8881836 2187.9609375 0.2015801 
1 352 3356.9560547 2188.4707031 0.2014653 
1 353 3357.4726562 2189.5664062 0.2013888 
1 354 3358.1931152 2190.4934082 0.2013278 
1 355 3358.1911621 2190.4934082 0.2013286 
1 356 3358.4858398 2191.5124512 0.2012632 
1 357 3358.9221191 2193.1425781 0.2010984 
1 358 3360.0673828 2195.4794922 0.2010645 
1 359 3360.0141602 2198.5793457 0.2009840 
1 360 3358.4184570 2201.5375977 0.2009498 
1 361 3357.9316406 2204.3676758 0.2009209 
1 362 3357.7983398 2207.8115234 0.2009646 
1 363 3357.3881836 2211.2473145 0.2010004 
1 364 3356.9389648 2214.4570312 0.2010136 
1 365 3357.3002930 2217.5915527 0.2010112 
1 366 3357.4987793 2221.7153320 0.2010785 
1 367 3357.9453125 2226.1721191 0.2010455 
1 368 3357.9150391 2231.3542480 0.2010086 
1 369 3358.2719727 2237.5573730 0.2009971 
1 370 3358.4663086 2244.7458496 0.2010066 
1 371 3358.0498047 2252.7883301 0.2010210 
1 372 3357.5363770 2260.2336426 0.2009724 
1 373 3357.3195801 2267.1345215 0.2009860 
1 374 3356.2773438 2273.7961426 0.2009827 
1 375 3356.0668945 2279.4445801 0.2009450 
1 376 3355.9882812 2284.9128418 0.2009497 
1 377 3355.4624023 2290.5715332 0.2009465 
1 378 3354.8457031 2296.1406250 0.2009597 
1 379 3354.5141602 2301.9589844 0.2009185 
1 380 3354.5141602 2301.9589844 0.2009185 
1 381 3353.9013672 2308.6518555 0.2009670 
1 382 3353.5229492 2314.1523438 0.2009248 
1 383 3352.4580078 2319.3645020 0.2009704 
1 384 3351.9870605 2324.3588867 0.2009823 
1 385 3352.1782227 2329.7763672 0.2010103 
1 386 3351.8847656 2336.2788086 0.2010209 
1 387 3351.6020508 2342.6694336 0.2009895 
1 388 3351.0415039 2347.8784180 0.2009799 
1 389 3350.0043945 2352.5974121 0.2009869 
1 390 3348.7324219 2356.6354980 0.2009559 
1 391 3347.5053711 2360.2561035 0.2009426 
1 392 3345.6303711 2363.2917480 0.2009467 
1 393 3343.1313477 2366.2595215 0.2009231 
1 394 3340.5520020 2369.0849609 0.2009370 
1 395 3336.6254883 2371.3388672 0.2009510 
1 396 3332.9780273 2373.9453125 0.2009612 
1 397 3329.4274902 2376.4047852 0.2009459 
1 398 3326.3198242 2379.4216309 0.2009741 
1 399 3324.0112305 2383.4992676 0.2009989 
1 400 3321.4565430 2388.4702148 0.2010269 
1 401 3318.1684570 2393.0368652 0.2010085 
1 402 3313.5380859 2397.1821289 0.2010054 
1 403 3308.1416016 2400.1418457 0.2009514 
1 404 3302.9960938 2402.8542480 0.2009359 
1 405 3302.9960938 2402.8542480 0.2009359 
1 406 3298.4956055 2405.4860840 0.2009194 
1 407 3293.7714844 2408.2309570 0.2009277 
1 408 3289.4907227 2410.4467773 0.2009177 
1 409 3285.5029297 2412.2597656 0.2009074 
1 410 3281.7370605 2414.1936035 0.2009051 
1 411 3278.2573242 2416.2656250 0.2009159 
1 412 3275.0859375 2418.5302734 0.2009400 
1 413 3272.7575684 2421.6477051 0.2009308 
1 414 3270.3969727 2424.6435547 0.2009185 
1 415 3267.5393066 2427.5908203 0.2009363 
1 416 3264.5771484 2430.2941895 0.2009350 
1 417 3261.2495117 2432.6049805 0.2009233 
1 418 3257.9897461 2435.2558594 0.2009619 
1 419 3255.2297363 2438.2622070 0.2009531 
1 420 3251.9448242 2440.6643066 0.2009603 
1 421 3248.3181152 2442.8779297 0.2009574 
1 422 3245.0656738 2444.6865234 0.2009532 
1 423 3241.6083984 2446.4006348 0.2009562 
1 424 3238.4746094 2447.7937012 0.2009490 
1 425 3236.0810547 2449.1979980 0.2009478 
1 426 3234.4895020 2451.2583008 0.2009485 
1 427 3233.3505859 2453.4436035 0.2009536 
1 428 3231.8442383 2455.6149902 0.2009523 
1 429 3230.1923828 2457.4956055 0.2009244 
1 430 3230.1923828 2457.4956055 0.2009244 
1 431 3228.0617676 2459.0773926 0.2009427 
1 432 3226.1933594 2460.5063477 0.2009551 
1 433 3224.0708008 2461.7553711 0.2009343 
1 434 3221.8793945 2463.0595703 0.2009394 
1 435 3220.1762695 2464.3801270 0.2009227 
1 436 3218.6643066 2465.6784668 0.2009347 
1 437 3217.1611328 2467.4301758 0.2009472 
1 438 3216.2326660 2468.7873535 0.2009577 
1 439 3214.3466797 2470.1669922 0.2009805 
1 440 3213.6953125 2471.9621582 0.2010501 
1 441 3213.3813477 2474.1474609 0.2010737 
1 442 3212.2236328 2476.6660156 0.2010397 
1 443 3211.4018555 2479.0341797 0.2010308 
1 444 3210.2004395 2481.1579590 0.2010185 
1 445 3209.1088867 2482.3913574 0.2010150 
1 446 3208.0568848 2483.4572754 0.2010127 
1 447 3207.7160645 2484.4399414 0.2010248 
1 448 3207.4680176 2485.8623047 0.2010330 
1 449 3207.5239258 2487.4118652 0.2010227 
1 450 3207.6416016 2489.3378906 0.2010419 
1 451 3208.0253906 2491.6518555 0.2010721 
1 452 3208.5009766 2494.4704590 0.2010909 
1 453 3209.2885742 2498.2456055 0.2011090 
1 454 3209.5454102 2502.3627930 0.2010901 
1 455 3209.5627441 2502.3725586 0.2010911 
1 456 3209.0310059 2505.8762207 0.2010790 
1 457 3208.8034668 2508.5161133 0.2010495 
1 458 3208.8645020 2510.8247070 0.2010468 
1 459 3208.6730957 2513.6594238 0.2010671 
1 460 3209.0942383 2516.6062012 0.2010692 
1 461 3209.0612793 2520.1235352 0.2010963 
1 462 3209.1093750 2523.3916016 0.2010821 
1 463 3209.0773926 2525.9504395 0.2010690 
1 464 3209.2062988 2528.8767090 0.2010614 
1 465 3209.2729492 2530.7783203 0.2010263 
1 466 3208.7353516 2532.2883301 0.2010078 
1 467 3209.0014648 2533.6989746 0.2010181 
1 468 3209.2849121 2535.3696289 0.2010519 
1 469 3209.2480469 2537.3818359 0.2010602 
1 470 3209.4028320 2539.0151367 0.2010468 
1 471 3209.1799316 2540.2670898 0.2010451 
1 472 3209.1159668 2541.3217773 0.2010351 
1 473 3209.2565918 2542.2124023 0.2010404 
1 474 3209.1552734 2542.8908691 0.2010221 
1 475 3209.2724609 2543.5827637 0.2010381 
1 476 3209.7924805 2544.3984375 0.2010351 
1 477 3210.1342773 2545.4965820 0.2010473 
1 478 3210.3666992 2546.2404785 0.2010236 
1 479 3210.7761230 2546.9106445 0.2010389 
1 480 3210.7761230 2546.9106445 0.2010389 
1 481 3210.9370117 2547.7185059 0.2010445 
1 482 3211.3618164 2548.7128906 0.2010428 
1 483 3211.3669434 2549.2470703 0.2010220 
1 484 3211.1113281 2549.3940430 0.2010130 
1 485 3211.0266113 2549.3125000 0.2010087 
1 486 3211.1420898 2549.2268066 0.2010008 
1 487 3211.2089844 2549.5092773 0.2010124 
1 488 3211.3356934 2549.7333984 0.2009946 
1 489 3211.3991699 2549.5893555 0.2009978 
1 490 3211.1926270 2549.5415039 0.2009990 
1 491 3211.6816406 2549.6542969 0.2010124 
1 492 3211.6967773 2549.7695312 0.2010206 
1 493 3212.0458984 2550.0429688 0.2010380 
1 494 3212.4287109 2550.5131836 0.2010416 
1 495 3212.3779297 2550.8371582 0.2010223 
1 496 3212.1608887 2550.8654785 0.2010130 
1 497 3211.9787598 2550.9260254 0.2010177 
1 498 3212.2189941 2551.2048340 0.2010071 
1 499 3212.3061523 2551.5449219 0.2010144 
1 500 3212.3203125 2551.8017578 0.2010148 
1 501 3212.5571289 2552.3759766 0.2010272 
1 502 3213.2421875 2553.9448242 0.2010517 
1 503 3213.9755859 2555.4636230 0.2010409 
1 504 3214.0996094 2556.7360840 0.2010503 
1 505 3214.0996094 2556.7360840 0.2010503 
1 506 3213.9560547 2558.3151855 0.2010593 
1 507 3214.0693359 2559.4951172 0.2010378 
1 508 3213.5415039 2560.0607910 0.2010290 
1 509 3213.4438477 2559.8593750 0.2010211 
1 510 3213.4738770 2560.0524902 0.2010408 
1 511 3214.0971680 2560.3974609 0.2010547 
1 512 3214.3710938 2561.1740723 0.2010748 
1 513 3215.0175781 2562.3903809 0.2010759 
1 514 3215.3720703 2563.0783691 0.2010614 
1 515 3215.2543945 2563.7856445 0.2010438 
1 516 3215.3759766 2563.7609863 0.2010274 
1 517 3215.0791016 2563.9797363 0.2010366 
1 518 3216.0546875 2564.5454102 0.2010622 
1 519 3217.0605469 2564.8984375 0.2010338 
1 520 3217.6706543 2565.0317383 0.2010288 
1 521 3218.1140137 2565.0776367 0.2010282 
1 522 3218.6389160 2565.0891113 0.2010116 
1 523 3219.2502441 2565.0998535 0.2010194 
1 524 3219.9475098 2565.1779785 0.2010229 
1 525 3220.6474609 2565.1562500 0.2009981 
1 526 3221.2304688 2565.1069336 0.2010085 
1 527 3221.9411621 2565.0756836 0.2010110 
1 528 3222.7612305 2565.0026855 0.2010173 
1 529 3224.0971680 2565.0278320 0.2010135 
1 530 3224.0971680 2565.0278320 0.2010135 
1 531 3225.7434082 2564.9938965 0.2010304 
1 532 3226.7778320 2564.9023438 0.2010133 
1 533 3227.0083008 2564.5944824 0.2010198 
1 534 3227.2910156 2564.5947266 0.2010311 
1 535 3228.2175293 2564.6730957 0.2010444 
1 536 3229.1574707 2564.9658203 0.2010535 
1 537 3230.5905762 2564.9653320 0.2010637 
1 538 3232.5270996 2564.7143555 0.2010711 
1 539 3234.1318359 2564.5854492 0.2010598 
1 540 3236.6040039 2564.2932129 0.2010586 
1 541 3239.7241211 2564.1372070 0.2010841 
1 542 3244.2524414 2564.2067871 0.2010905 
1 543 3249.8535156 2563.7902832 0.2010812 
1 544 3254.3706055 2563.3281250 0.2010759 
1 545 3256.8066406 2562.0495605 0.2010483 
1 546 3260.0419922 2559.7214355 0.2010512 
1 547 3263.1660156 2557.2543945 0.2010644 
1 548 3267.1237793 2555.8295898 0.2011374 
1 549 3271.6896973 2554.1069336 0.2011265 
1 550 3275.6687012 2552.4953613 0.2011295 
1 551 3279.0993652 2550.6047363 0.2010928 
1 552 3281.9614258 2547.8647461 0.2010851 
1 553 3284.6765137 2544.7280273 0.2011005 
1 554 3287.7646484 2541.7475586 0.2011135 
1 555 3287.7768555 2541.7456055 0.2011137 
1 556 3290.1313477 2538.7155762 0.2010860 
1 557 3292.5957031 2534.5883789 0.2011000 
1 558 3294.5917969 2531.0485840 0.2011406 
1 559 3296.6904297 2527.7854004 0.2011653 
1 560 3299.3874512 2524.9777832 0.2011892 
1 561 3301.9599609 2522.9289551 0.2012170 
1 562 3304.3771973 2520.5742188 0.2012068 
1 563 3306.6450195 2517.9067383 0.2012242 
1 564 3308.2810059 2515.2128906 0.2012252 
1 565 3310.2109375 2512.7795410 0.2012473 
1 566 3312.3742676 2510.8889160 0.2012414 
1 567 3314.1298828 2508.5986328 0.2012199 
1 568 3315.3625488 2505.0214844 0.2011582 
1 569 3316.4479980 2500.0280762 0.2011631 
1 570 3317.2790527 2494.1958008 0.2011591 
1 571 3318.7358398 2488.8569336 0.2011786 
1 572 3320.5522461 2483.8708496 0.2011764 
1 573 3322.4956055 2479.1279297 0.2012104 
1 574 3324.4897461 2474.6945801 0.2012084 
1 575 3326.3625488 2469.8701172 0.2012082 
1 576 3328.4614258 2465.4284668 0.2012331 
1 577 3330.6953125 2461.3986816 0.2012462 
1 578 3332.5532227 2457.0139160 0.2012460 
1 579 3334.0344238 2452.4089355 0.2012386 
1 580 3334.0344238 2452.4089355 0.2012386 
1 581 3335.4541016 2446.1223145 0.2012203 
1 582 3337.4614258 2440.0075684 0.2013055 
1 583 3339.4680176 2435.6223145 0.2013435 
1 584 3342.2817383 2431.2592773 0.2013572 
1 585 3344.8173828 2426.9711914 0.2013471 
1 586 3347.7705078 2421.5993652 0.2013305 
1 587 3349.4821777 2415.2700195 0.2013104 
1 588 3350.8164062 2408.0629883 0.2013117 
1 589 3353.0153809 2402.3325195 0.2013345 
1 590 3355.1401367 2396.6345215 0.2013298 
1 591 3357.1130371 2390.7646484 0.2013268 
1 592 3358.5046387 2385.0100098 0.2013196 
1 593 3360.1977539 2380.2810059 0.2014200 
1 594 3361.9045410 2375.5451660 0.2014460 
1 595 3363.8039551 2370.5063477 0.2014729 
1 596 3365.6176758 2365.2001953 0.2014990 
1 597 3367.4157715 2360.1093750 0.2014752 
1 598 3369.2753906 2354.4086914 0.2014005 
1 599 3370.8022461 2349.6586914 0.2013631 
1 600 3372.2775879 2345.2299805 0.2012819 
1 601 3373.4863281 2340.3381348 0.2012169 
1 602 3374.6350098 2335.5683594 0.2012530 
1 603 3375.7685547 2330.6708984 0.2012860 
1 604 3376.2114258 2325.5205078 0.2012291 
1 605 3376.2099609 2325.5209961 0.2012295 
1 606 3376.8720703 2320.5207520 0.2011971 
1 607 3377.0136719 2315.3471680 0.2011726 
1 608 3376.8242188 2309.0102539 0.2011616 
1 609 3377.0942383 2301.5910645 0.2011596 
1 610 3377.7070312 2294.4448242 0.2011763 
1 611 3377.9589844 2288.4812012 0.2011841 
1 612 3378.8903809 2283.6342773 0.2011926 
1 613 3379.3242188 2279.7265625 0.2012026 
1 614 3379.6196289 2276.4665527 0.2012990 
1 615 3379.8708496 2272.8044434 0.2012884 
1 616 3380.1958008 2269.1401367 0.2013127 
1 617 3382.1064453 2266.2131348 0.2017151 
1 618 3382.8652344 2263.1289062 0.2018719 
1 619 3383.3493652 2260.0278320 0.2019008 
1 620 3384.6635742 2257.6618652 0.2019819 
1 621 3385.4455566 2254.6879883 0.2019685 
1 622 3386.3308105 2252.0888672 0.2021403 
1 623 3386.9384766 2249.7001953 0.2020949 
1 624 3387.4213867 2247.4509277 0.2020054 
1 625 3387.5874023 2245.2114258 0.2019343 
1 626 3388.3676758 2242.4096680 0.2019108 
1 627 3389.0629883 2239.4055176 0.2019112 
1 628 3389.8715820 2236.4916992 0.2018762 
1 629 3390.3513184 2233.7983398 0.2018435 
1 630 3390.3513184 2233.7983398 0.2018435 
1 631 3390.5014648 2231.2470703 0.2017596 
1 632 3391.5061035 2228.6728516 0.2017068 
1 633 3392.7490234 2226.2463379 0.2016520 
1 634 3393.6030273 2223.1279297 0.2015555 
1 635 3395.6860352 2221.0815430 0.2015477 
1 636 3398.6547852 2220.0324707 0.2015121 
1 637 3401.9421387 2218.4160156 0.2015231 
1 638 3404.0458984 2216.9819336 0.2014568 
1 639 3407.3222656 2215.3986816 0.2014913 
1 640 3410.3925781 2213.5891113 0.2014796 
1 641 3412.5217285 2211.9692383 0.2015222 
1 642 3414.2810059 2209.5991211 0.2015123 
1 643 3415.8432617 2207.0957031 0.2016061 
1 644 3417.1953125 2204.0102539 0.2016317 
1 645 3418.8259277 2200.9392090 0.2016702 
1 646 3419.5983887 2198.8515625 0.2016951 
1 647 3420.9355469 2196.6623535 0.2016182 
1 648 3422.0620117 2193.8022461 0.2016141 
1 649 3424.1809082 2190.7978516 0.2014931 
1 650 3427.5634766 2187.7009277 0.2014147 
1 651 3431.3122559 2184.9111328 0.2014598 
1 652 3435.2492676 2182.8317871 0.2013128 
1 653 3439.8928223 2181.8056641 0.2012383 
1 654 3444.9531250 2181.0693359 0.2011306 
1 655 3444.9531250 2181.0693359 0.2011306 
1 656 3449.9067383 2180.5388184 0.2009056 
1 657 3455.4782715 2180.2871094 0.2008674 
1 658 3461.4921875 2180.5788574 0.2008877 
1 659 3468.2546387 2180.8593750 0.2008673 
1 660 3475.5566406 2181.0019531 0.2009237 
1 661 3482.6469727 2180.7792969 0.2008884 
1 662 3490.0952148 2180.4614258 0.2009185 
1 663 3497.6281738 2180.3603516 0.2009582 
1 664 3505.3608398 2180.0422363 0.2009831 
1 665 3511.6833496 2179.7175293 0.2009556 
1 666 3518.0935059 2179.5917969 0.2009485 
1 667 3524.3198242 2179.2597656 0.2008931 
1 668 3528.9360352 2179.0803223 0.2008853 
1 669 3533.1181641 2178.9531250 0.2009226 
1 670 3538.1806641 2179.1586914 0.2009826 
1 671 3543.1245117 2178.9389648 0.2009786 
1 672 3547.9323730 2178.7666016 0.2010017 
1 673 3552.2509766 2178.7009277 0.2009922 
1 674 3556.6943359 2178.7180176 0.2010221 
1 675 3561.5375977 2178.5263672 0.2010450 
1 676 3566.0231934 2178.4941406 0.2010942 
1 677 3570.7224121 2178.4787598 0.2010907 
1 678 3576.5742188 2178.5859375 0.2011815 
1 679 3581.7094727 2178.5463867 0.2012336 
1 680 3581.7094727 2178.5463867 0.2012336 
1 681 3586.0988770 2178.9799805 0.2013462 
1 682 3591.4172363 2178.9619141 0.2014180 
1 683 3596.3740234 2179.0971680 0.2015305 
1 684 3600.5617676 2179.2761230 0.2015840 
1 685 3604.6618652 2179.3388672 0.2016973 
1 686 3609.0014648 2179.3974609 0.2018003 
1 687 3613.4274902 2180.2807617 0.2018980 
1 688 3617.7558594 2180.7868652 0.2019454 
1 689 3621.5268555 2180.9580078 0.2019980 
1 690 3625.1330566 2181.6628418 0.2020755 
1 691 3628.4436035 2182.2397461 0.2021086 
1 692 3631.6872559 2182.7402344 0.2021969 
1 693 3635.0209961 2182.9067383 0.2022500 
1 694 3637.9487305 2183.2092285 0.2023379 
1 695 3641.3400879 2183.9448242 0.2023887 
1 696 3644.7495117 2183.9431152 0.2023473 
1 697 3647.4904785 2183.6784668 0.2022989 
1 698 3650.2207031 2183.3557129 0.2021990 
1 699 3652.2741699 2183.9990234 0.2022008 
1 700 3653.3115234 2183.4670410 0.2019168 
1 701 3655.1635742 2183.4792480 0.2019386 
1 702 3656.0769043 2182.5595703 0.2017057 
1 703 3656.6992188 2182.0700684 0.2017028 
1 704 3657.4272461 2181.4167480 0.2016095 
1 705 3657.4221191 2181.5415039 0.2016079 
1 706 3658.7695312 2181.5595703 0.2017121 
1 707 3660.0678711 2181.4902344 0.2018217 
1 708 3661.2829590 2181.7751465 0.2018325 
1 709 3662.8735352 2182.8288574 0.2019333 
1 710 3664.4680176 2184.2885742 0.2019971 
1 711 3665.1435547 2186.0971680 0.2019518 
1 712 3665.9924316 2188.1264648 0.2019122 
1 713 3667.1914062 2189.7321777 0.2019020 
1 714 3667.9780273 2190.6115723 0.2018420 
1 715 3668.5949707 2191.0200195 0.2017515 
1 716 3669.6328125 2192.1701660 0.2017390 
1 717 3670.8666992 2193.4924316 0.2017478 
1 718 3671.7897949 2195.1330566 0.2017581 
1 719 3672.7031250 2196.8452148 0.2017268 
1 720 3672.8698730 2197.9497070 0.2016764 
1 721 3673.2580566 2199.0793457 0.2016529 
1 722 3673.2495117 2199.7292480 0.2015564 
1 723 3673.1557617 2200.4187012 0.2015067 
1 724 3673.3933105 2200.5544434 0.2014535 
1 725 3673.3449707 2201.2187500 0.2014415 
1 726 3673.8332520 2201.2827148 0.2014221 
1 727 3673.7524414 2201.5620117 0.2013827 
1 728 3674.4023438 2202.0302734 0.2013565 
1 729 3674.3598633 2202.4860840 0.2012818 
1 730 3674.3598633 2202.4860840 0.2012818 
1 731 3674.8344727 2202.9316406 0.2012527 
1 732 3675.1291504 2203.3046875 0.2012272 
1 733 3675.7778320 2204.1098633 0.2012535 
1 734 3676.2670898 2205.2900391 0.2012369 
1 735 3676.5295410 2207.0375977 0.2012480 
1 736 3677.1264648 2208.7805176 0.2012267 
1 737 3677.3010254 2210.1542969 0.2011546 
1 738 3677.5207520 2211.0036621 0.2011219 
1 739 3677.4458008 2211.8647461 0.2011199 
1 740 3678.0969238 2212.9614258 0.2011271 
1 741 3678.2885742 2213.4643555 0.2010771 
1 742 3678.2949219 2213.8967285 0.2010749 
1 743 3678.9902344 2214.0341797 0.2010879 
1 744 3679.1894531 2214.6123047 0.2011164 
1 745 3680.1918945 2215.7773438 0.2012193 
1 746 3680.7788086 2216.9531250 0.2012406 
1 747 3680.9179688 2218.1020508 0.2012686 
1 748 3681.4770508 2218.9506836 0.2012834 
1 749 3681.6245117 2219.4008789 0.2012688 
1 750 3681.8071289 2220.4204102 0.2012871 
1 751 3682.5795898 2222.3684082 0.2013057 
1 752 3682.6965332 2224.3391113 0.2012369 
1 753 3682.9348145 2225.7001953 0.2012417 
1 754 3683.3515625 2226.3798828 0.2011818 
1 755 3683.3515625 2226.3798828 0.2011818 
1 756 3683.8344727 2227.0944824 0.2011631 
1 757 3684.5529785 2228.3547363 0.2011334 
1 758 3685.1435547 2229.6259766 0.2011255 
1 759 3685.4331055 2230.6081543 0.2011181 
1 760 3686.0947266 2231.4311523 0.2011204 
1 761 3686.1884766 2232.4584961 0.2011142 
1 762 3686.1062012 2233.3476562 0.2011037 
1 763 3685.6611328 2233.8759766 0.2010366 
1 764 3685.3945312 2234.8422852 0.2010390 
1 765 3684.6611328 2235.4387207 0.2010166 
1 766 3684.1774902 2235.7145996 0.2009987 
1 767 3683.3718262 2235.8388672 0.2010042 
1 768 3683.7829590 2236.1411133 0.2010379 
1 769 3683.4328613 2237.0871582 0.2010118 
1 770 3683.3791504 2238.1259766 0.2009989 
1 771 3683.2517090 2239.2045898 0.2009612 
1 772 3683.4191895 2240.9079590 0.2009719 
1 773 3682.3618164 2242.2116699 0.2009201 
1 774 3681.9138184 2243.2231445 0.2010145 
1 775 3681.3676758 2244.1945801 0.2010137 
1 776 3681.2812500 2244.9245605 0.2010218 
1 777 3681.2602539 2245.8144531 0.2010114 
1 778 3681.1682129 2246.7165527 0.2010282 
1 779 3680.9384766 2247.4365234 0.2010478 
1 780 3680.9384766 2247.4365234 0.2010478 
1 781 3680.3515625 2248.6391602 0.2010827 
1 782 3680.1511230 2249.9318848 0.2011013 
1 783 3680.0463867 2251.1691895 0.2011140 
1 784 3679.9726562 2252.4140625 0.2011289 
1 785 3679.9953613 2253.4528809 0.2011582 
1 786 3679.6384277 2254.1892090 0.2011129 
1 787 3680.4724121 2255.0874023 0.2012875 
1 788 3680.5390625 2255.6704102 0.2013161 
1 789 3680.5844727 2256.2832031 0.2013481 
1 790 3680.5273438 2256.1103516 0.2012559 
1 791 3680.2592773 2256.0546875 0.2012716 
1 792 3680.7661133 2255.6711426 0.2013259 
1 793 3680.9411621 2255.8476562 0.2013334 
1 794 3681.3911133 2255.7141113 0.2013234 
1 795 3681.2648926 2255.4345703 0.2013262 
1 796 3681.2294922 2255.4597168 0.2013535 
1 797 3681.7192383 2255.5637207 0.2013664 
1 798 3681.5920410 2255.4995117 0.2013718 
1 799 3681.3955078 2255.2641602 0.2013830 
1 800 3681.2207031 2254.9052734 0.2013956 
1 801 3680.7695312 2254.2998047 0.2013906 
1 802 3681.1469727 2253.3818359 0.2014364 
1 803 3681.3503418 2252.7392578 0.2014687 
1 804 3681.5581055 2251.9948730 0.2013297 
1 805 3681.5581055 2251.9948730 0.2013297 
1 806 3682.2409668 2250.8378906 0.2013268 
1 807 3682.5903320 2249.2189941 0.2013936 
1 808 3683.1391602 2247.0395508 0.2015780 
1 809 3683.2548828 2244.0966797 0.2017540 
1 810 3684.2214355 2242.9028320 0.2020779 
1 811 3684.3747559 2244.2583008 0.2023786 
1 812 3683.6406250 2246.3886719 0.2025121 
1 813 3682.0019531 2247.8200684 0.2023908 
1 814 3681.6320801 2246.0678711 0.2023831 
1 815 3682.4460449 2243.6228027 0.2023721 
1 816 3676.9895020 2245.8388672 0.2018721 
1 817 3676.8588867 2242.9934082 0.2019390 
1 818 3676.5903320 2242.6665039 0.2019411 
1 819 3675.4174805 2240.8444824 0.2015331 
1 820 3671.8505859 2238.0839844 0.2006571 
1 821 3672.1726074 2237.5397949 0.2006654 
1 822 3672.9245605 2237.5312500 0.2008665 
1 823 3672.7292480 2237.9335938 0.2010173 
1 824 3672.9431152 2238.4062500 0.2011499 
1 825 3672.3034668 2238.8754883 0.2012553 
1 826 3672.2944336 2239.8879395 0.2013433 
1 827 3672.3366699 2241.6201172 0.2015139 
1 828 3671.4587402 2243.9118652 0.2016364 
1 829 3671.2924805 2245.9089355 0.2017578 
1 830 3671.2729492 2245.8935547 0.2017481 
1 831 3671.5961914 2248.2021484 0.2018914 
1 832 3671.2065430 2250.6093750 0.2020123 
1 833 3670.9492188 2252.7260742 0.2021502 
1 834 3671.2836914 2254.5874023 0.2022607 
1 835 3671.2731934 2256.9580078 0.2024186 
1 836 3671.7038574 2258.5361328 0.2025721 
1 837 3671.6606445 2260.1584473 0.2027050 
1 838 3671.9177246 2261.3513184 0.2028271 
1 839 3671.7080078 2261.9946289 0.2029261 
1 840 3671.4633789 2263.2529297 0.2030450 
1 841 3671.8454590 2264.2172852 0.2031341 
1 842 3671.4023438 2265.0712891 0.2032416 
1 843 3672.0214844 2265.8483887 0.2033485 
1 844 3672.1806641 2266.7314453 0.2034308 
1 845 3672.0761719 2267.5876465 0.2035239 
1 846 3672.1240234 2268.5209961 0.2036243 
1 847 3671.7990723 2269.0573730 0.2036472 
1 848 3671.8071289 2269.6337891 0.2037577 
1 849 3671.9140625 2271.1545410 0.2038971 
1 850 3672.3178711 2273.4689941 0.2040057 
1 851 3672.1308594 2275.5019531 0.2040888 
1 852 3671.9992676 2277.1762695 0.2042214 
1 853 3672.0576172 2278.6696777 0.2043669 
1 854 3671.9082031 2279.6813965 0.2045359 
1 855 3671.9082031 2279.6813965 0.2045359 
1 856 3672.1831055 2280.3911133 0.2047199 
1 857 3672.4770508 2280.8759766 0.2049064 
1 858 3672.8574219 2281.7041016 0.2052168 
1 859 3673.2336426 2282.3984375 0.2054390 
1 860 3674.7641602 2283.5141602 0.2061408 
1 861 3674.7536621 2284.2172852 0.2064305 
1 862 3675.9008789 2284.1118164 0.2064739 
1 863 3677.2778320 2284.8925781 0.2069773 
1 864 3679.4899902 2285.3879395 0.2077607 
1 865 3681.3564453 2285.7158203 0.2083304 
1 866 3681.5822754 2285.6635742 0.2084445 
1 867 3681.9067383 2285.9331055 0.2086504 
1 868 3682.6379395 2286.5019531 0.2090437 
1 869 3681.9125977 2286.1396484 0.2087353 
1 870 3682.6308594 2286.1936035 0.2089639 
1 871 3683.0546875 2286.2958984 0.2092431 
1 872 3683.7597656 2286.1118164 0.2093551 
1 873 3684.9287109 2286.5678711 0.2094881 
1 874 3685.9362793 2287.1298828 0.2097918 
1 875 3687.7055664 2287.6337891 0.2100775 
1 876 3689.3947754 2288.0871582 0.2103664 
1 877 3691.9628906 2288.5126953 0.2107548 
1 878 3694.1264648 2289.2963867 0.2111219 
1 879 3696.8676758 2290.6513672 0.2119407 
1 880 3696.8676758 2290.6513672 0.2119407 
1 881 3700.7834473 2292.2448730 0.2126976 
1 882 3703.1027832 2292.6240234 0.2131892 
1 883 3705.2412109 2293.4919434 0.2138629 
1 884 3704.9511719 2294.2897949 0.2139786 
1 885 3705.9692383 2290.9062500 0.2109419 
1 886 3708.7700195 2288.2114258 0.2091071 
1 887 3711.4799805 2288.5036621 0.2092372 
1 888 3715.0585938 2288.4802246 0.2093139 
1 889 3718.8100586 2288.6748047 0.2095913 
1 890 3722.9096680 2287.8488770 0.2085420 
1 891 3727.1381836 2288.2475586 0.2085694 
1 892 3731.2773438 2288.0976562 0.2085056 
1 893 3735.3210449 2287.9775391 0.2084818 
1 894 3739.1601562 2288.0922852 0.2085341 
1 895 3743.7058105 2288.5498047 0.2085630 
1 896 3748.0151367 2288.3737793 0.2084437 
1 897 3754.0637207 2288.1791992 0.2086832 
1 898 3760.4858398 2287.8496094 0.2089516 
1 899 3765.6098633 2288.2148438 0.2091094 
1 900 3770.3242188 2289.0395508 0.2093467 
1 901 3773.6730957 2290.1457520 0.2096271 
1 902 3776.0224609 2291.7397461 0.2097038 
1 903 3777.0275879 2296.1699219 0.2097621 
1 904 3777.7148438 2302.1481934 0.2097194 
1 905 3777.7148438 2302.1481934 0.2097194 
1 906 3776.7419434 2307.8901367 0.2095858 
1 907 3775.9614258 2313.8515625 0.2094576 
1 908 3775.4609375 2320.6418457 0.2093262 
1 909 3774.9636230 2327.6516113 0.2091781 
1 910 3774.3176270 2335.0522461 0.2090785 
1 911 3773.9760742 2342.2333984 0.2090145 
1 912 3773.3940430 2350.1198730 0.2090062 
1 913 3773.3076172 2357.7182617 0.2089728 
1 914 3773.2397461 2364.7768555 0.2090043 
1 915 3773.3225098 2372.8686523 0.2091094 
1 916 3773.0278320 2379.4873047 0.2092723 
1 917 3773.1228027 2385.0429688 0.2094063 
1 918 3773.1196289 2389.8378906 0.2095769 
1 919 3773.2961426 2394.3320312 0.2097587 
1 920 3773.6242676 2399.0122070 0.2098748 
1 921 3773.4423828 2402.8237305 0.2099203 
1 922 3773.4760742 2406.0771484 0.2099271 
1 923 3773.6071777 2409.6506348 0.2099348 
1 924 3773.6503906 2413.6206055 0.2099353 
1 925 3774.0417480 2417.6801758 0.2099387 
1 926 3773.7543945 2422.0009766 0.2099081 
1 927 3773.6669922 2424.4208984 0.2098454 
1 928 3773.0307617 2425.8942871 0.2097862 
1 929 3773.3295898 2426.8610840 0.2097473 
1 930 3773.3295898 2426.8610840 0.2097473 
1 931 3772.9731445 2428.7480469 0.2097218 
1 932 3772.6923828 2430.9357910 0.2096664 
1 933 3772.0678711 2432.2031250 0.2095972 
1 934 3772.3437500 2433.3249512 0.2095529 
1 935 3772.1733398 2434.1928711 0.2094786 
1 936 3771.8120117 2435.0839844 0.2094148 
1 937 3771.9995117 2436.3022461 0.2093549 
1 938 3771.9506836 2437.7731934 0.2092982 
1 939 3771.7900391 2439.3120117 0.2092493 
1 940 3771.5825195 2440.1887207 0.2092089 
1 941 3770.9223633 2441.4331055 0.2091820 
1 942 3770.7788086 2442.8359375 0.2091673 
1 943 3770.0502930 2443.6059570 0.2091307 
1 944 3770.1909180 2443.7766113 0.2091264 
1 945 3770.3320312 2443.8115234 0.2091104 
1 946 3770.3708496 2443.8583984 0.2091096 
1 947 3771.0224609 2443.8178711 0.2091045 
1 948 3771.2243652 2444.0175781 0.2090954 
1 949 3771.7983398 2444.7971191 0.2090406 
1 950 3772.1240234 2444.6948242 0.2089713 
1 951 3771.5742188 2444.6513672 0.2089130 
1 952 3772.1560059 2444.8703613 0.2088752 
1 953 3772.0886230 2445.3764648 0.2088606 
1 954 3772.0742188 2445.6850586 0.2088466 
1 955 3772.0742188 2445.6850586 0.2088466 
1 956 3772.0822754 2445.9375000 0.2088311 
1 957 3772.0388184 2446.1794434 0.2088334 
1 958 3771.8535156 2446.2109375 0.2088514 
1 959 3771.8923340 2446.6201172 0.2089149 
1 960 3772.3073730 2446.8627930 0.2089893 
1 961 3771.9687500 2446.7929688 0.2090897 
1 962 3771.9616699 2446.7551270 0.2092899 
1 963 3772.4536133 2447.1262207 0.2094916 
1 964 3772.3645020 2448.4873047 0.2097528 
1 965 3770.9011230 2451.4074707 0.2092029 
1 966 3770.9155273 2451.7910156 0.2092056 
1 967 3771.0080566 2451.9990234 0.2092682 
1 968 3771.0144043 2452.8452148 0.2092965 
1 969 3771.3149414 2452.8081055 0.2093138 
1 970 3771.2548828 2453.2685547 0.2093332 
1 971 3771.7104492 2454.0532227 0.2093432 
1 972 3771.7915039 2454.5192871 0.2093529 
1 973 3772.2678223 2454.7370605 0.2093762 
1 974 3773.1076660 2454.8237305 0.2093791 
1 975 3773.5891113 2455.4445801 0.2093667 
1 976 3774.7104492 2456.1643066 0.2094027 
1 977 3775.8315430 2456.6538086 0.2094226 
1 978 3777.0227051 2456.7392578 0.2093861 
1 979 3779.0976562 2457.2666016 0.2094624 
1 980 3779.0939941 2457.2788086 0.2094648 
1 981 3782.1179199 2457.2878418 0.2094252 
1 982 3785.6694336 2457.3427734 0.2094492 
1 983 3789.6704102 2457.5502930 0.2095191 
1 984 3793.7143555 2457.1198730 0.2094866 
1 985 3797.5161133 2457.1071777 0.2095431 
1 986 3801.9277344 2457.1401367 0.2096307 
1 987 3806.4309082 2457.7099609 0.2096700 
1 988 3810.8481445 2458.9213867 0.2097296 
1 989 3814.5239258 2460.3134766 0.2096738 
1 990 3817.9870605 2462.4035645 0.2097937 
1 991 3820.9462891 2465.6716309 0.2098021 
1 992 3822.9594727 2469.7604980 0.2098234 
1 993 3824.7534180 2474.3427734 0.2098465 
1 994 3826.6809082 2478.8532715 0.2098324 
1 995 3827.8266602 2483.7299805 0.2098439 
1 996 3828.8618164 2488.6323242 0.2098501 
1 997 3829.3427734 2492.5468750 0.2098450 
1 998 3830.7141113 2495.4282227 0.2098381 
1 999 3831.7250977 2498.9494629 0.2098827 
1 1000 3832.4877930 2502.0935059 0.2097794 
1 1001 3832.8332520 2503.6821289 0.2096893 
1 1002 3832.8110352 2504.0769043 0.2096085 
1 1003 3832.8984375 2504.0847168 0.2096291 
1 1004 3833.1523438 2504.2050781 0.2096562 
1 1005 3833.1523438 2504.2050781 0.2096562 
1 1006 3833.7993164 2504.6052246 0.2096359 
1 1007 3835.0375977 2504.8295898 0.2096435 
1 1008 3835.5996094 2504.7504883 0.2096359 
1 1009 3836.0683594 2504.6381836 0.2096618 
1 1010 3836.6865234 2505.0791016 0.2096597 
1 1011 3837.6152344 2506.1242676 0.2096757 
1 1012 3837.5380859 2506.9870605 0.2096132 
1 1013 3838.2407227 2508.0939941 0.2096626 
1 1014 3838.5693359 2509.4531250 0.2097048 
1 1015 3838.7424316 2510.4677734 0.2097953 
1 1016 3839.1577148 2511.6550293 0.2098627 
1 1017 3839.4055176 2512.6972656 0.2099231 
1 1018 3839.0310059 2513.6203613 0.2099666 
1 1019 3839.2890625 2513.6457520 0.2100055 
1 1020 3839.1909180 2513.9941406 0.2100320 
1 1021 3839.8652344 2514.4873047 0.2100822 
1 1022 3840.0183105 2515.1694336 0.2101015 
1 1023 3840.4985352 2515.5766602 0.2101240 
1 1024 3840.5163574 2516.1647949 0.2101186 
1 1025 3841.3696289 2517.1049805 0.2101243 
1 1026 3841.8891602 2518.1711426 0.2101264 
1 1027 3842.4450684 2519.3330078 0.2101814 
1 1028 3843.6633301 2520.5590820 0.2101990 
1 1029 3843.6950684 2520.8857422 0.2102136 
1 1030 3843.6950684 2520.8857422 0.2102136 
1 1031 3844.4648438 2521.2595215 0.2102708 
1 1032 3845.4267578 2522.2653809 0.2104247 
1 1033 3846.4833984 2523.5825195 0.2104996 
1 1034 3847.0178223 2524.8222656 0.2105049 
1 1035 3847.0263672 2525.2045898 0.2103035 
1 1036 3847.0019531 2526.0031738 0.2100064 
1 1037 3847.4294434 2526.3798828 0.2100612 
1 1038 3847.6704102 2527.2651367 0.2100074 
1 1039 3847.9951172 2527.9807129 0.2099116 
1 1040 3848.2971191 2528.6389160 0.2098376 
1 1041 3847.9321289 2529.4479980 0.2096889 
1 1042 3848.7060547 2530.3264160 0.2097489 
1 1043 3848.3442383 2531.3198242 0.2096885 
1 1044 3848.0832520 2532.4179688 0.2095546 
1 1045 3846.7136230 2532.8286133 0.2092776 
1 1046 3845.8603516 2532.7346191 0.2090689 
1 1047 3844.9729004 2532.7622070 0.2088862 
1 1048 3844.7871094 2532.8281250 0.2087437 
1 1049 3843.8381348 2532.4257812 0.2086059 
1 1050 3842.7968750 2532.2758789 0.2085286 
1 1051 3842.5954590 2532.3032227 0.2084514 
1 1052 3840.8154297 2532.0017090 0.2083895 
1 1053 3838.5590820 2531.8979492 0.2084221 
1 1054 3837.2187500 2531.8273926 0.2084740 
1 1055 3837.2187500 2531.8273926 0.2084740 
1 1056 3835.3071289 2532.2246094 0.2085560 
1 1057 3835.0844727 2532.6142578 0.2086803 
1 1058 3833.9113770 2532.7390137 0.2087936 
1 1059 3831.5622559 2532.4143066 0.2089133 
1 1060 3829.4746094 2532.1022949 0.2090614 
1 1061 3828.1469727 2531.9614258 0.2092094 
1 1062 3828.0141602 2532.1918945 0.2093558 
1 1063 3827.8527832 2532.2500000 0.2094661 
1 1064 3826.2988281 2532.4362793 0.2095661 
1 1065 3826.5620117 2531.3896484 0.2096123 
1 1066 3825.9062500 2529.4208984 0.2096379 
1 1067 3826.0380859 2528.2480469 0.2096612 
1 1068 3826.3122559 2528.1030273 0.2096709 
1 1069 3826.0532227 2528.0876465 0.2096645 
1 1070 3825.7172852 2528.1452637 0.2096386 
1 1071 3825.5397949 2528.3813477 0.2096419 
1 1072 3825.6748047 2528.4838867 0.2096376 
1 1073 3824.9750977 2528.6020508 0.2096343 
1 1074 3824.4323730 2528.6269531 0.2096479 
1 1075 3823.4057617 2528.6520996 0.2096670 
1 1076 3822.3979492 2528.6069336 0.2096937 
1 1077 3821.7661133 2528.7561035 0.2097005 
1 1078 3820.4013672 2528.8247070 0.2097012 
1 1079 3820.1428223 2528.6887207 0.2097071 
1 1080 3820.1428223 2528.6887207 0.2097071 
1 1081 3818.3457031 2528.5468750 0.2097001 
1 1082 3817.6564941 2528.1511230 0.2097276 
1 1083 3817.3041992 2528.0917969 0.2097377 
1 1084 3816.6108398 2527.7509766 0.2097237 
1 1085 3817.0397949 2526.8200684 0.2097516 
1 1086 3817.4067383 2526.7941895 0.2097787 
1 1087 3818.2519531 2526.7585449 0.2097853 
1 1088 3818.2041016 2527.1430664 0.2097804 
1 1089 3818.3906250 2527.3002930 0.2097926 
1 1090 3818.3637695 2527.6633301 0.2098131 
1 1091 3818.1938477 2527.9597168 0.2098371 
1 1092 3818.0512695 2528.0244141 0.2099038 
1 1093 3817.8137207 2528.4265137 0.2099621 
1 1094 3817.8066406 2528.2963867 0.2100285 
1 1095 3817.4697266 2528.2465820 0.2101287 
1 1096 3818.1020508 2528.8603516 0.2102174 
1 1097 3818.0786133 2529.5991211 0.2102698 
1 1098 3818.5039062 2529.9101562 0.2103302 
1 1099 3818.7373047 2530.0388184 0.2103604 
1 1100 3818.2507324 2530.0566406 0.2103983 
1 1101 3818.8012695 2530.2187500 0.2104410 
1 1102 3818.8549805 2530.3601074 0.2104289 
1 1103 3818.6572266 2530.5026855 0.2104218 
1 1104 3818.9350586 2530.5441895 0.2104030 
1 1105 3818.9350586 2530.5441895 0.2104030 
1 1106 3818.8032227 2530.5300293 0.2104136 
1 1107 3819.8547363 2530.6562500 0.2104118 
1 1108 3819.5310059 2530.9614258 0.2103940 
1 1109 3819.3999023 2530.5720215 0.2103862 
1 1110 3819.2709961 2530.6381836 0.2104017 
1 1111 3819.4448242 2530.3220215 0.2104184 
1 1112 3819.0903320 2530.3952637 0.2104477 
1 1113 3819.5068359 2530.6772461 0.2104948 
1 1114 3819.8874512 2530.8483887 0.2104798 
1 1115 3819.6513672 2530.8254395 0.2104931 
1 1116 3819.3869629 2530.8579102 0.2105220 
1 1117 3819.4682617 2530.9851074 0.2105289 
1 1118 3819.2136230 2531.1672363 0.2105343 
1 1119 3819.2153320 2531.8596191 0.2105536 
1 1120 3819.0839844 2533.0979004 0.2105468 
1 1121 3818.1994629 2534.0151367 0.2105541 
1 1122 3818.4714355 2534.4733887 0.2105647 
1 1123 3817.6806641 2535.0170898 0.2105962 
1 1124 3818.0395508 2536.2973633 0.2106528 
1 1125 3817.5986328 2538.0209961 0.2106676 
1 1126 3816.9455566 2539.2312012 0.2106787 
1 1127 3816.8662109 2540.8488770 0.2107263 
1 1128 3816.8381348 2542.8886719 0.2107389 
1 1129 3816.9494629 2545.3422852 0.2107699 
1 1130 3816.9494629 2545.3422852 0.2107699 
1 1131 3817.3913574 2549.1394043 0.2108074 
1 1132 3817.3320312 2554.2495117 0.2108193 
1 1133 3817.4414062 2560.0488281 0.2108203 
1 1134 3816.9233398 2565.6213379 0.2107829 
1 1135 3816.7973633 2571.4130859 0.2108146 
1 1136 3816.4912109 2578.9526367 0.2108517 
1 1137 3816.4938965 2587.5207520 0.2108442 
1 1138 3815.4345703 2596.2658691 0.2108323 
1 1139 3814.4306641 2605.1657715 0.2108445 
1 1140 3813.8154297 2613.5471191 0.2108247 
1 1141 3813.1215820 2622.2592773 0.2109087 
1 1142 3812.8720703 2631.6672363 0.2109402 
1 1143 3812.0649414 2642.1228027 0.2109493 
1 1144 3811.8410645 2652.6621094 0.2109549 
1 1145 3810.8386230 2662.7358398 0.2109409 
1 1146 3809.6093750 2671.7187500 0.2109087 
1 1147 3808.7402344 2681.0656738 0.2109389 
1 1148 3808.4101562 2690.8679199 0.2107757 
1 1149 3807.8886719 2699.6203613 0.2107266 
1 1150 3807.2495117 2709.1281738 0.2108005 
1 1151 3806.8300781 2718.2983398 0.2108800 
1 1152 3806.2927246 2726.6469727 0.2108595 
1 1153 3806.1811523 2734.3251953 0.2107685 
1 1154 3805.8881836 2741.6381836 0.2104757 
1 1155 3805.8881836 2741.6381836 0.2104757 
1 1156 3805.6149902 2749.2297363 0.2103601 
1 1157 3805.4487305 2755.6987305 0.2103273 
1 1158 3804.7458496 2762.1840820 0.2102180 
1 1159 3804.8920898 2769.5385742 0.2102578 
1 1160 3803.3166504 2775.7231445 0.2098042 
1 1161 3803.0043945 2783.3825684 0.2100581 
1 1162 3802.5346680 2789.8386230 0.2100516 
1 1163 3801.6816406 2795.2941895 0.2099896 
1 1164 3800.9238281 2800.7043457 0.2099855 
1 1165 3800.5268555 2807.0366211 0.2100883 
1 1166 3799.8010254 2812.4743652 0.2100612 
1 1167 3798.0979004 2816.3159180 0.2098211 
1 1168 3796.1035156 2819.5600586 0.2096758 
1 1169 3794.0317383 2823.1252441 0.2096405 
1 1170 3790.7980957 2826.4865723 0.2096163 
1 1171 3787.5219727 2829.0795898 0.2096711 
1 1172 3783.4858398 2832.1901855 0.2098497 
1 1173 3779.3850098 2834.9536133 0.2099638 
1 1174 3773.9831543 2836.5834961 0.2100613 
1 1175 3769.5153809 2839.0766602 0.2102236 
1 1176 3764.7609863 2842.0822754 0.2102683 
1 1177 3759.1723633 2844.0156250 0.2101171 
1 1178 3754.8027344 2846.6381836 0.2101907 
1 1179 3750.9130859 2850.3764648 0.2102498 
1 1180 3750.9111328 2850.3730469 0.2102482 
1 1181 3748.5092773 2855.4082031 0.2104106 
1 1182 3745.9233398 2860.7192383 0.2103710 
1 1183 3743.3125000 2865.1145020 0.2104099 
1 1184 3740.4125977 2868.6325684 0.2104720 
1 1185 3737.7202148 2871.2170410 0.2104694 
1 1186 3734.9169922 2873.3068848 0.2105173 
1 1187 3733.9775391 2876.5451660 0.2107031 
1 1188 3733.6047363 2882.7465820 0.2108853 
1 1189 3732.1748047 2890.4172363 0.2109488 
1 1190 3730.7580566 2897.8510742 0.2109579 
1 1191 3728.1801758 2902.8171387 0.2108553 
1 1192 3725.7705078 2906.2416992 0.2109064 
1 1193 3724.5656738 2912.8955078 0.2110114 
1 1194 3722.2790527 2921.5034180 0.2110156 
1 1195 3719.2285156 2928.3398438 0.2110130 
1 1196 3716.3149414 2935.6577148 0.2111817 
1 1197 3712.4487305 2942.4807129 0.2111780 
1 1198 3709.0668945 2948.7656250 0.2111898 
1 1199 3705.0461426 2955.4853516 0.2111488 
1 1200 3698.9768066 2961.9638672 0.2110737 
1 1201 3691.8312988 2966.5678711 0.2110303 
1 1202 3683.9257812 2971.5180664 0.2110282 
1 1203 3676.9130859 2977.6987305 0.2110910 
1 1204 3670.0778809 2985.4196777 0.2111259 
1 1205 3670.0913086 2985.4316406 0.2111316 
1 1206 3663.6176758 2992.7192383 0.2111064 
1 1207 3657.1777344 2999.4677734 0.2111061 
1 1208 3651.4514160 3005.7336426 0.2111532 
1 1209 3647.1650391 3011.8884277 0.2111631 
1 1210 3643.5280762 3018.7622070 0.2111738 
1 1211 3640.2070312 3026.5336914 0.2111669 
1 1212 3636.8583984 3033.2409668 0.2111548 
1 1213 3633.8164062 3038.7851562 0.2111583 
1 1214 3632.2875977 3044.2360840 0.2112248 
1 1215 3631.1464844 3050.1982422 0.2112666 
1 1216 3630.5026855 3056.3513184 0.2112868 
1 1217 3628.8376465 3061.9997559 0.2112598 
1 1218 3626.9409180 3065.1201172 0.2112464 
1 1219 3624.7585449 3067.8242188 0.2112557 
1 1220 3623.0761719 3070.1933594 0.2112482 
1 1221 3622.2490234 3073.2812500 0.2112720 
1 1222 3621.7687988 3077.5761719 0.2112918 
1 1223 3621.3823242 3081.5288086 0.2112961 
1 1224 3620.5197754 3083.9814453 0.2112665 
1 1225 3620.0322266 3086.2314453 0.2112828 
1 1226 3620.4252930 3088.6352539 0.2112733 
1 1227 3620.4936523 3091.6159668 0.2113205 
1 1228 3621.0546875 3094.1689453 0.2113572 
1 1229 3621.1877441 3096.8261719 0.2113701 
1 1230 3621.1960449 3096.8056641 0.2113691 
1 1231 3621.5864258 3098.1933594 0.2114042 
1 1232 3621.7492676 3100.4855957 0.2114582 
1 1233 3622.3046875 3103.3420410 0.2114678 
1 1234 3622.2690430 3106.4379883 0.2114812 
1 1235 3621.9372559 3109.6523438 0.2114663 
1 1236 3621.8095703 3111.6418457 0.2114407 
1 1237 3620.9296875 3113.4787598 0.2114401 
1 1238 3621.6015625 3115.0915527 0.2114367 
1 1239 3621.8647461 3117.4157715 0.2114464 
1 1240 3621.8774414 3119.7636719 0.2114115 
1 1241 3622.1430664 3121.4184570 0.2114165 
1 1242 3622.6547852 3123.0253906 0.2114343 
1 1243 3622.9382324 3123.7202148 0.2113888 
1 1244 3623.1076660 3124.8178711 0.2113979 
1 1245 3623.6813965 3126.5773926 0.2113869 
1 1246 3623.5996094 3128.2583008 0.2113676 
1 1247 3623.2070312 3129.4602051 0.2113335 
1 1248 3622.7495117 3129.8632812 0.2113034 
1 1249 3622.2529297 3130.5200195 0.2113012 
1 1250 3622.2016602 3131.1977539 0.2112938 
1 1251 3622.0432129 3131.8203125 0.2112954 
1 1252 3621.6152344 3132.9226074 0.2112955 
1 1253 3622.0495605 3133.2329102 0.2112703 
1 1254 3621.1538086 3133.6083984 0.2112498 
1 1255 3621.1538086 3133.6083984 0.2112498 
1 1256 3621.7363281 3133.4975586 0.2112447 
1 1257 3621.7282715 3134.1066895 0.2112874 
1 1258 3622.4902344 3134.8608398 0.2112760 
1 1259 3623.0170898 3135.6831055 0.2112978 
1 1260 3623.0673828 3135.8569336 0.2112953 
1 1261 3622.7553711 3135.8483887 0.2113101 
1 1262 3623.0432129 3135.7824707 0.2113188 
1 1263 3622.4597168 3135.7221680 0.2113102 
1 1264 3623.0180664 3135.7148438 0.2113221 
1 1265 3623.4389648 3135.6076660 0.2113174 
1 1266 3623.2849121 3135.4716797 0.2113315 
1 1267 3624.0502930 3135.4023438 0.2113394 
1 1268 3623.8281250 3135.5585938 0.2113462 
1 1269 3624.7644043 3135.6831055 0.2113689 
1 1270 3624.7204590 3135.6960449 0.2113557 
1 1271 3624.6621094 3135.3610840 0.2113497 
1 1272 3624.8327637 3135.1860352 0.2113580 
1 1273 3624.9436035 3135.0664062 0.2113692 
1 1274 3625.8273926 3135.1870117 0.2113774 
1 1275 3625.6081543 3135.1418457 0.2113636 
1 1276 3625.3894043 3134.8881836 0.2113829 
1 1277 3625.5849609 3135.2749023 0.2113944 
1 1278 3625.0932617 3135.8923340 0.2113733 
1 1279 3624.6020508 3136.2304688 0.2113563 
1 1280 3624.6044922 3136.2319336 0.2113572 
1 1281 3624.8669434 3136.8193359 0.2113952 
1 1282 3625.0219727 3137.5646973 0.2114015 
1 1283 3624.9843750 3138.9213867 0.2114227 
1 1284 3625.2421875 3140.4650879 0.2114258 
1 1285 3625.3369141 3142.3767090 0.2114320 
1 1286 3625.9340820 3145.8215332 0.2114646 
1 1287 3626.8115234 3150.0126953 0.2114866 
1 1288 3627.5341797 3153.6933594 0.2114832 
1 1289 3628.5981445 3156.2763672 0.2114816 
1 1290 3630.0717773 3157.9904785 0.2114843 
1 1291 3631.9536133 3158.2556152 0.2114065 
1 1292 3634.4169922 3158.8088379 0.2113957 
1 1293 3638.5275879 3159.3764648 0.2114028 
1 1294 3642.5925293 3159.8645020 0.2113826 
1 1295 3646.1552734 3159.4833984 0.2113605 
1 1296 3648.5517578 3159.3576660 0.2113710 
1 1297 3650.6149902 3158.8627930 0.2114292 
1 1298 3651.9145508 3157.9587402 0.2114229 
1 1299 3652.3459473 3155.6262207 0.2114042 
1 1300 3652.3886719 3151.9445801 0.2114249 
1 1301 3653.2133789 3147.3317871 0.2114187 
1 1302 3654.3916016 3139.9875488 0.2114134 
1 1303 3654.6887207 3131.9941406 0.2114030 
1 1304 3655.6855469 3122.1323242 0.2114397 
1 1305 3655.7019043 3122.1186523 0.2114392 
1 1306 3655.8598633 3110.5642090 0.2114153 
1 1307 3656.6372070 3097.0336914 0.2115237 
1 1308 3657.5371094 3083.9785156 0.2116541 
1 1309 3658.9951172 3072.1313477 0.2117158 
1 1310 3660.6171875 3061.4211426 0.2117811 
1 1311 3661.3105469 3050.3598633 0.2117402 
1 1312 3662.7563477 3039.3613281 0.2118122 
1 1313 3664.4355469 3029.0581055 0.2118231 
1 1314 3665.8295898 3018.8330078 0.2118634 
1 1315 3666.8703613 3011.1110840 0.2119563 
1 1316 3668.4697266 3003.9687500 0.2119538 
1 1317 3669.9318848 2996.5236816 0.2119721 
1 1318 3670.4455566 2988.3889160 0.2119333 
1 1319 3671.1035156 2979.2924805 0.2119126 
1 1320 3672.1596680 2971.5141602 0.2119951 
1 1321 3673.0698242 2965.1762695 0.2119782 
1 1322 3674.5991211 2959.3647461 0.2119871 
1 1323 3675.4155273 2954.4282227 0.2119575 
1 1324 3676.3205566 2948.8403320 0.2118785 
1 1325 3677.0917969 2942.7871094 0.2118658 
1 1326 3677.7307129 2936.6801758 0.2118431 
1 1327 3678.5866699 2931.0061035 0.2118501 
1 1328 3678.6865234 2925.4838867 0.2117987 
1 1329 3679.2993164 2919.3383789 0.2117570 
1 1330 3679.3017578 2919.3405762 0.2117560 
1 1331 3679.3857422 2913.5371094 0.2117009 
1 1332 3679.9956055 2908.6059570 0.2117175 
1 1333 3680.9487305 2905.7126465 0.2117462 
1 1334 3680.9548340 2901.8408203 0.2116816 
1 1335 3680.4318848 2896.4978027 0.2116379 
1 1336 3680.7724609 2890.1914062 0.2116420 
1 1337 3681.0812988 2884.4333496 0.2116900 
1 1338 3681.4035645 2879.6765137 0.2117389 
1 1339 3681.7866211 2875.0427246 0.2117574 
1 1340 3682.1274414 2870.8532715 0.2117946 
1 1341 3682.5073242 2866.1704102 0.2117557 
1 1342 3682.7050781 2860.1843262 0.2117692 
1 1343 3683.1655273 2853.4792480 0.2117402 
1 1344 3684.2573242 2846.8542480 0.2117905 
1 1345 3685.4062500 2841.6718750 0.2118368 
1 1346 3686.8286133 2837.6540527 0.2118476 
1 1347 3688.7058105 2833.8256836 0.2118432 
1 1348 3690.4194336 2829.4089355 0.2117993 
1 1349 3691.8261719 2824.2517090 0.2118019 
1 1350 3693.5122070 2819.7497559 0.2118307 
1 1351 3695.1000977 2815.3666992 0.2118210 
1 1352 3696.4580078 2811.0576172 0.2118448 
1 1353 3698.1425781 2807.0275879 0.2118521 
1 1354 3699.6083984 2803.0947266 0.2118782 
1 1355 3699.6057129 2803.1081543 0.2118750 
1 1356 3701.1813965 2798.9838867 0.2118536 
1 1357 3702.9284668 2794.3417969 0.2118766 
1 1358 3703.7265625 2789.4916992 0.2118570 
1 1359 3705.3876953 2784.0490723 0.2118721 
1 1360 3707.2058105 2779.9157715 0.2119331 
1 1361 3709.5520020 2775.4467773 0.2119160 
1 1362 3712.2438965 2771.0495605 0.2119579 
1 1363 3716.3952637 2768.1528320 0.2119679 
1 1364 3720.8898926 2765.4340820 0.2119424 
1 1365 3724.5258789 2762.0998535 0.2119190 
1 1366 3727.7492676 2758.5510254 0.2118939 
1 1367 3730.7775879 2754.8476562 0.2118727 
1 1368 3733.2636719 2751.9716797 0.2119115 
1 1369 3735.3339844 2749.1738281 0.2119051 
1 1370 3737.0529785 2745.4384766 0.2118618 
1 1371 3738.8876953 2741.4538574 0.2119022 
1 1372 3741.2866211 2738.0129395 0.2119436 
1 1373 3743.2692871 2734.3930664 0.2119266 
1 1374 3746.0446777 2731.6132812 0.2119634 
1 1375 3749.0556641 2729.3649902 0.2119448 
1 1376 3751.7956543 2726.7602539 0.2119064 
1 1377 3753.6794434 2723.1862793 0.2118391 
1 1378 3755.1235352 2720.0400391 0.2118806 
1 1379 3756.0705566 2718.4289551 0.2119216 
1 1380 3756.0705566 2718.4289551 0.2119216 
1 1381 3756.6171875 2717.5585938 0.2119946 
1 1382 3757.2299805 2717.4387207 0.2120012 
1 1383 3758.0336914 2716.1699219 0.2119936 
1 1384 3757.8806152 2714.5317383 0.2120020 
1 1385 3758.3483887 2711.9680176 0.2120443 
1 1386 3759.1264648 2709.9353027 0.2121198 
1 1387 3759.9606934 2708.6396484 0.2121390 
1 1388 3761.0249023 2707.7468262 0.2121651 
1 1389 3761.3183594 2706.2282715 0.2121628 
1 1390 3761.6596680 2704.9013672 0.2121992 
1 1391 3762.9287109 2704.0219727 0.2122570 
1 1392 3764.0429688 2703.3081055 0.2122410 
1 1393 3764.6457520 2702.0212402 0.2122164 
1 1394 3765.6520996 2700.7495117 0.2122185 
1 1395 3766.8945312 2699.9270020 0.2122140 
1 1396 3768.1638184 2699.5224609 0.2122166 
1 1397 3770.4650879 2699.6140137 0.2122163 
1 1398 3773.2458496 2699.3476562 0.2121864 
1 1399 3774.8095703 2698.5708008 0.2121171 
1 1400 3773.8818359 2696.6948242 0.2120232 
1 1401 3773.4746094 2694.3530273 0.2120565 
1 1402 3773.8950195 2693.0051270 0.2120707 
1 1403 3773.6975098 2692.4489746 0.2121062 
1 1404 3774.8889160 2691.3291016 0.2121060 
1 1405 3774.8889160 2691.3291016 0.2121060 
1 1406 3775.5986328 2690.7814941 0.2121212 
1 1407 3776.0878906 2690.8447266 0.2121264 
1 1408 3775.5224609 2690.9814453 0.2121540 
1 1409 3775.9199219 2691.7177734 0.2121947 
1 1410 3776.7583008 2690.7678223 0.2120958 
1 1411 3775.2624512 2691.8320312 0.2121296 
1 1412 3775.2014160 2691.5195312 0.2121174 
1 1413 3773.0229492 2693.1652832 0.2121117 
1 1414 3772.9636230 2694.2436523 0.2121208 
1 1415 3772.4392090 2695.3293457 0.2120550 
1 1416 3772.5288086 2696.0224609 0.2120249 
1 1417 3773.0058594 2696.5043945 0.2120039 
1 1418 3773.1286621 2696.9804688 0.2120040 
1 1419 3773.0302734 2697.4770508 0.2120230 
1 1420 3772.9006348 2697.8884277 0.2120629 
1 1421 3772.8515625 2698.1181641 0.2120757 
1 1422 3772.7722168 2698.3376465 0.2120741 
1 1423 3772.5979004 2698.5786133 0.2120536 
1 1424 3772.4755859 2698.8457031 0.2120483 
1 1425 3772.3549805 2699.1354980 0.2120577 
1 1426 3772.2148438 2699.3884277 0.2120633 
1 1427 3772.1367188 2699.5700684 0.2120664 
1 1428 3772.1132812 2699.6813965 0.2120564 
1 1429 3772.1123047 2699.7414551 0.2120445 
1 1430 3772.1123047 2699.7414551 0.2120445 
1 1431 3772.1210938 2699.8325195 0.2120298 
1 1432 3772.2145996 2699.4628906 0.2120245 
1 1433 3772.0910645 2699.8557129 0.2120551 
1 1434 3771.9575195 2699.9921875 0.2120210 
1 1435 3772.2412109 2699.7438965 0.2120279 
1 1436 3772.1926270 2699.9133301 0.2120202 
1 1437 3772.3425293 2699.7145996 0.2120204 
1 1438 3772.6298828 2699.3232422 0.2120295 
1 1439 3772.2348633 2700.2685547 0.2120610 
1 1440 3771.5988770 2700.7985840 0.2120308 
1 1441 3771.6503906 2700.4074707 0.2120285 
1 1442 3771.9355469 2700.4025879 0.2120392 
1 1443 3771.4667969 2700.9794922 0.2120338 
1 1444 3771.5209961 2701.0290527 0.2120435 
1 1445 3771.6286621 2701.0793457 0.2120569 
1 1446 3771.6555176 2701.1074219 0.2120554 
1 1447 3771.6525879 2701.1535645 0.2120495 
1 1448 3771.4677734 2701.2868652 0.2120446 
1 1449 3771.5817871 2701.2893066 0.2120429 
1 1450 3771.6728516 2701.2854004 0.2120387 
1 1451 3771.6870117 2701.3457031 0.2120364 
1 1452 3771.7021484 2701.3916016 0.2120254 
1 1453 3771.7993164 2701.3891602 0.2120174 
1 1454 3771.8520508 2701.3676758 0.2120139 
1 1455 3771.8481445 2701.3603516 0.2120130 
1 1456 3771.8041992 2701.3415527 0.2120094 
1 1457 3771.7868652 2701.3242188 0.2120080 
1 1458 3771.7060547 2701.3659668 0.2120040 
1 1459 3771.6899414 2701.4321289 0.2120033 
1 1460 3771.6870117 2701.4716797 0.2120036 
1 1461 3771.6970215 2701.4672852 0.2120027 
1 1462 3771.7109375 2701.5883789 0.2120087 
1 1463 3771.6564941 2701.6965332 0.2120089 
1 1464 3771.5805664 2701.8217773 0.2120084 
1 1465 3771.5612793 2701.8867188 0.2120147 
1 1466 3771.5561523 2701.9667969 0.2120226 
1 1467 3771.4062500 2702.0551758 0.2120230 
1 1468 3771.2021484 2701.9218750 0.2120234 
1 1469 3771.2207031 2702.2158203 0.2120476 
1 1470 3771.1875000 2702.2622070 0.2120398 
1 1471 3771.1674805 2702.3281250 0.2120382 
1 1472 3771.1887207 2702.2570801 0.2120462 
1 1473 3770.9038086 2703.4494629 0.2120856 
1 1474 3770.8769531 2704.6096191 0.2120507 
1 1475 3771.1291504 2704.3745117 0.2120276 
1 1476 3771.6882324 2703.8193359 0.2120331 
1 1476 3771.6882324 2703.8193359 0.2120331 
