1 2 25292.6289062 2480.3984375 0.6027171 
1 3 25293.0546875 2480.3200684 0.6026351 
1 4 25293.8652344 2480.2019043 0.6026714 
1 5 25293.8652344 2480.2019043 0.6026714 
1 6 25294.5195312 2479.9440918 0.6026558 
1 7 25295.0214844 2479.9396973 0.6026195 
1 8 25295.6347656 2479.7929688 0.6026357 
1 9 25296.2187500 2479.8198242 0.6026147 
1 10 25297.0625000 2479.7062988 0.6025662 
1 11 25297.6093750 2479.7246094 0.6025625 
1 12 25298.5332031 2479.6384277 0.6025888 
1 13 25299.3632812 2479.7016602 0.6025671 
1 14 25300.3027344 2479.8041992 0.6025754 
1 15 25301.2910156 2479.9467773 0.6025963 
1 16 25302.5898438 2479.9851074 0.6025946 
1 17 25303.6953125 2479.8408203 0.6026071 
1 18 25304.7871094 2480.0559082 0.6025693 
1 19 25305.9296875 2480.0620117 0.6025752 
1 20 25307.1406250 2480.1079102 0.6025404 
1 21 25307.9472656 2480.1589355 0.6025583 
1 22 25308.9062500 2480.0246582 0.6025578 
1 23 25309.7890625 2480.0209961 0.6025677 
1 24 25311.1015625 2480.1035156 0.6025800 
1 25 25312.9843750 2480.2133789 0.6025831 
1 26 25315.7421875 2480.5349121 0.6026453 
1 27 25319.3339844 2480.5363770 0.6025981 
1 28 25321.9765625 2480.5351562 0.6025851 
1 29 25323.5820312 2480.1604004 0.6025982 
1 30 25323.5820312 2480.1604004 0.6025982 
1 31 25324.3183594 2479.8579102 0.6025428 
1 32 25324.7578125 2479.9375000 0.6025482 
1 33 25325.5097656 2480.0371094 0.6025964 
1 34 25326.1914062 2479.9741211 0.6025700 
1 35 25326.5195312 2480.0202637 0.6025937 
1 36 25327.7968750 2479.9067383 0.6026488 
1 37 25329.2285156 2479.9062500 0.6025968 
1 38 25330.8105469 2479.6608887 0.6025578 
1 39 25331.3085938 2480.0195312 0.6025828 
1 40 25332.4726562 2479.6479492 0.6026415 
1 41 25333.4199219 2479.7026367 0.6026105 
1 42 25333.9960938 2479.6716309 0.6026040 
1 43 25334.4160156 2479.9147949 0.6025585 
1 44 25334.5000000 2479.8100586 0.6025712 
1 45 25335.1328125 2479.7219238 0.6025540 
1 46 25335.6328125 2479.7236328 0.6025795 
1 47 25335.7578125 2479.7055664 0.6025664 
1 48 25335.6250000 2479.6582031 0.6026312 
1 49 25335.3359375 2479.5559082 0.6026644 
1 50 25334.8632812 2479.3295898 0.6027064 
1 51 25334.0625000 2479.4741211 0.6027672 
1 52 25333.6875000 2479.9858398 0.6027741 
1 53 25333.3125000 2479.6987305 0.6027991 
1 54 25333.5312500 2479.6540527 0.6027097 
1 55 25333.5312500 2479.6540527 0.6027097 
1 56 25333.2812500 2479.9663086 0.6027210 
1 57 25333.6113281 2480.2883301 0.6026200 
1 58 25333.4218750 2480.1457520 0.6026545 
1 59 25333.1171875 2479.6340332 0.6027349 
1 60 25332.9687500 2479.4267578 0.6027436 
1 61 25332.9277344 2479.1093750 0.6028059 
1 62 25332.4257812 2479.0942383 0.6028113 
1 63 25332.1386719 2479.1557617 0.6028834 
1 64 25331.9433594 2479.4428711 0.6028911 
1 65 25331.7871094 2479.7270508 0.6028953 
1 66 25332.0097656 2479.8630371 0.6028609 
1 67 25331.6816406 2480.3728027 0.6028379 
1 68 25331.2617188 2480.4665527 0.6028802 
1 69 25331.1816406 2480.5759277 0.6028479 
1 70 25331.6679688 2480.7612305 0.6027724 
1 71 25331.7460938 2481.3088379 0.6027924 
1 72 25331.5156250 2481.4992676 0.6028636 
1 73 25331.2968750 2481.5634766 0.6028802 
1 74 25330.9335938 2481.4443359 0.6029514 
1 75 25330.6210938 2481.5168457 0.6030129 
1 76 25330.4570312 2481.5388184 0.6030740 
1 77 25331.2597656 2481.8444824 0.6030350 
1 78 25332.2460938 2482.3032227 0.6030481 
1 79 25332.5156250 2482.8405762 0.6030375 
1 80 25332.5156250 2482.8405762 0.6030375 
1 81 25332.2617188 2483.6462402 0.6030681 
1 82 25332.3945312 2484.2827148 0.6030887 
1 83 25332.7832031 2485.5734863 0.6030414 
1 84 25332.8828125 2486.1650391 0.6030180 
1 85 25332.5878906 2486.2626953 0.6030760 
1 86 25332.3789062 2486.2434082 0.6030694 
1 87 25332.5039062 2486.5041504 0.6030794 
1 88 25332.6523438 2486.7727051 0.6030582 
1 89 25332.5976562 2487.1994629 0.6030776 
1 90 25332.7832031 2487.9721680 0.6030715 
1 91 25332.9609375 2488.4648438 0.6030542 
1 92 25333.3886719 2489.2612305 0.6030384 
1 93 25333.8769531 2490.4040527 0.6030439 
1 94 25334.1621094 2491.6762695 0.6029626 
1 95 25334.1972656 2492.7871094 0.6029738 
1 96 25334.3085938 2493.5112305 0.6029652 
1 97 25334.6679688 2494.2773438 0.6029444 
1 98 25334.9453125 2494.9470215 0.6029302 
1 99 25335.3144531 2495.9255371 0.6029170 
1 100 25335.7421875 2496.9252930 0.6029236 
1 101 25336.5253906 2496.8071289 0.6028354 
1 102 25336.8554688 2497.7177734 0.6028625 
1 103 25337.7148438 2498.8186035 0.6028612 
1 104 25338.3085938 2499.5793457 0.6028212 
1 105 25338.3085938 2499.5793457 0.6028212 
1 106 25339.0429688 2500.6337891 0.6028427 
1 107 25339.7167969 2501.7556152 0.6027921 
1 108 25340.4003906 2502.2805176 0.6027572 
1 109 25341.1093750 2502.9631348 0.6027591 
1 110 25342.2968750 2503.4206543 0.6028143 
1 111 25343.7773438 2504.1982422 0.6028041 
1 112 25345.7460938 2504.8134766 0.6027951 
1 113 25348.1171875 2505.8911133 0.6028064 
1 114 25351.4101562 2507.1547852 0.6028124 
1 115 25354.8320312 2508.9919434 0.6028107 
1 116 25358.5781250 2511.4638672 0.6028455 
1 117 25362.8750000 2513.6472168 0.6028062 
1 118 25367.2031250 2515.6669922 0.6028290 
1 119 25371.3183594 2517.1542969 0.6028453 
1 120 25374.9726562 2518.1350098 0.6028079 
1 121 25377.4687500 2518.8046875 0.6027623 
1 122 25379.0351562 2519.3271484 0.6027831 
1 123 25380.7968750 2519.2612305 0.6028004 
1 124 25382.7265625 2519.3291016 0.6028290 
1 125 25384.3750000 2519.2744141 0.6028572 
1 126 25385.4921875 2519.9814453 0.6027675 
1 127 25387.0820312 2519.9208984 0.6027346 
1 128 25388.2636719 2519.7861328 0.6026943 
1 129 25389.0605469 2519.4316406 0.6026750 
1 130 25389.0605469 2519.4316406 0.6026750 
1 131 25389.7089844 2519.2736816 0.6027068 
1 132 25390.3750000 2520.0625000 0.6027039 
1 133 25390.9667969 2520.2548828 0.6026771 
1 134 25391.1621094 2520.7143555 0.6027119 
1 135 25391.6445312 2520.7158203 0.6027693 
1 136 25392.2285156 2520.6599121 0.6027721 
1 137 25392.4960938 2520.9560547 0.6027603 
1 138 25392.9062500 2520.9497070 0.6027972 
1 139 25393.2773438 2520.9672852 0.6027707 
1 140 25393.6113281 2520.9111328 0.6027059 
1 141 25393.8652344 2520.7924805 0.6026880 
1 142 25394.5683594 2520.7612305 0.6026846 
1 143 25394.9492188 2520.5351562 0.6027154 
1 144 25395.4062500 2520.5202637 0.6026911 
1 145 25395.8222656 2520.5361328 0.6026975 
1 146 25396.5117188 2520.6069336 0.6026718 
1 147 25397.1074219 2520.7424316 0.6026498 
1 148 25397.4062500 2520.8715820 0.6026375 
1 149 25397.6191406 2520.6516113 0.6026267 
1 150 25397.2675781 2520.4291992 0.6026227 
1 151 25396.6894531 2520.2529297 0.6026238 
1 152 25395.6425781 2520.2998047 0.6025629 
1 153 25395.2910156 2519.6455078 0.6025254 
1 154 25393.5761719 2519.5422363 0.6024792 
1 155 25393.5761719 2519.5422363 0.6024792 
1 156 25390.8710938 2517.7375488 0.6018154 
1 157 25389.0820312 2515.2592773 0.5990619 
1 158 25388.5839844 2514.8466797 0.5990496 
1 159 25388.8281250 2511.8845215 0.5835496 
1 160 25385.9785156 2509.0517578 0.5719681 
1 161 25386.2597656 2508.4353027 0.5592594 
1 162 25383.2988281 2507.0498047 0.5437832 
1 163 25381.8183594 2505.7617188 0.5294793 
1 164 25381.5664062 2507.0275879 0.5136957 
1 165 25380.5957031 2508.6616211 0.5004909 
1 166 25382.0898438 2511.2397461 0.4857236 
1 167 25383.3281250 2517.7092285 0.4700584 
1 168 25384.5800781 2525.7802734 0.4515342 
1 169 25383.3164062 2529.5285645 0.4319191 
1 170 25384.4550781 2537.7756348 0.4123701 
1 171 25382.2246094 2544.5119629 0.3945501 
1 172 25380.5507812 2549.6413574 0.3785866 
1 173 25379.0742188 2554.9680176 0.3639422 
1 174 25374.2226562 2556.3864746 0.3500226 
1 175 25369.3593750 2559.1279297 0.3358501 
1 176 25361.4453125 2561.6669922 0.3243966 
1 177 25353.1738281 2565.1625977 0.3133050 
1 178 25342.8945312 2566.8559570 0.3026837 
1 179 25333.9160156 2568.8161621 0.2926165 
1 180 25333.9062500 2568.8269043 0.2926095 
1 181 25325.9609375 2569.6765137 0.2827338 
1 182 25316.7285156 2571.1411133 0.2730315 
1 183 25308.2011719 2572.1584473 0.2630512 
1 184 25299.0332031 2573.6364746 0.2528066 
1 185 25291.7402344 2574.8046875 0.2425090 
1 186 25285.3242188 2576.8593750 0.2323313 
1 187 25279.7617188 2577.9409180 0.2233813 
1 188 25274.0429688 2578.0751953 0.2145498 
1 189 25269.9609375 2578.3710938 0.2062493 
1 190 25266.2187500 2577.7858887 0.1989716 
1 191 25263.4140625 2577.4980469 0.1923625 
1 192 25259.8554688 2576.6303711 0.1867846 
1 193 25255.7734375 2575.7956543 0.1817697 
1 194 25251.9550781 2575.0671387 0.1771494 
1 195 25247.2871094 2574.2141113 0.1736555 
1 196 25243.0273438 2573.6386719 0.1706957 
1 197 25238.0859375 2572.5532227 0.1677014 
1 198 25233.0585938 2572.4733887 0.1650665 
1 199 25228.8574219 2572.3632812 0.1628692 
1 200 25224.3378906 2572.7878418 0.1610917 
1 201 25220.2441406 2572.2216797 0.1592585 
1 202 25217.1308594 2571.9602051 0.1574734 
1 203 25214.9296875 2571.7451172 0.1559034 
1 204 25213.9238281 2571.7062988 0.1542666 
1 205 25213.9238281 2571.7053223 0.1542711 
1 206 25213.1464844 2572.7485352 0.1535654 
1 207 25211.6132812 2571.7971191 0.1521286 
1 208 25209.8984375 2572.7072754 0.1511363 
1 209 25208.6171875 2572.5222168 0.1510098 
1 210 25208.1445312 2572.5026855 0.1504124 
1 211 25207.8105469 2573.4506836 0.1503266 
1 212 25207.3906250 2573.0505371 0.1503546 
1 213 25207.5625000 2573.2436523 0.1504048 
1 214 25208.2734375 2572.8537598 0.1503869 
1 215 25208.8378906 2573.2045898 0.1504227 
1 216 25209.9199219 2573.7724609 0.1504145 
1 217 25211.5898438 2574.5803223 0.1504155 
1 218 25211.7753906 2574.9572754 0.1504111 
1 219 25211.6640625 2574.2648926 0.1504034 
1 220 25211.4218750 2573.3364258 0.1504366 
1 221 25212.3242188 2573.1557617 0.1504809 
1 222 25212.6660156 2573.3588867 0.1504706 
1 223 25211.9921875 2573.1213379 0.1504618 
1 224 25211.2031250 2572.7778320 0.1504579 
1 225 25210.7812500 2572.2216797 0.1504601 
1 226 25211.7011719 2572.1682129 0.1505259 
1 227 25212.4628906 2572.6870117 0.1504830 
1 228 25212.7714844 2572.7275391 0.1504757 
1 229 25213.5507812 2572.8920898 0.1504663 
1 230 25213.5507812 2572.8920898 0.1504663 
1 231 25213.7128906 2572.7807617 0.1504411 
1 232 25214.1367188 2572.4453125 0.1504381 
1 233 25215.1289062 2572.9360352 0.1504472 
1 234 25216.2929688 2573.0786133 0.1504213 
1 235 25217.1914062 2572.9018555 0.1503614 
1 236 25218.4179688 2572.7031250 0.1503238 
1 237 25218.7500000 2573.0332031 0.1503133 
1 238 25219.3671875 2572.5598145 0.1503213 
1 239 25219.3867188 2572.5507812 0.1503598 
1 240 25219.2597656 2572.3752441 0.1503671 
1 241 25219.2343750 2572.1091309 0.1503484 
1 242 25219.1230469 2571.9975586 0.1502975 
1 243 25219.0156250 2571.8811035 0.1502965 
1 244 25219.3828125 2571.7670898 0.1503025 
1 245 25219.8222656 2571.6860352 0.1503547 
1 246 25219.3964844 2572.1928711 0.1503810 
1 247 25219.5722656 2571.9250488 0.1503880 
1 248 25219.0000000 2572.0349121 0.1503606 
1 249 25218.9667969 2572.1193848 0.1503093 
1 250 25218.7734375 2572.1010742 0.1503255 
1 251 25218.6230469 2572.4248047 0.1503366 
1 252 25218.8281250 2572.4643555 0.1503468 
1 253 25218.5546875 2572.6137695 0.1503469 
1 254 25218.3945312 2572.8276367 0.1503522 
1 255 25218.3945312 2572.8276367 0.1503522 
1 256 25218.1855469 2572.7663574 0.1503385 
1 257 25218.2656250 2572.9931641 0.1503444 
1 258 25218.1679688 2572.7548828 0.1503780 
1 259 25217.8242188 2572.6760254 0.1503812 
1 260 25217.5742188 2572.7172852 0.1504014 
1 261 25218.0488281 2572.7016602 0.1503785 
1 262 25218.4570312 2572.7609863 0.1503458 
1 263 25218.5449219 2572.4848633 0.1503535 
1 264 25218.6367188 2572.4946289 0.1503641 
1 265 25219.0644531 2572.5478516 0.1503606 
1 266 25219.0996094 2572.8154297 0.1503517 
1 267 25219.6054688 2572.9887695 0.1503419 
1 268 25220.2050781 2572.9472656 0.1503223 
1 269 25220.4277344 2572.9514160 0.1503539 
1 270 25220.7011719 2572.9165039 0.1503547 
1 271 25220.5976562 2572.8659668 0.1503751 
1 272 25220.9257812 2572.8193359 0.1504245 
1 273 25221.0507812 2572.7746582 0.1504319 
1 274 25221.2910156 2572.5527344 0.1504140 
1 275 25221.1328125 2572.6169434 0.1504077 
1 276 25221.0312500 2572.6396484 0.1503756 
1 277 25220.9648438 2572.6257324 0.1503673 
1 278 25220.1562500 2572.7617188 0.1503281 
1 279 25220.3945312 2572.7321777 0.1503454 
1 280 25220.3945312 2572.7321777 0.1503454 
1 281 25219.8417969 2572.9626465 0.1503595 
1 282 25219.7148438 2573.1083984 0.1503767 
1 283 25219.4257812 2573.0766602 0.1503840 
1 284 25218.7265625 2573.1042480 0.1503956 
1 285 25218.6230469 2573.1252441 0.1503935 
1 286 25218.2988281 2573.1789551 0.1503712 
1 287 25217.8300781 2573.2834473 0.1503475 
1 288 25217.5820312 2573.3417969 0.1503720 
1 289 25217.1289062 2573.5791016 0.1503596 
1 290 25216.8730469 2573.7697754 0.1503844 
1 291 25216.5019531 2573.9479980 0.1503653 
1 292 25215.7421875 2574.1550293 0.1503538 
1 293 25215.4023438 2574.3142090 0.1503512 
1 294 25215.0820312 2574.4248047 0.1503211 
1 295 25214.5898438 2574.5898438 0.1502761 
1 296 25214.3828125 2574.4045410 0.1502393 
1 297 25214.3964844 2574.3779297 0.1502219 
1 298 25214.4375000 2574.4309082 0.1502172 
1 299 25214.6171875 2574.3525391 0.1501988 
1 300 25214.5605469 2574.3698730 0.1502433 
1 301 25214.3925781 2574.3520508 0.1500241 
1 302 25214.2695312 2574.3405762 0.1500267 
1 303 25214.4160156 2574.1816406 0.1500000 
1 304 25214.6484375 2574.0871582 0.1500801 
1 305 25214.6484375 2574.0871582 0.1500801 
1 306 25214.4902344 2573.9907227 0.1501493 
1 307 25214.2402344 2573.7709961 0.1502211 
1 308 25213.6132812 2573.4470215 0.1502626 
1 309 25213.0781250 2572.9514160 0.1503410 
1 310 25212.7968750 2572.6972656 0.1504107 
1 311 25212.6054688 2572.4465332 0.1505039 
1 312 25212.2343750 2572.1047363 0.1506181 
1 313 25212.0156250 2571.6538086 0.1507197 
1 314 25211.7480469 2571.3134766 0.1508128 
1 315 25211.3984375 2571.1789551 0.1509198 
1 316 25211.2226562 2571.0786133 0.1510666 
1 317 25211.2539062 2571.1057129 0.1511733 
1 318 25211.0644531 2571.0070801 0.1512324 
1 319 25210.8691406 2570.5715332 0.1512742 
1 320 25210.7519531 2570.4787598 0.1513051 
1 321 25210.9453125 2570.5122070 0.1513274 
1 322 25211.5839844 2570.5815430 0.1513293 
1 323 25211.6953125 2570.6411133 0.1513601 
1 324 25211.9609375 2570.6396484 0.1513858 
1 325 25212.0292969 2570.7480469 0.1513973 
1 326 25211.9101562 2570.6149902 0.1513841 
1 327 25211.8046875 2570.4208984 0.1513829 
1 328 25211.8183594 2570.4382324 0.1514098 
1 329 25212.1445312 2570.4196777 0.1514213 
1 330 25212.1445312 2570.4196777 0.1514213 
1 331 25212.1132812 2570.3894043 0.1514463 
1 332 25212.1132812 2570.3569336 0.1514649 
1 333 25212.2578125 2570.2827148 0.1514906 
1 334 25212.4902344 2570.3305664 0.1514671 
1 335 25212.4980469 2570.3798828 0.1514884 
1 336 25212.3671875 2570.4755859 0.1514672 
1 337 25212.3671875 2570.3359375 0.1514956 
1 338 25212.0527344 2570.0517578 0.1515189 
1 339 25211.8476562 2569.9472656 0.1515504 
1 340 25211.5214844 2569.9538574 0.1515666 
1 341 25211.3183594 2570.0485840 0.1515723 
1 342 25211.4804688 2570.4096680 0.1515628 
1 343 25211.4160156 2570.8422852 0.1515160 
1 344 25211.4824219 2571.2341309 0.1514421 
1 345 25211.3105469 2571.5058594 0.1513961 
1 346 25211.0742188 2571.7705078 0.1513781 
1 347 25211.3906250 2572.2214355 0.1513559 
1 348 25211.7304688 2572.5249023 0.1512849 
1 349 25212.6855469 2573.0651855 0.1511881 
1 350 25213.9160156 2573.4501953 0.1511382 
1 351 25214.6328125 2573.8920898 0.1511850 
1 352 25215.7109375 2574.4296875 0.1510990 
1 353 25216.2812500 2575.3542480 0.1510416 
1 354 25216.9687500 2576.1323242 0.1509958 
1 355 25216.9648438 2576.1308594 0.1509964 
1 356 25217.3437500 2576.9836426 0.1509474 
1 357 25218.0664062 2578.4289551 0.1508238 
1 358 25219.0058594 2580.2272949 0.1507984 
1 359 25219.1601562 2582.6611328 0.1507380 
1 360 25218.0468750 2584.9257812 0.1507124 
1 361 25217.7519531 2587.0876465 0.1506906 
1 362 25217.5468750 2589.6115723 0.1507234 
1 363 25217.1523438 2592.1398926 0.1507503 
1 364 25216.7851562 2594.5292969 0.1507602 
1 365 25217.0605469 2596.8835449 0.1507584 
1 366 25217.0488281 2599.8854980 0.1508089 
1 367 25217.4628906 2603.2727051 0.1507841 
1 368 25217.5292969 2607.2092285 0.1507564 
1 369 25217.8242188 2611.8771973 0.1507478 
1 370 25217.9472656 2617.2556152 0.1507549 
1 371 25217.5996094 2623.2680664 0.1507657 
1 372 25217.3320312 2628.9179688 0.1507293 
1 373 25217.1367188 2634.0751953 0.1507395 
1 374 25216.3632812 2639.0759277 0.1507370 
1 375 25216.2968750 2643.3632812 0.1507087 
1 376 25216.2265625 2647.4582520 0.1507122 
1 377 25215.8398438 2651.7065430 0.1507098 
1 378 25215.3437500 2655.8654785 0.1507197 
1 379 25215.1953125 2660.2851562 0.1506888 
1 380 25215.1953125 2660.2851562 0.1506888 
1 381 25214.6191406 2665.2390137 0.1507252 
1 382 25214.4355469 2669.4213867 0.1506936 
1 383 25213.5273438 2673.2687988 0.1507277 
1 384 25213.1464844 2676.9982910 0.1507367 
1 385 25213.2226562 2681.0234375 0.1507577 
1 386 25212.9765625 2685.8859863 0.1507656 
1 387 25212.8398438 2690.7214355 0.1507421 
1 388 25212.4414062 2694.6411133 0.1507349 
1 389 25211.6445312 2698.1711426 0.1507401 
1 390 25210.7656250 2701.2414551 0.1507169 
1 391 25209.8789062 2703.9748535 0.1507069 
1 392 25208.4609375 2706.2463379 0.1507100 
1 393 25206.6445312 2708.5039062 0.1506923 
1 394 25204.6777344 2710.6042480 0.1507027 
1 395 25201.6992188 2712.2758789 0.1507132 
1 396 25198.9375000 2714.2167969 0.1507209 
1 397 25196.3105469 2716.0820312 0.1507094 
1 398 25193.9140625 2718.3068848 0.1507305 
1 399 25192.1210938 2721.3315430 0.1507492 
1 400 25190.1386719 2725.0219727 0.1507701 
1 401 25187.7167969 2728.4719238 0.1507564 
1 402 25184.2539062 2731.5849609 0.1507540 
1 403 25180.3339844 2733.8779297 0.1507135 
1 404 25176.5136719 2735.9331055 0.1507019 
1 405 25176.5136719 2735.9331055 0.1507019 
1 406 25173.1796875 2737.9294434 0.1506896 
1 407 25169.6171875 2739.9768066 0.1506958 
1 408 25166.4296875 2741.6523438 0.1506883 
1 409 25163.4648438 2743.0258789 0.1506805 
1 410 25160.6445312 2744.4794922 0.1506788 
1 411 25158.0078125 2746.0185547 0.1506869 
1 412 25155.5703125 2747.6845703 0.1507050 
1 413 25153.8476562 2750.0351562 0.1506981 
1 414 25152.1074219 2752.2985840 0.1506888 
1 415 25149.9218750 2754.4851074 0.1507022 
1 416 25147.7031250 2756.5141602 0.1507012 
1 417 25145.2343750 2758.2631836 0.1506924 
1 418 25142.6972656 2760.1992188 0.1507214 
1 419 25140.6484375 2762.4658203 0.1507148 
1 420 25138.1679688 2764.2578125 0.1507202 
1 421 25135.4570312 2765.9218750 0.1507180 
1 422 25133.0273438 2767.2839355 0.1507149 
1 423 25130.4277344 2768.5656738 0.1507171 
1 424 25128.0937500 2769.6201172 0.1507118 
1 425 25126.3007812 2770.6748047 0.1507108 
1 426 25125.1054688 2772.2189941 0.1507113 
1 427 25124.2382812 2773.8510742 0.1507152 
1 428 25123.1132812 2775.4812012 0.1507142 
1 429 25121.9414062 2776.9291992 0.1506933 
1 430 25121.9414062 2776.9291992 0.1506933 
1 431 25120.2968750 2778.0910645 0.1507070 
1 432 25118.8671875 2779.1459961 0.1507163 
1 433 25117.3242188 2780.1108398 0.1507007 
1 434 25115.6679688 2781.0820312 0.1507045 
1 435 25114.4316406 2782.0949707 0.1506920 
1 436 25113.2695312 2783.0527344 0.1507010 
1 437 25112.1113281 2784.3493652 0.1507104 
1 438 25111.3886719 2785.3530273 0.1507183 
1 439 25109.9199219 2786.3571777 0.1507353 
1 440 25109.2617188 2787.6096191 0.1507875 
1 441 25108.9687500 2789.2165527 0.1508053 
1 442 25108.1835938 2791.1513672 0.1507797 
1 443 25107.5878906 2792.9394531 0.1507731 
1 444 25106.7167969 2794.5488281 0.1507639 
1 445 25105.9062500 2795.4787598 0.1507612 
1 446 25105.1210938 2796.2814941 0.1507595 
1 447 25104.8398438 2797.0021973 0.1507686 
1 448 25104.6328125 2798.0581055 0.1507747 
1 449 25104.6992188 2799.2338867 0.1507670 
1 450 25104.7421875 2800.6528320 0.1507814 
1 451 25104.9570312 2802.3474121 0.1508041 
1 452 25105.2656250 2804.4360352 0.1508182 
1 453 25105.8125000 2807.2426758 0.1508317 
1 454 25106.0507812 2810.3562012 0.1508176 
1 455 25106.0585938 2810.3618164 0.1508183 
1 456 25105.6914062 2813.0058594 0.1508092 
1 457 25105.5898438 2815.0256348 0.1507871 
1 458 25105.6425781 2816.7607422 0.1507851 
1 459 25105.4492188 2818.8593750 0.1508003 
1 460 25105.7597656 2821.0666504 0.1508019 
1 461 25105.6679688 2823.6682129 0.1508222 
1 462 25105.7402344 2826.1381836 0.1508116 
1 463 25105.7460938 2828.0749512 0.1508017 
1 464 25105.8613281 2830.2802734 0.1507960 
1 465 25105.9960938 2831.7539062 0.1507697 
1 466 25105.6367188 2832.9113770 0.1507558 
1 467 25105.8125000 2833.9553223 0.1507636 
1 468 25105.9453125 2835.1625977 0.1507889 
1 469 25105.8964844 2836.6604004 0.1507951 
1 470 25106.0449219 2837.9033203 0.1507851 
1 471 25105.8808594 2838.8447266 0.1507838 
1 472 25105.8574219 2839.6494141 0.1507763 
1 473 25105.9492188 2840.3100586 0.1507803 
1 474 25105.9179688 2840.8435059 0.1507666 
1 475 25105.9667969 2841.3408203 0.1507785 
1 476 25106.3652344 2841.9567871 0.1507763 
1 477 25106.5917969 2842.7636719 0.1507855 
1 478 25106.8242188 2843.3540039 0.1507677 
1 479 25107.0937500 2843.8354492 0.1507791 
1 480 25107.0937500 2843.8354492 0.1507791 
1 481 25107.2031250 2844.4338379 0.1507833 
1 482 25107.5234375 2845.1818848 0.1507821 
1 483 25107.5781250 2845.6105957 0.1507665 
1 484 25107.4062500 2845.7329102 0.1507598 
1 485 25107.3535156 2845.6777344 0.1507565 
1 486 25107.4589844 2845.6240234 0.1507506 
1 487 25107.4804688 2845.8203125 0.1507593 
1 488 25107.6191406 2846.0126953 0.1507459 
1 489 25107.6582031 2845.8999023 0.1507484 
1 490 25107.5000000 2845.8627930 0.1507492 
1 491 25107.8339844 2845.9291992 0.1507593 
1 492 25107.8281250 2846.0043945 0.1507654 
1 493 25108.0468750 2846.1862793 0.1507785 
1 494 25108.3242188 2846.5336914 0.1507812 
1 495 25108.3320312 2846.8029785 0.1507667 
1 496 25108.1933594 2846.8369141 0.1507597 
1 497 25108.0449219 2846.8759766 0.1507632 
1 498 25108.2500000 2847.0993652 0.1507553 
1 499 25108.2988281 2847.3442383 0.1507608 
1 500 25108.3085938 2847.5366211 0.1507611 
1 501 25108.4570312 2847.9504395 0.1507704 
1 502 25108.9101562 2849.0939941 0.1507888 
1 503 25109.4882812 2850.2478027 0.1507806 
1 504 25109.5585938 2851.1892090 0.1507877 
1 505 25109.5585938 2851.1892090 0.1507877 
1 506 25109.4296875 2852.3613281 0.1507945 
1 507 25109.5664062 2853.2758789 0.1507783 
1 508 25109.1914062 2853.7119141 0.1507717 
1 509 25109.1386719 2853.5715332 0.1507658 
1 510 25109.1132812 2853.6899414 0.1507805 
1 511 25109.5488281 2853.9301758 0.1507910 
1 512 25109.7050781 2854.4853516 0.1508061 
1 513 25110.1875000 2855.3959961 0.1508069 
1 514 25110.4882812 2855.9316406 0.1507960 
1 515 25110.4414062 2856.4863281 0.1507828 
1 516 25110.5703125 2856.4897461 0.1507705 
1 517 25110.3281250 2856.6416016 0.1507774 
1 518 25110.9960938 2857.0312500 0.1507966 
1 519 25111.8183594 2857.3342285 0.1507753 
1 520 25112.2871094 2857.4411621 0.1507715 
1 521 25112.6210938 2857.4760742 0.1507712 
1 522 25113.0566406 2857.5073242 0.1507587 
1 523 25113.4960938 2857.5048828 0.1507645 
1 524 25114.0117188 2857.5588379 0.1507671 
1 525 25114.5937500 2857.5759277 0.1507486 
1 526 25115.0078125 2857.5249023 0.1507564 
1 527 25115.5351562 2857.4980469 0.1507582 
1 528 25116.1347656 2857.4350586 0.1507629 
1 529 25117.1464844 2857.4587402 0.1507601 
1 530 25117.1464844 2857.4587402 0.1507601 
1 531 25118.3398438 2857.4106445 0.1507728 
1 532 25119.1582031 2857.3652344 0.1507599 
1 533 25119.3144531 2857.1252441 0.1507648 
1 534 25119.5000000 2857.1103516 0.1507733 
1 535 25120.1640625 2857.1508789 0.1507833 
1 536 25120.8476562 2857.3581543 0.1507901 
1 537 25121.8964844 2857.3437500 0.1507977 
1 538 25123.3320312 2857.1457520 0.1508033 
1 539 25124.5625000 2857.0644531 0.1507948 
1 540 25126.4218750 2856.8469238 0.1507939 
1 541 25128.7011719 2856.6955566 0.1508131 
1 542 25132.0820312 2856.7392578 0.1508179 
1 543 25136.3066406 2856.4392090 0.1508109 
1 544 25139.7070312 2856.0998535 0.1508069 
1 545 25141.6015625 2855.1782227 0.1507862 
1 546 25144.0214844 2853.4282227 0.1507884 
1 547 25146.3300781 2851.5600586 0.1507983 
1 548 25149.1230469 2850.3930664 0.1508531 
1 549 25152.5742188 2849.1159668 0.1508448 
1 550 25155.5488281 2847.9030762 0.1508471 
1 551 25158.2109375 2846.5346680 0.1508196 
1 552 25160.3750000 2844.4899902 0.1508138 
1 553 25162.3750000 2842.1166992 0.1508254 
1 554 25164.6601562 2839.8637695 0.1508351 
1 555 25164.6699219 2839.8623047 0.1508353 
1 556 25166.5039062 2837.6271973 0.1508144 
1 557 25168.3183594 2834.5129395 0.1508250 
1 558 25169.7167969 2831.8032227 0.1508554 
1 559 25171.2304688 2829.3225098 0.1508740 
1 560 25173.1953125 2827.1845703 0.1508919 
1 561 25175.0585938 2825.6103516 0.1509127 
1 562 25176.8964844 2823.8579102 0.1509051 
1 563 25178.5566406 2821.8337402 0.1509182 
1 564 25179.7832031 2819.8122559 0.1509189 
1 565 25181.1757812 2817.9575195 0.1509354 
1 566 25182.8125000 2816.5476074 0.1509311 
1 567 25184.1816406 2814.8586426 0.1509149 
1 568 25185.2539062 2812.2592773 0.1508686 
1 569 25186.0566406 2808.5078125 0.1508723 
1 570 25186.6894531 2804.1386719 0.1508693 
1 571 25187.7343750 2800.1083984 0.1508839 
1 572 25189.1015625 2796.3718262 0.1508823 
1 573 25190.4765625 2792.7685547 0.1509078 
1 574 25191.9765625 2789.4462891 0.1509063 
1 575 25193.3828125 2785.8281250 0.1509061 
1 576 25194.8984375 2782.4636230 0.1509248 
1 577 25196.5410156 2779.4238281 0.1509346 
1 578 25197.9335938 2776.1354980 0.1509345 
1 579 25199.0625000 2772.6916504 0.1509289 
1 580 25199.0625000 2772.6916504 0.1509289 
1 581 25200.1718750 2768.0014648 0.1509152 
1 582 25201.4726562 2763.3005371 0.1509791 
1 583 25202.8867188 2759.9604492 0.1510076 
1 584 25204.9628906 2756.6694336 0.1510178 
1 585 25206.8906250 2753.4670410 0.1510103 
1 586 25209.1425781 2749.4604492 0.1509979 
1 587 25210.4765625 2744.7407227 0.1509828 
1 588 25211.4746094 2739.3334961 0.1509838 
1 589 25213.0683594 2735.0048828 0.1510009 
1 590 25214.6718750 2730.7377930 0.1509973 
1 591 25216.1601562 2726.3393555 0.1509951 
1 592 25217.2226562 2722.0334473 0.1509897 
1 593 25218.2500000 2718.3508301 0.1510650 
1 594 25219.4687500 2714.7636719 0.1510845 
1 595 25220.8281250 2710.9484863 0.1511047 
1 596 25222.1269531 2706.9335938 0.1511242 
1 597 25223.5332031 2703.1474609 0.1511064 
1 598 25225.1074219 2698.9731445 0.1510504 
1 599 25226.3437500 2695.4611816 0.1510223 
1 600 25227.6445312 2692.2490234 0.1509614 
1 601 25228.7070312 2688.6679688 0.1509127 
1 602 25229.4804688 2685.0417480 0.1509397 
1 603 25230.2519531 2681.3242188 0.1509645 
1 604 25230.7207031 2677.5380859 0.1509218 
1 605 25230.7187500 2677.5378418 0.1509221 
1 606 25231.2910156 2673.8315430 0.1508978 
1 607 25231.4570312 2669.9848633 0.1508794 
1 608 25231.3437500 2665.2465820 0.1508712 
1 609 25231.5507812 2659.6850586 0.1508697 
1 610 25231.9707031 2654.3029785 0.1508822 
1 611 25232.1406250 2649.8195801 0.1508881 
1 612 25232.8203125 2646.1728516 0.1508944 
1 613 25233.1230469 2643.2287598 0.1509019 
1 614 25233.1132812 2640.6533203 0.1509743 
1 615 25233.3281250 2637.9211426 0.1509663 
1 616 25233.5136719 2635.1401367 0.1509845 
1 617 25233.9804688 2632.4018555 0.1512863 
1 618 25234.1718750 2629.8769531 0.1514039 
1 619 25234.4648438 2627.5122070 0.1514255 
1 620 25235.2558594 2625.6284180 0.1514864 
1 621 25235.8750000 2623.4157715 0.1514764 
1 622 25236.1250000 2621.2343750 0.1516052 
1 623 25236.6894531 2619.5041504 0.1515712 
1 624 25237.2656250 2617.9382324 0.1515040 
1 625 25237.5605469 2616.3544922 0.1514507 
1 626 25238.2031250 2614.2846680 0.1514331 
1 627 25238.7226562 2612.0312500 0.1514333 
1 628 25239.4140625 2609.8930664 0.1514071 
1 629 25239.8535156 2607.9174805 0.1513826 
1 630 25239.8535156 2607.9174805 0.1513826 
1 631 25240.1679688 2606.1171875 0.1513197 
1 632 25241.0507812 2604.2578125 0.1512801 
1 633 25242.1132812 2602.5119629 0.1512390 
1 634 25242.9863281 2600.3032227 0.1511666 
1 635 25244.5683594 2598.7792969 0.1511607 
1 636 25246.8789062 2598.0405273 0.1511340 
1 637 25249.3183594 2596.8134766 0.1511423 
1 638 25251.0546875 2595.8273926 0.1510926 
1 639 25253.4296875 2594.5935059 0.1511184 
1 640 25255.7617188 2593.2519531 0.1511097 
1 641 25257.2558594 2591.9797363 0.1511416 
1 642 25258.5976562 2590.2153320 0.1511342 
1 643 25259.5468750 2588.2114258 0.1512045 
1 644 25260.4980469 2585.8627930 0.1512237 
1 645 25261.6289062 2583.5073242 0.1512527 
1 646 25262.1484375 2581.9079590 0.1512713 
1 647 25263.3378906 2580.3698730 0.1512136 
1 648 25264.1914062 2578.2302246 0.1512105 
1 649 25266.0722656 2576.1401367 0.1511198 
1 650 25268.7968750 2573.9233398 0.1510610 
1 651 25271.5000000 2571.7700195 0.1510948 
1 652 25274.8046875 2570.4091797 0.1509846 
1 653 25278.4667969 2569.7399902 0.1509287 
1 654 25282.5195312 2569.3332520 0.1508480 
1 655 25282.5195312 2569.3332520 0.1508480 
1 656 25286.7753906 2569.2392578 0.1506792 
1 657 25291.0449219 2569.1018066 0.1506505 
1 658 25295.5058594 2569.2932129 0.1506658 
1 659 25300.6269531 2569.5312500 0.1506504 
1 660 25305.9687500 2569.5620117 0.1506927 
1 661 25311.3710938 2569.4428711 0.1506663 
1 662 25316.8847656 2569.1638184 0.1506888 
1 663 25322.4394531 2569.0344238 0.1507186 
1 664 25328.1796875 2568.7622070 0.1507373 
1 665 25332.9882812 2568.5559082 0.1507166 
1 666 25337.8125000 2568.4711914 0.1507113 
1 667 25342.6152344 2568.2968750 0.1506698 
1 668 25346.0957031 2568.1728516 0.1506640 
1 669 25349.1425781 2568.0273438 0.1506919 
1 670 25352.7949219 2568.1003418 0.1507370 
1 671 25356.5136719 2567.9409180 0.1507339 
1 672 25360.0625000 2567.7805176 0.1507512 
1 673 25363.3242188 2567.7441406 0.1507441 
1 674 25366.5859375 2567.7163086 0.1507666 
1 675 25370.1640625 2567.5419922 0.1507837 
1 676 25373.4101562 2567.4514160 0.1508206 
1 677 25376.9433594 2567.4448242 0.1508180 
1 678 25381.1132812 2567.4023438 0.1508861 
1 679 25384.8398438 2567.3024902 0.1509252 
1 680 25384.8398438 2567.3024902 0.1509252 
1 681 25387.8613281 2567.4758301 0.1510096 
1 682 25391.6777344 2567.3654785 0.1510634 
1 683 25395.1250000 2567.3149414 0.1511479 
1 684 25398.1367188 2567.3769531 0.1511880 
1 685 25400.9394531 2567.2709961 0.1512730 
1 686 25403.9472656 2567.1762695 0.1513502 
1 687 25407.0312500 2567.7065430 0.1514235 
1 688 25410.1640625 2568.0222168 0.1514590 
1 689 25412.8671875 2568.0795898 0.1514985 
1 690 25415.3828125 2568.5036621 0.1515566 
1 691 25417.7851562 2568.8918457 0.1515814 
1 692 25420.0039062 2569.1479492 0.1516477 
1 693 25422.3789062 2569.2011719 0.1516875 
1 694 25424.3632812 2569.3090820 0.1517534 
1 695 25426.7851562 2569.7922363 0.1517915 
1 696 25429.4414062 2569.8466797 0.1517604 
1 697 25431.6132812 2569.7138672 0.1517241 
1 698 25433.9023438 2569.6066895 0.1516492 
1 699 25435.4375000 2570.0866699 0.1516505 
1 700 25436.8964844 2570.0710449 0.1514376 
1 701 25438.2324219 2570.0507812 0.1514540 
1 702 25439.4765625 2569.6752930 0.1512792 
1 703 25439.9511719 2569.3117676 0.1512771 
1 704 25440.7226562 2568.9479980 0.1512071 
1 705 25440.7226562 2569.0434570 0.1512059 
1 706 25441.4824219 2568.9165039 0.1512840 
1 707 25442.1914062 2568.7163086 0.1513663 
1 708 25443.0781250 2568.9157715 0.1513744 
1 709 25444.0273438 2569.5700684 0.1514499 
1 710 25445.0703125 2570.5788574 0.1514978 
1 711 25445.6855469 2571.9960938 0.1514639 
1 712 25446.4179688 2573.5717773 0.1514341 
1 713 25447.3417969 2574.7897949 0.1514265 
1 714 25448.0761719 2575.5302734 0.1513814 
1 715 25448.7578125 2575.9584961 0.1513136 
1 716 25449.5664062 2576.8381348 0.1513042 
1 717 25450.4687500 2577.8178711 0.1513108 
1 718 25451.1347656 2579.0344238 0.1513186 
1 719 25451.8945312 2580.3608398 0.1512951 
1 720 25452.1406250 2581.2573242 0.1512573 
1 721 25452.4882812 2582.1362305 0.1512396 
1 722 25452.7128906 2582.7539062 0.1511673 
1 723 25452.7617188 2583.3378906 0.1511300 
1 724 25453.0664062 2583.5117188 0.1510901 
1 725 25453.0585938 2584.0261230 0.1510811 
1 726 25453.4726562 2584.1003418 0.1510665 
1 727 25453.5058594 2584.3627930 0.1510370 
1 728 25454.0585938 2584.7495117 0.1510174 
1 729 25454.2031250 2585.1923828 0.1509613 
1 730 25454.2031250 2585.1923828 0.1509613 
1 731 25454.6289062 2585.5654297 0.1509395 
1 732 25454.9121094 2585.8798828 0.1509204 
1 733 25455.3339844 2586.4479980 0.1509401 
1 734 25455.7421875 2587.3559570 0.1509276 
1 735 25455.9140625 2588.6518555 0.1509359 
1 736 25456.4101562 2589.9877930 0.1509200 
1 737 25456.7167969 2591.1154785 0.1508660 
1 738 25456.9609375 2591.7966309 0.1508414 
1 739 25456.9101562 2592.4450684 0.1508399 
1 740 25457.3808594 2593.2580566 0.1508453 
1 741 25457.6445312 2593.7026367 0.1508078 
1 742 25457.6542969 2594.0302734 0.1508061 
1 743 25458.1445312 2594.1152344 0.1508159 
1 744 25458.2246094 2594.5104980 0.1508373 
1 745 25458.7304688 2595.2453613 0.1509144 
1 746 25459.1191406 2596.0983887 0.1509304 
1 747 25459.1562500 2596.9223633 0.1509514 
1 748 25459.5390625 2597.5388184 0.1509625 
1 749 25459.6855469 2597.8959961 0.1509516 
1 750 25459.7773438 2598.6362305 0.1509653 
1 751 25460.3125000 2600.0720215 0.1509792 
1 752 25460.5664062 2601.6430664 0.1509277 
1 753 25460.7324219 2602.6572266 0.1509313 
1 754 25461.1894531 2603.2480469 0.1508863 
1 755 25461.1894531 2603.2480469 0.1508863 
1 756 25461.5976562 2603.8090820 0.1508723 
1 757 25462.2070312 2604.7944336 0.1508500 
1 758 25462.6679688 2605.7583008 0.1508441 
1 759 25462.9023438 2606.5051270 0.1508385 
1 760 25463.3945312 2607.1193848 0.1508403 
1 761 25463.4785156 2607.8981934 0.1508356 
1 762 25463.4414062 2608.5793457 0.1508277 
1 763 25463.2695312 2609.0661621 0.1507774 
1 764 25463.0644531 2609.7875977 0.1507792 
1 765 25462.5683594 2610.2648926 0.1507625 
1 766 25462.2480469 2610.4960938 0.1507490 
1 767 25461.6308594 2610.5820312 0.1507531 
1 768 25461.8574219 2610.7631836 0.1507784 
1 769 25461.6582031 2611.5083008 0.1507588 
1 770 25461.6484375 2612.3046875 0.1507491 
1 771 25461.6425781 2613.1643066 0.1507209 
1 772 25461.7421875 2614.4274902 0.1507289 
1 773 25461.0742188 2615.4750977 0.1506900 
1 774 25460.5097656 2616.1064453 0.1507608 
1 775 25460.1015625 2616.8361816 0.1507602 
1 776 25460.0175781 2617.3728027 0.1507663 
1 777 25460.0273438 2618.0541992 0.1507585 
1 778 25459.9179688 2618.7082520 0.1507711 
1 779 25459.6972656 2619.2214355 0.1507858 
1 780 25459.6972656 2619.2214355 0.1507858 
1 781 25459.1718750 2620.0761719 0.1508120 
1 782 25458.9765625 2621.0207520 0.1508260 
1 783 25458.8671875 2621.9316406 0.1508355 
1 784 25458.7773438 2622.8452148 0.1508467 
1 785 25458.7226562 2623.5849609 0.1508687 
1 786 25458.5644531 2624.1982422 0.1508347 
1 787 25458.7695312 2624.6362305 0.1509656 
1 788 25458.7500000 2625.0346680 0.1509871 
1 789 25458.7070312 2625.4514160 0.1510110 
1 790 25458.8847656 2625.4462891 0.1509419 
1 791 25458.6445312 2625.3833008 0.1509537 
1 792 25458.8945312 2625.0222168 0.1509944 
1 793 25459.0078125 2625.1445312 0.1510000 
1 794 25459.3710938 2625.0581055 0.1509925 
1 795 25459.2675781 2624.8442383 0.1509946 
1 796 25459.1757812 2624.8264160 0.1510151 
1 797 25459.5117188 2624.8872070 0.1510248 
1 798 25459.4042969 2624.8315430 0.1510289 
1 799 25459.2304688 2624.6401367 0.1510372 
1 800 25459.0703125 2624.3540039 0.1510467 
1 801 25458.7421875 2623.9064941 0.1510430 
1 802 25458.9160156 2623.1564941 0.1510773 
1 803 25458.9921875 2622.6308594 0.1511015 
1 804 25459.4824219 2622.2602539 0.1509972 
1 805 25459.4824219 2622.2602539 0.1509972 
1 806 25460.0019531 2621.3962402 0.1509951 
1 807 25460.1054688 2620.0917969 0.1510452 
1 808 25460.0742188 2618.2082520 0.1511835 
1 809 25459.7363281 2615.7636719 0.1513155 
1 810 25459.6835938 2614.4309082 0.1515584 
1 811 25459.0742188 2615.0415039 0.1517839 
1 812 25458.2031250 2616.4589844 0.1518841 
1 813 25457.2656250 2617.6962891 0.1517931 
1 814 25457.0078125 2616.3925781 0.1517873 
1 815 25457.6445312 2614.5737305 0.1517791 
1 816 25454.7539062 2616.9106445 0.1514040 
1 817 25454.4941406 2614.6862793 0.1514542 
1 818 25454.2871094 2614.4382324 0.1514558 
1 819 25454.3906250 2613.6225586 0.1511498 
1 820 25453.8203125 2612.7346191 0.1504928 
1 821 25454.0429688 2612.3154297 0.1504990 
1 822 25454.1230469 2612.0373535 0.1506499 
1 823 25453.6152344 2612.1357422 0.1507629 
1 824 25453.4570312 2612.3115234 0.1508624 
1 825 25452.7246094 2612.5207520 0.1509414 
1 826 25452.5078125 2613.1613770 0.1510075 
1 827 25452.1289062 2614.2299805 0.1511354 
1 828 25451.1757812 2615.7834473 0.1512273 
1 829 25450.7597656 2617.1171875 0.1513183 
1 830 25450.7695312 2617.1188965 0.1513110 
1 831 25450.6660156 2618.6567383 0.1514185 
1 832 25450.0820312 2620.2990723 0.1515092 
1 833 25449.5585938 2621.7001953 0.1516126 
1 834 25449.5429688 2622.9470215 0.1516955 
1 835 25449.1562500 2624.5117188 0.1518140 
1 836 25449.1093750 2625.4882812 0.1519290 
1 837 25448.7578125 2626.5256348 0.1520287 
1 838 25448.6562500 2627.2553711 0.1521203 
1 839 25448.2617188 2627.6040039 0.1521945 
1 840 25447.7929688 2628.3874512 0.1522837 
1 841 25447.8671875 2628.9904785 0.1523505 
1 842 25447.2753906 2629.4860840 0.1524311 
1 843 25447.4824219 2629.9243164 0.1525114 
1 844 25447.4042969 2630.4755859 0.1525731 
1 845 25447.1015625 2630.9916992 0.1526429 
1 846 25446.8964844 2631.5563965 0.1527182 
1 847 25446.5996094 2631.9277344 0.1527354 
1 848 25446.3398438 2632.2109375 0.1528182 
1 849 25446.0839844 2633.1630859 0.1529228 
1 850 25446.1250000 2634.7524414 0.1530042 
1 851 25445.7851562 2636.1650391 0.1530666 
1 852 25445.3691406 2637.2416992 0.1531660 
1 853 25445.0625000 2638.1652832 0.1532752 
1 854 25444.5468750 2638.6960449 0.1534019 
1 855 25444.5468750 2638.6960449 0.1534019 
1 856 25444.3085938 2638.9799805 0.1535399 
1 857 25444.0820312 2639.0917969 0.1536798 
1 858 25443.6210938 2639.2939453 0.1539125 
1 859 25443.3691406 2639.5144043 0.1540792 
1 860 25442.8300781 2639.4040527 0.1546056 
1 861 25442.1269531 2639.5400391 0.1548229 
1 862 25442.8828125 2639.4023438 0.1548554 
1 863 25442.7050781 2639.3085938 0.1552330 
1 864 25442.4804688 2638.6220703 0.1558205 
1 865 25442.5097656 2638.0991211 0.1562478 
1 866 25442.4042969 2637.9055176 0.1563333 
1 867 25442.1523438 2637.8298340 0.1564878 
1 868 25441.7558594 2637.7255859 0.1567827 
1 869 25441.9531250 2637.8698730 0.1565515 
1 870 25441.9433594 2637.6020508 0.1567229 
1 871 25441.5898438 2637.3017578 0.1569323 
1 872 25441.8476562 2637.0122070 0.1570163 
1 873 25442.4042969 2637.1750488 0.1571161 
1 874 25442.4296875 2637.1862793 0.1573438 
1 875 25443.0683594 2637.1787109 0.1575581 
1 876 25443.6406250 2637.1286621 0.1577748 
1 877 25444.6328125 2636.9235840 0.1580660 
1 878 25445.3730469 2637.0161133 0.1583414 
1 879 25445.4609375 2636.9265137 0.1589555 
1 880 25445.4609375 2636.9265137 0.1589555 
1 881 25446.5800781 2637.1000977 0.1595232 
1 882 25447.1367188 2636.7207031 0.1598919 
1 883 25447.1210938 2636.4621582 0.1603972 
1 884 25446.6250000 2636.9045410 0.1604839 
1 885 25454.6894531 2638.4665527 0.1582064 
1 886 25461.2011719 2638.9221191 0.1568303 
1 887 25462.9199219 2638.9658203 0.1569279 
1 888 25465.4199219 2638.8447266 0.1569854 
1 889 25467.5664062 2638.6162109 0.1571934 
1 890 25473.1640625 2639.4135742 0.1564064 
1 891 25476.2695312 2639.6752930 0.1564270 
1 892 25479.5273438 2639.6486816 0.1563792 
1 893 25482.6171875 2639.5908203 0.1563614 
1 894 25485.3710938 2639.6064453 0.1564006 
1 895 25488.7109375 2639.9106445 0.1564222 
1 896 25492.2285156 2639.9394531 0.1563328 
1 897 25496.1894531 2639.4702148 0.1565124 
1 898 25500.3613281 2638.8608398 0.1567136 
1 899 25503.8261719 2638.9213867 0.1568320 
1 900 25506.7929688 2639.2199707 0.1570100 
1 901 25508.6308594 2639.6708984 0.1572203 
1 902 25510.2070312 2640.7629395 0.1572779 
1 903 25510.8203125 2644.0068359 0.1573216 
1 904 25511.4375000 2648.5483398 0.1572895 
1 905 25511.4375000 2648.5483398 0.1572895 
1 906 25511.0312500 2653.0351562 0.1571893 
1 907 25510.7519531 2657.6794434 0.1570932 
1 908 25510.6933594 2662.9494629 0.1569946 
1 909 25510.6757812 2668.4067383 0.1568836 
1 910 25510.4316406 2674.0915527 0.1568089 
1 911 25510.3300781 2679.5639648 0.1567608 
1 912 25509.9121094 2685.4897461 0.1567547 
1 913 25509.9257812 2691.2333984 0.1567296 
1 914 25509.8007812 2696.4848633 0.1567532 
1 915 25509.6093750 2702.4121094 0.1568320 
1 916 25508.9960938 2707.1560059 0.1569542 
1 917 25508.7460938 2711.1420898 0.1570547 
1 918 25508.3320312 2714.5078125 0.1571826 
1 919 25508.0273438 2717.6330566 0.1573190 
1 920 25507.9921875 2720.9863281 0.1574061 
1 921 25507.7460938 2723.7836914 0.1574402 
1 922 25507.7558594 2726.2145996 0.1574453 
1 923 25507.8359375 2728.8840332 0.1574511 
1 924 25507.8691406 2731.8608398 0.1574514 
1 925 25508.1542969 2734.9008789 0.1574540 
1 926 25508.0117188 2738.1831055 0.1574310 
1 927 25508.0976562 2740.0825195 0.1573840 
1 928 25507.7636719 2741.2673340 0.1573396 
1 929 25508.0820312 2742.0449219 0.1573105 
1 930 25508.0820312 2742.0449219 0.1573105 
1 931 25507.8750000 2743.4948730 0.1572913 
1 932 25507.7968750 2745.2104492 0.1572497 
1 933 25507.4960938 2746.2543945 0.1571979 
1 934 25507.8085938 2747.1555176 0.1571646 
1 935 25507.8593750 2747.9067383 0.1571089 
1 936 25507.7421875 2748.6616211 0.1570611 
1 937 25508.0273438 2749.6560059 0.1570161 
1 938 25508.1269531 2750.8354492 0.1569736 
1 939 25508.1250000 2752.0556641 0.1569370 
1 940 25508.0664062 2752.7680664 0.1569066 
1 941 25507.6367188 2753.7375488 0.1568865 
1 942 25507.5625000 2754.8095703 0.1568755 
1 943 25507.1054688 2755.4365234 0.1568480 
1 944 25507.2187500 2755.5700684 0.1568448 
1 945 25507.3632812 2755.6179199 0.1568328 
1 946 25507.3945312 2755.6542969 0.1568322 
1 947 25507.8945312 2755.6308594 0.1568284 
1 948 25508.0683594 2755.7929688 0.1568215 
1 949 25508.6308594 2756.4514160 0.1567805 
1 950 25509.0410156 2756.4682617 0.1567284 
1 951 25508.7695312 2756.5141602 0.1566847 
1 952 25509.2968750 2756.7294922 0.1566564 
1 953 25509.2812500 2757.1289062 0.1566454 
1 954 25509.3046875 2757.3789062 0.1566349 
1 955 25509.3046875 2757.3789062 0.1566349 
1 956 25509.3476562 2757.5891113 0.1566233 
1 957 25509.3125000 2757.7675781 0.1566250 
1 958 25509.1289062 2757.7666016 0.1566385 
1 959 25509.0039062 2757.9877930 0.1566861 
1 960 25509.1367188 2758.0693359 0.1567419 
1 961 25508.6406250 2757.8813477 0.1568172 
1 962 25508.1542969 2757.5827637 0.1569674 
1 963 25508.0390625 2757.5888672 0.1571186 
1 964 25507.3437500 2758.2570801 0.1573145 
1 965 25507.5683594 2761.1894531 0.1569021 
1 966 25507.5742188 2761.4733887 0.1569042 
1 967 25507.4921875 2761.5449219 0.1569511 
1 968 25507.4296875 2762.1413574 0.1569724 
1 969 25507.6132812 2762.0900879 0.1569854 
1 970 25507.5214844 2762.4091797 0.1569998 
1 971 25507.8398438 2762.9843750 0.1570074 
1 972 25507.8750000 2763.3208008 0.1570147 
1 973 25508.1757812 2763.4526367 0.1570321 
1 974 25508.7988281 2763.5136719 0.1570343 
1 975 25509.1894531 2763.9963379 0.1570250 
1 976 25509.9433594 2764.4875488 0.1570520 
1 977 25510.7382812 2764.8276367 0.1570670 
1 978 25511.7187500 2764.9409180 0.1570396 
1 979 25513.0898438 2765.2331543 0.1570968 
1 980 25513.0820312 2765.2392578 0.1570986 
1 981 25515.4453125 2765.2998047 0.1570688 
1 982 25518.0488281 2765.3085938 0.1570868 
1 983 25520.8808594 2765.3698730 0.1571393 
1 984 25523.9921875 2765.0908203 0.1571149 
1 985 25526.7070312 2765.0051270 0.1571573 
1 986 25529.8046875 2764.9116211 0.1572230 
1 987 25533.0878906 2765.2858887 0.1572524 
1 988 25536.2578125 2766.1137695 0.1572971 
1 989 25539.1484375 2767.2333984 0.1572553 
1 990 25541.4570312 2768.6389160 0.1573453 
1 991 25543.6562500 2771.0788574 0.1573516 
1 992 25545.1171875 2774.1166992 0.1573675 
1 993 25546.4062500 2777.5222168 0.1573849 
1 994 25547.8867188 2780.9243164 0.1573743 
1 995 25548.7187500 2784.5666504 0.1573829 
1 996 25549.4804688 2788.2348633 0.1573875 
1 997 25549.8535156 2791.1777344 0.1573837 
1 998 25550.8984375 2793.3476562 0.1573785 
1 999 25551.5507812 2795.9287109 0.1574120 
1 1000 25552.3710938 2798.4262695 0.1573345 
1 1001 25552.8476562 2799.7390137 0.1572670 
1 1002 25553.0253906 2800.1442871 0.1572063 
1 1003 25553.0390625 2800.1223145 0.1572218 
1 1004 25553.1640625 2800.1760254 0.1572421 
1 1005 25553.1640625 2800.1760254 0.1572421 
1 1006 25553.6992188 2800.5034180 0.1572269 
1 1007 25554.6093750 2800.6616211 0.1572326 
1 1008 25555.0488281 2800.6125488 0.1572269 
1 1009 25555.3359375 2800.4931641 0.1572464 
1 1010 25555.8046875 2800.8271484 0.1572447 
1 1011 25556.4648438 2801.5891113 0.1572568 
1 1012 25556.5585938 2802.3205566 0.1572099 
1 1013 25556.9648438 2803.0839844 0.1572469 
1 1014 25557.1093750 2804.0463867 0.1572786 
1 1015 25557.0214844 2804.6853027 0.1573465 
1 1016 25557.1699219 2805.4846191 0.1573970 
1 1017 25557.2109375 2806.1845703 0.1574423 
1 1018 25556.8261719 2806.8183594 0.1574749 
1 1019 25556.9257812 2806.7846680 0.1575041 
1 1020 25556.7890625 2807.0102539 0.1575239 
1 1021 25557.1757812 2807.3122559 0.1575616 
1 1022 25557.2441406 2807.7978516 0.1575761 
1 1023 25557.5488281 2808.0732422 0.1575929 
1 1024 25557.5761719 2808.5217285 0.1575889 
1 1025 25558.2011719 2809.2189941 0.1575932 
1 1026 25558.5859375 2810.0158691 0.1575948 
1 1027 25558.8710938 2810.8129883 0.1576360 
1 1028 25559.7441406 2811.7089844 0.1576492 
1 1029 25559.7304688 2811.9340820 0.1576601 
1 1030 25559.7304688 2811.9340820 0.1576601 
1 1031 25560.1718750 2812.1374512 0.1577031 
1 1032 25560.5234375 2812.6843262 0.1578185 
1 1033 25561.1347656 2813.5708008 0.1578747 
1 1034 25561.5234375 2814.4936523 0.1578786 
1 1035 25562.0136719 2815.0522461 0.1577276 
1 1036 25562.7109375 2816.0522461 0.1575048 
1 1037 25562.8984375 2816.2609863 0.1575459 
1 1038 25563.2070312 2816.9975586 0.1575055 
1 1039 25563.6816406 2817.6635742 0.1574337 
1 1040 25564.0859375 2818.2570801 0.1573782 
1 1041 25564.1699219 2819.0646973 0.1572667 
1 1042 25564.6074219 2819.6425781 0.1573117 
1 1043 25564.4804688 2820.4689941 0.1572664 
1 1044 25564.6074219 2821.4733887 0.1571659 
1 1045 25564.2460938 2822.1555176 0.1569582 
1 1046 25564.1054688 2822.3666992 0.1568016 
1 1047 25563.8789062 2822.6340332 0.1566646 
1 1048 25564.0820312 2822.8757324 0.1565577 
1 1049 25563.7011719 2822.7600098 0.1564544 
1 1050 25563.1054688 2822.7519531 0.1563964 
1 1051 25563.1406250 2822.8769531 0.1563386 
1 1052 25561.9531250 2822.7343750 0.1562921 
1 1053 25560.1835938 2822.6123047 0.1563166 
1 1054 25559.0527344 2822.4892578 0.1563554 
1 1055 25559.0527344 2822.4892578 0.1563554 
1 1056 25557.4218750 2822.6762695 0.1564170 
1 1057 25556.9550781 2822.8005371 0.1565102 
1 1058 25555.8027344 2822.7414551 0.1565952 
1 1059 25553.7519531 2822.3364258 0.1566849 
1 1060 25551.8320312 2821.9020996 0.1567960 
1 1061 25550.4804688 2821.5966797 0.1569070 
1 1062 25550.0292969 2821.5720215 0.1570169 
1 1063 25549.6445312 2821.4667969 0.1570996 
1 1064 25548.2382812 2821.4716797 0.1571745 
1 1065 25548.3222656 2820.6245117 0.1572092 
1 1066 25547.7695312 2819.1132812 0.1572284 
1 1067 25547.8125000 2818.2019043 0.1572458 
1 1068 25547.9921875 2818.0800781 0.1572532 
1 1069 25547.8144531 2818.0773926 0.1572484 
1 1070 25547.6250000 2818.1555176 0.1572289 
1 1071 25547.4824219 2818.3278809 0.1572314 
1 1072 25547.5957031 2818.4106445 0.1572282 
1 1073 25547.0781250 2818.5036621 0.1572257 
1 1074 25546.6386719 2818.5039062 0.1572359 
1 1075 25545.8222656 2818.4973145 0.1572502 
1 1076 25545.0019531 2818.4274902 0.1572703 
1 1077 25544.5117188 2818.5300293 0.1572753 
1 1078 25543.4863281 2818.5805664 0.1572759 
1 1079 25543.2792969 2818.4704590 0.1572803 
1 1080 25543.2792969 2818.4704590 0.1572803 
1 1081 25541.9492188 2818.3735352 0.1572750 
1 1082 25541.3652344 2818.0395508 0.1572957 
1 1083 25541.0761719 2817.9812012 0.1573033 
1 1084 25540.5898438 2817.7443848 0.1572928 
1 1085 25540.8437500 2817.0087891 0.1573137 
1 1086 25541.0546875 2816.9528809 0.1573340 
1 1087 25541.6718750 2816.9169922 0.1573389 
1 1088 25541.6484375 2817.2121582 0.1573353 
1 1089 25541.7578125 2817.3139648 0.1573444 
1 1090 25541.6894531 2817.5583496 0.1573598 
1 1091 25541.5039062 2817.7480469 0.1573778 
1 1092 25541.2343750 2817.7065430 0.1574278 
1 1093 25540.9179688 2817.9296875 0.1574715 
1 1094 25540.7539062 2817.7421875 0.1575213 
1 1095 25540.2617188 2817.5698242 0.1575965 
1 1096 25540.5234375 2817.9104004 0.1576630 
1 1097 25540.3789062 2818.3937988 0.1577023 
1 1098 25540.5507812 2818.5454102 0.1577476 
1 1099 25540.6542969 2818.6013184 0.1577703 
1 1100 25540.1972656 2818.5634766 0.1577987 
1 1101 25540.5078125 2818.6276855 0.1578307 
1 1102 25540.5761719 2818.7500000 0.1578216 
1 1103 25540.4453125 2818.8666992 0.1578163 
1 1104 25540.6992188 2818.9230957 0.1578022 
1 1105 25540.6992188 2818.9230957 0.1578022 
1 1106 25540.5742188 2818.8979492 0.1578102 
1 1107 25541.3671875 2818.9951172 0.1578088 
1 1108 25541.1679688 2819.2480469 0.1577955 
1 1109 25541.0898438 2818.9667969 0.1577896 
1 1110 25540.9550781 2818.9953613 0.1578013 
1 1111 25541.0449219 2818.7355957 0.1578138 
1 1112 25540.7070312 2818.7512207 0.1578357 
1 1113 25540.9082031 2818.8991699 0.1578711 
1 1114 25541.2304688 2819.0478516 0.1578598 
1 1115 25541.0195312 2819.0126953 0.1578698 
1 1116 25540.7519531 2818.9980469 0.1578915 
1 1117 25540.7968750 2819.0844727 0.1578966 
1 1118 25540.5898438 2819.2138672 0.1579007 
1 1119 25540.5468750 2819.7070312 0.1579152 
1 1120 25540.4648438 2820.6450195 0.1579101 
1 1121 25539.7832031 2821.3232422 0.1579155 
1 1122 25539.9609375 2821.6525879 0.1579235 
1 1123 25539.2929688 2822.0178223 0.1579471 
1 1124 25539.4238281 2822.9016113 0.1579895 
1 1125 25539.0585938 2824.1743164 0.1580007 
1 1126 25538.5429688 2825.0668945 0.1580090 
1 1127 25538.3691406 2826.2158203 0.1580447 
1 1128 25538.3183594 2827.7285156 0.1580541 
1 1129 25538.3281250 2829.5268555 0.1580774 
1 1130 25538.3281250 2829.5268555 0.1580774 
1 1131 25538.5703125 2832.3239746 0.1581056 
1 1132 25538.4960938 2836.1406250 0.1581144 
1 1133 25538.5761719 2840.4885254 0.1581152 
1 1134 25538.2792969 2844.7187500 0.1580871 
1 1135 25538.1074219 2849.0195312 0.1581109 
1 1136 25537.7890625 2854.6240234 0.1581388 
1 1137 25537.8085938 2861.0600586 0.1581331 
1 1138 25537.0410156 2867.6347656 0.1581242 
1 1139 25536.2597656 2874.2932129 0.1581334 
1 1140 25535.8476562 2880.6059570 0.1581185 
1 1141 25535.1250000 2887.0266113 0.1581815 
1 1142 25534.8613281 2894.0402832 0.1582051 
1 1143 25534.2343750 2901.8696289 0.1582119 
1 1144 25534.0527344 2909.7666016 0.1582161 
1 1145 25533.3359375 2917.3410645 0.1582057 
1 1146 25532.4902344 2924.1215820 0.1581815 
1 1147 25531.7656250 2931.0910645 0.1582042 
1 1148 25531.9101562 2938.6630859 0.1580818 
1 1149 25531.6367188 2945.2934570 0.1580449 
1 1150 25530.9785156 2952.3247070 0.1581004 
1 1151 25530.4726562 2959.0954590 0.1581600 
1 1152 25530.1191406 2965.3847656 0.1581446 
1 1153 25530.2539062 2971.2661133 0.1580764 
1 1154 25530.7382812 2977.1459961 0.1578568 
1 1155 25530.7382812 2977.1459961 0.1578568 
1 1156 25530.8105469 2982.9958496 0.1577700 
1 1157 25530.7636719 2987.8918457 0.1577455 
1 1158 25530.5000000 2992.9033203 0.1576634 
1 1159 25530.5156250 2998.3654785 0.1576933 
1 1160 25530.4257812 3003.6162109 0.1573531 
1 1161 25529.5800781 3009.0180664 0.1575435 
1 1162 25529.2421875 3013.8686523 0.1575387 
1 1163 25528.7519531 3018.0441895 0.1574922 
1 1164 25528.1933594 3022.1069336 0.1574891 
1 1165 25527.6484375 3026.7175293 0.1575662 
1 1166 25527.1699219 3030.8322754 0.1575458 
1 1167 25526.4687500 3034.0375977 0.1573658 
1 1168 25525.3222656 3036.6669922 0.1572568 
1 1169 25523.8515625 3039.3884277 0.1572303 
1 1170 25521.4843750 3041.9421387 0.1572122 
1 1171 25518.8964844 3043.8132324 0.1572533 
1 1172 25515.4394531 3045.9047852 0.1573873 
1 1173 25512.0898438 3047.8234863 0.1574728 
1 1174 25507.8027344 3048.9145508 0.1575459 
1 1175 25504.0625000 3050.5649414 0.1576677 
1 1176 25500.3886719 3052.7587891 0.1577012 
1 1177 25496.5605469 3054.4128418 0.1575878 
1 1178 25493.1054688 3056.2805176 0.1576430 
1 1179 25490.0468750 3059.0043945 0.1576873 
1 1180 25490.0488281 3059.0039062 0.1576861 
1 1181 25487.8554688 3062.5612793 0.1578079 
1 1182 25486.0136719 3066.5979004 0.1577782 
1 1183 25483.9628906 3069.8415527 0.1578074 
1 1184 25481.6386719 3072.3964844 0.1578540 
1 1185 25479.6250000 3074.3383789 0.1578520 
1 1186 25477.4062500 3075.8410645 0.1578880 
1 1187 25476.2539062 3078.0187988 0.1580273 
1 1188 25475.5371094 3082.4240723 0.1581639 
1 1189 25474.3125000 3088.0910645 0.1582116 
1 1190 25473.2265625 3093.6542969 0.1582184 
1 1191 25471.5410156 3097.5170898 0.1581414 
1 1192 25469.6093750 3100.0168457 0.1581797 
1 1193 25468.4531250 3104.8654785 0.1582585 
1 1194 25466.7265625 3111.3156738 0.1582617 
1 1195 25464.4433594 3116.4465332 0.1582597 
1 1196 25461.8535156 3121.7070312 0.1583862 
1 1197 25458.9628906 3126.8291016 0.1583835 
1 1198 25456.3964844 3131.5270996 0.1583923 
1 1199 25453.4785156 3136.6223145 0.1583616 
1 1200 25449.1054688 3141.5825195 0.1583052 
1 1201 25443.8515625 3145.0947266 0.1582727 
1 1202 25437.9277344 3148.8098145 0.1582711 
1 1203 25432.5175781 3153.3605957 0.1583182 
1 1204 25427.3066406 3159.1040039 0.1583444 
1 1205 25427.3046875 3159.1052246 0.1583487 
1 1206 25422.5097656 3164.6049805 0.1583298 
1 1207 25417.6796875 3169.6669922 0.1583295 
1 1208 25413.2714844 3174.3029785 0.1583649 
1 1209 25410.0312500 3178.9057617 0.1583723 
1 1210 25407.2773438 3184.0466309 0.1583804 
1 1211 25404.8027344 3189.8847656 0.1583752 
1 1212 25402.3203125 3194.9311523 0.1583661 
1 1213 25400.0292969 3199.0844727 0.1583687 
1 1214 25398.7226562 3203.0830078 0.1584186 
1 1215 25397.7656250 3207.4980469 0.1584499 
1 1216 25397.2343750 3212.0859375 0.1584651 
1 1217 25396.0507812 3216.3586426 0.1584448 
1 1218 25394.6601562 3218.7170410 0.1584348 
1 1219 25393.0000000 3220.7324219 0.1584418 
1 1220 25391.7578125 3222.5195312 0.1584361 
1 1221 25391.0781250 3224.8032227 0.1584540 
1 1222 25390.6718750 3227.9975586 0.1584688 
1 1223 25390.3710938 3230.9565430 0.1584720 
1 1224 25389.7949219 3232.8356934 0.1584498 
1 1225 25389.3906250 3234.5009766 0.1584621 
1 1226 25389.7070312 3236.3168945 0.1584550 
1 1227 25389.6464844 3238.4887695 0.1584904 
1 1228 25389.9785156 3240.3542480 0.1585179 
1 1229 25390.0468750 3242.3295898 0.1585275 
1 1230 25390.0546875 3242.3156738 0.1585268 
1 1231 25390.2617188 3243.3090820 0.1585531 
1 1232 25390.2539062 3244.9555664 0.1585936 
1 1233 25390.6464844 3247.0847168 0.1586009 
1 1234 25390.5878906 3249.3884277 0.1586109 
1 1235 25390.3750000 3251.8193359 0.1585997 
1 1236 25390.3417969 3253.3461914 0.1585805 
1 1237 25389.6835938 3254.7246094 0.1585801 
1 1238 25390.1953125 3255.9389648 0.1585775 
1 1239 25390.3691406 3257.6689453 0.1585848 
1 1240 25390.4609375 3259.4772949 0.1585586 
1 1241 25390.6484375 3260.7116699 0.1585623 
1 1242 25390.9921875 3261.8925781 0.1585757 
1 1243 25391.3125000 3262.4750977 0.1585416 
1 1244 25391.4179688 3263.2861328 0.1585484 
1 1245 25391.8750000 3264.6206055 0.1585401 
1 1246 25391.8593750 3265.9072266 0.1585257 
1 1247 25391.6484375 3266.8549805 0.1585001 
1 1248 25391.3769531 3267.1977539 0.1584775 
1 1249 25391.0117188 3267.6933594 0.1584759 
1 1250 25390.9921875 3268.2119141 0.1584703 
1 1251 25390.8691406 3268.6767578 0.1584715 
1 1252 25390.5488281 3269.5031738 0.1584716 
1 1253 25390.9355469 3269.7700195 0.1584527 
1 1254 25390.3125000 3270.0791016 0.1584373 
1 1255 25390.3125000 3270.0791016 0.1584373 
1 1256 25390.7617188 3270.0026855 0.1584335 
1 1257 25390.6542969 3270.4018555 0.1584655 
1 1258 25391.2519531 3270.9833984 0.1584570 
1 1259 25391.5937500 3271.5703125 0.1584733 
1 1260 25391.6386719 3271.7041016 0.1584715 
1 1261 25391.3691406 3271.6777344 0.1584825 
1 1262 25391.5644531 3271.6166992 0.1584891 
1 1263 25391.1484375 3271.5832520 0.1584826 
1 1264 25391.5390625 3271.5615234 0.1584916 
1 1265 25391.8652344 3271.4877930 0.1584880 
1 1266 25391.7167969 3271.3669434 0.1584986 
1 1267 25392.2695312 3271.3041992 0.1585045 
1 1268 25392.0878906 3271.4121094 0.1585096 
1 1269 25392.7343750 3271.4748535 0.1585266 
1 1270 25392.7324219 3271.5024414 0.1585168 
1 1271 25392.7031250 3271.2595215 0.1585122 
1 1272 25392.8105469 3271.1169434 0.1585184 
1 1273 25392.8671875 3271.0119629 0.1585269 
1 1274 25393.5078125 3271.0913086 0.1585330 
1 1275 25393.3769531 3271.0764160 0.1585227 
1 1276 25393.1660156 3270.8598633 0.1585371 
1 1277 25393.2851562 3271.1342773 0.1585458 
1 1278 25392.9687500 3271.6257324 0.1585299 
1 1279 25392.6406250 3271.9023438 0.1585172 
1 1280 25392.6406250 3271.9023438 0.1585179 
1 1281 25392.7460938 3272.2915039 0.1585464 
1 1282 25392.8476562 3272.8420410 0.1585511 
1 1283 25392.7695312 3273.8310547 0.1585670 
1 1284 25392.9531250 3274.9848633 0.1585693 
1 1285 25393.0097656 3276.4099121 0.1585740 
1 1286 25393.3789062 3278.9497070 0.1585985 
1 1287 25393.9843750 3282.0632324 0.1586149 
1 1288 25394.5332031 3284.8281250 0.1586124 
1 1289 25395.3339844 3286.7675781 0.1586112 
1 1290 25396.4335938 3288.0495605 0.1586132 
1 1291 25398.0312500 3288.3535156 0.1585548 
1 1292 25399.9042969 3288.7832031 0.1585467 
1 1293 25402.9707031 3289.1989746 0.1585521 
1 1294 25406.0703125 3289.5922852 0.1585369 
1 1295 25408.7929688 3289.3361816 0.1585203 
1 1296 25410.5664062 3289.2275391 0.1585282 
1 1297 25411.9726562 3288.7780762 0.1585719 
1 1298 25412.9648438 3288.1083984 0.1585671 
1 1299 25413.3320312 3286.3842773 0.1585531 
1 1300 25413.3164062 3283.5952148 0.1585686 
1 1301 25413.9472656 3280.1440430 0.1585640 
1 1302 25414.8437500 3274.6425781 0.1585601 
1 1303 25415.0937500 3268.6616211 0.1585522 
1 1304 25415.7519531 3261.2158203 0.1585798 
1 1305 25415.7656250 3261.2060547 0.1585793 
1 1306 25415.9414062 3252.5727539 0.1585615 
1 1307 25416.2656250 3242.2783203 0.1586427 
1 1308 25416.6250000 3232.3107910 0.1587406 
1 1309 25417.5703125 3223.3422852 0.1587868 
1 1310 25418.6308594 3215.2216797 0.1588358 
1 1311 25419.2480469 3206.9804688 0.1588051 
1 1312 25420.1582031 3198.6347656 0.1588591 
1 1313 25421.3906250 3190.8930664 0.1588673 
1 1314 25422.3417969 3183.1694336 0.1588975 
1 1315 25422.8984375 3177.2529297 0.1589672 
1 1316 25424.1035156 3171.8991699 0.1589653 
1 1317 25425.1562500 3166.2905273 0.1589791 
1 1318 25425.6347656 3160.2421875 0.1589499 
1 1319 25426.1757812 3153.4477539 0.1589344 
1 1320 25426.7695312 3147.5024414 0.1589963 
1 1321 25427.4921875 3142.7714844 0.1589836 
1 1322 25428.6171875 3138.4008789 0.1589903 
1 1323 25429.3007812 3134.7387695 0.1589681 
1 1324 25430.1718750 3130.6545410 0.1589088 
1 1325 25430.7792969 3126.1323242 0.1588993 
1 1326 25431.3125000 3121.5825195 0.1588823 
1 1327 25431.9375000 3117.3173828 0.1588876 
1 1328 25432.1367188 3113.2451172 0.1588490 
1 1329 25432.6953125 3108.6923828 0.1588177 
1 1330 25432.6992188 3108.6953125 0.1588170 
1 1331 25432.8945312 3104.4169922 0.1587757 
1 1332 25433.3125000 3100.6962891 0.1587881 
1 1333 25433.9609375 3098.4877930 0.1588096 
1 1334 25434.1191406 3095.6713867 0.1587612 
1 1335 25433.8300781 3091.7231445 0.1587284 
1 1336 25434.0781250 3086.9875488 0.1587315 
1 1337 25434.1953125 3082.6044922 0.1587675 
1 1338 25434.3183594 3078.9707031 0.1588041 
1 1339 25434.5605469 3075.4702148 0.1588180 
1 1340 25434.7265625 3072.2780762 0.1588459 
1 1341 25435.1054688 3068.8183594 0.1588168 
1 1342 25435.2187500 3064.3105469 0.1588269 
1 1343 25435.6347656 3059.3210449 0.1588051 
1 1344 25436.3320312 3054.2846680 0.1588429 
1 1345 25437.0859375 3050.3354492 0.1588775 
1 1346 25438.1250000 3047.3073730 0.1588856 
1 1347 25439.5429688 3044.4421387 0.1588824 
1 1348 25440.9355469 3041.1889648 0.1588494 
1 1349 25441.9843750 3037.3178711 0.1588514 
1 1350 25443.1816406 3033.9023438 0.1588730 
1 1351 25444.3945312 3030.6279297 0.1588657 
1 1352 25445.3554688 3027.3642578 0.1588836 
1 1353 25446.6015625 3024.3315430 0.1588890 
1 1354 25447.6367188 3021.3466797 0.1589087 
1 1355 25447.6406250 3021.3610840 0.1589062 
1 1356 25448.8750000 3018.2968750 0.1588902 
1 1357 25450.1289062 3014.7841797 0.1589074 
1 1358 25450.7734375 3011.1733398 0.1588927 
1 1359 25451.9824219 3007.0712891 0.1589040 
1 1360 25453.1992188 3003.8889160 0.1589498 
1 1361 25455.0000000 3000.5600586 0.1589370 
1 1362 25456.9179688 2997.2055664 0.1589684 
1 1363 25460.0078125 2995.0195312 0.1589759 
1 1364 25463.4394531 2993.0151367 0.1589568 
1 1365 25466.2226562 2990.5463867 0.1589392 
1 1366 25468.7011719 2987.9184570 0.1589204 
1 1367 25471.0234375 2985.1694336 0.1589045 
1 1368 25472.7929688 2982.9599609 0.1589336 
1 1369 25474.3593750 2980.8703613 0.1589288 
1 1370 25475.7539062 2978.1271973 0.1588963 
1 1371 25477.0332031 2975.0842285 0.1589267 
1 1372 25478.7324219 2972.4477539 0.1589576 
1 1373 25480.2617188 2969.7556152 0.1589449 
1 1374 25482.2539062 2967.6210938 0.1589725 
1 1375 25484.5546875 2965.9599609 0.1589586 
1 1376 25486.7011719 2964.0581055 0.1589298 
1 1377 25488.2773438 2961.4687500 0.1588793 
1 1378 25489.2597656 2959.0529785 0.1589104 
1 1379 25489.8710938 2957.7893066 0.1589412 
1 1380 25489.8710938 2957.7893066 0.1589412 
1 1381 25490.1054688 2957.0380859 0.1589959 
1 1382 25490.5488281 2956.9387207 0.1590009 
1 1383 25491.1718750 2955.9975586 0.1589952 
1 1384 25491.0371094 2954.7578125 0.1590015 
1 1385 25491.2871094 2952.7778320 0.1590332 
1 1386 25491.6894531 2951.1511230 0.1590898 
1 1387 25492.2675781 2950.1533203 0.1591042 
1 1388 25493.0039062 2949.4484863 0.1591238 
1 1389 25493.2265625 2948.3127441 0.1591221 
1 1390 25493.3964844 2947.2683105 0.1591494 
1 1391 25494.2089844 2946.5307617 0.1591927 
1 1392 25495.0820312 2946.0168457 0.1591807 
1 1393 25495.5937500 2945.0852051 0.1591623 
1 1394 25496.3437500 2944.1284180 0.1591638 
1 1395 25497.2851562 2943.5175781 0.1591605 
1 1396 25498.2304688 2943.2104492 0.1591624 
1 1397 25499.9570312 2943.2792969 0.1591622 
1 1398 25502.1132812 2943.1201172 0.1591398 
1 1399 25503.4550781 2942.6313477 0.1590878 
1 1400 25502.9843750 2941.3505859 0.1590174 
1 1401 25502.5976562 2939.5493164 0.1590423 
1 1402 25502.8789062 2938.5192871 0.1590530 
1 1403 25502.6445312 2938.0541992 0.1590796 
1 1404 25503.5371094 2937.2143555 0.1590795 
1 1405 25503.5371094 2937.2143555 0.1590795 
1 1406 25504.0332031 2936.7834473 0.1590909 
1 1407 25504.3867188 2936.8237305 0.1590948 
1 1408 25503.8964844 2936.8891602 0.1591155 
1 1409 25504.0976562 2937.3864746 0.1591460 
1 1410 25504.9628906 2936.8071289 0.1590718 
1 1411 25503.7597656 2937.5598145 0.1590972 
1 1412 25503.7421875 2937.3415527 0.1590881 
1 1413 25502.1250000 2938.5837402 0.1590837 
1 1414 25502.0585938 2939.3801270 0.1590906 
1 1415 25501.8242188 2940.2832031 0.1590412 
1 1416 25501.9628906 2940.8435059 0.1590186 
1 1417 25502.3710938 2941.2333984 0.1590029 
1 1418 25502.4609375 2941.5905762 0.1590030 
1 1419 25502.3417969 2941.9372559 0.1590172 
1 1420 25502.1484375 2942.1921387 0.1590471 
1 1421 25502.0800781 2942.3471680 0.1590567 
1 1422 25502.0234375 2942.5136719 0.1590555 
1 1423 25501.9433594 2942.7219238 0.1590402 
1 1424 25501.8652344 2942.9296875 0.1590362 
1 1425 25501.7539062 2943.1342773 0.1590433 
1 1426 25501.6328125 2943.3166504 0.1590474 
1 1427 25501.5664062 2943.4484863 0.1590498 
1 1428 25501.5742188 2943.5458984 0.1590423 
1 1429 25501.6015625 2943.6069336 0.1590334 
1 1430 25501.6015625 2943.6069336 0.1590334 
1 1431 25501.6425781 2943.6948242 0.1590223 
1 1432 25501.7265625 2943.4248047 0.1590184 
1 1433 25501.5605469 2943.6779785 0.1590413 
1 1434 25501.5429688 2943.8261719 0.1590157 
1 1435 25501.7382812 2943.6308594 0.1590209 
1 1436 25501.7207031 2943.7683105 0.1590151 
1 1437 25501.8339844 2943.6193848 0.1590153 
1 1438 25502.0273438 2943.3132324 0.1590221 
1 1439 25501.6562500 2943.9797363 0.1590457 
1 1440 25501.2500000 2944.4184570 0.1590231 
1 1441 25501.2929688 2944.1279297 0.1590214 
1 1442 25501.4824219 2944.1098633 0.1590293 
1 1443 25501.1425781 2944.5495605 0.1590253 
1 1444 25501.1601562 2944.5737305 0.1590326 
1 1445 25501.2089844 2944.5935059 0.1590426 
1 1446 25501.2324219 2944.6166992 0.1590415 
1 1447 25501.2460938 2944.6591797 0.1590371 
1 1448 25501.1171875 2944.7658691 0.1590334 
1 1449 25501.2089844 2944.7700195 0.1590321 
1 1450 25501.2871094 2944.7727051 0.1590290 
1 1451 25501.3046875 2944.8212891 0.1590272 
1 1452 25501.3437500 2944.8703613 0.1590190 
1 1453 25501.4355469 2944.8791504 0.1590130 
1 1454 25501.4843750 2944.8681641 0.1590104 
1 1455 25501.4843750 2944.8637695 0.1590098 
1 1456 25501.4609375 2944.8547363 0.1590070 
1 1457 25501.4492188 2944.8435059 0.1590060 
1 1458 25501.3984375 2944.8801270 0.1590030 
1 1459 25501.3886719 2944.9306641 0.1590025 
1 1460 25501.3867188 2944.9597168 0.1590027 
1 1461 25501.3964844 2944.9580078 0.1590020 
1 1462 25501.3906250 2945.0405273 0.1590065 
1 1463 25501.3496094 2945.1215820 0.1590067 
1 1464 25501.2929688 2945.2160645 0.1590063 
1 1465 25501.2656250 2945.2561035 0.1590110 
1 1466 25501.2421875 2945.3056641 0.1590169 
1 1467 25501.1308594 2945.3713379 0.1590172 
1 1468 25500.9765625 2945.2709961 0.1590175 
1 1469 25500.9335938 2945.4587402 0.1590357 
1 1470 25500.9257812 2945.5041504 0.1590298 
1 1471 25500.9160156 2945.5561523 0.1590286 
1 1472 25500.9140625 2945.4919434 0.1590346 
1 1473 25500.6054688 2946.3330078 0.1590642 
1 1474 25500.6679688 2947.2504883 0.1590380 
1 1475 25500.9140625 2947.1049805 0.1590207 
1 1476 25296.8242188 2489.8986816 0.0032392 
1 1476 25296.8242188 2489.8986816 0.0032392 
