1 2 16047.8222656 5427.8906250 0.2012772 
1 3 16049.0380859 5429.1166992 0.2011418 
1 4 16049.7402344 5429.7846680 0.2011215 
1 5 16050.1367188 5429.7211914 0.2011293 
1 6 16050.8544922 5429.9682617 0.2011388 
1 7 16051.9414062 5430.3232422 0.2011494 
1 8 16053.0419922 5430.6176758 0.2011515 
1 9 16053.9179688 5430.8193359 0.2011548 
1 10 16054.6191406 5431.2460938 0.2011517 
1 11 16055.5117188 5431.5917969 0.2011544 
1 12 16056.6982422 5431.5390625 0.2011531 
1 13 16057.5839844 5431.3632812 0.2011622 
1 14 16057.8652344 5431.0117188 0.2011499 
1 15 16057.6250000 5430.2910156 0.2011489 
1 16 16057.2890625 5429.5361328 0.2011349 
1 17 16057.2255859 5427.6782227 0.2011257 
1 18 16057.1201172 5425.0541992 0.2011251 
1 19 16057.1728516 5421.5791016 0.2011030 
1 20 16056.7978516 5416.6918945 0.2011051 
1 21 16056.8808594 5411.4599609 0.2011079 
1 22 16057.0107422 5405.5322266 0.2011069 
1 23 16057.0683594 5399.4160156 0.2011050 
1 24 16057.0322266 5392.9697266 0.2011055 
1 25 16056.9326172 5387.0239258 0.2011025 
1 26 16056.9326172 5387.0239258 0.2011025 
1 27 16056.6787109 5381.0751953 0.2011178 
1 28 16056.6523438 5375.0756836 0.2011240 
1 29 16056.5996094 5369.8945312 0.2011447 
1 30 16056.5537109 5364.9814453 0.2011414 
1 31 16056.0722656 5360.0214844 0.2011387 
1 32 16055.4843750 5355.2299805 0.2011615 
1 33 16055.3535156 5350.7036133 0.2011644 
1 34 16055.4921875 5346.5083008 0.2011593 
1 35 16055.5615234 5342.5317383 0.2011590 
1 36 16055.2753906 5338.3457031 0.2011664 
1 37 16055.1757812 5334.4604492 0.2011856 
1 38 16055.0898438 5331.0664062 0.2012038 
1 39 16055.2246094 5327.6748047 0.2011892 
1 40 16055.4140625 5324.5888672 0.2011880 
1 41 16055.4052734 5321.6904297 0.2011462 
1 42 16055.3613281 5317.9560547 0.2011354 
1 43 16055.2753906 5314.5673828 0.2011508 
1 44 16055.1406250 5311.4804688 0.2011611 
1 45 16055.2001953 5308.8618164 0.2011908 
1 46 16054.6562500 5306.5830078 0.2013077 
1 47 16054.3007812 5304.6992188 0.2013746 
1 48 16054.4101562 5302.6748047 0.2013364 
1 49 16054.9267578 5301.2363281 0.2012973 
1 50 16055.1650391 5300.2319336 0.2013129 
1 51 16055.1650391 5300.2319336 0.2013129 
1 52 16055.6816406 5300.0532227 0.2013027 
1 53 16056.0556641 5300.1762695 0.2013019 
1 54 16056.4023438 5300.3867188 0.2012760 
1 55 16056.7148438 5300.6489258 0.2012175 
1 56 16056.8554688 5300.5917969 0.2011915 
1 57 16057.0322266 5300.6987305 0.2011479 
1 58 16057.1591797 5300.7758789 0.2011148 
1 59 16057.4628906 5300.7788086 0.2010893 
1 60 16057.7558594 5301.0019531 0.2010782 
1 61 16057.9355469 5301.0371094 0.2010549 
1 62 16057.8144531 5300.8925781 0.2010463 
1 63 16057.7265625 5300.9785156 0.2010047 
1 64 16057.9580078 5300.8261719 0.2009685 
1 65 16057.9248047 5300.6611328 0.2009691 
1 66 16058.0908203 5300.6503906 0.2009360 
1 67 16058.0419922 5300.6499023 0.2009492 
1 68 16058.5957031 5301.0126953 0.2008816 
1 69 16059.1699219 5301.1787109 0.2008578 
1 70 16058.4453125 5300.7695312 0.2009176 
1 71 16058.0800781 5300.6684570 0.2009537 
1 72 16056.0722656 5299.8691406 0.2011818 
1 73 16055.9521484 5299.7958984 0.2011976 
1 74 16055.6308594 5299.6538086 0.2011756 
1 75 16054.8574219 5299.5957031 0.2011492 
1 76 16054.8574219 5299.5957031 0.2011492 
1 77 16053.8730469 5299.3378906 0.2011485 
1 78 16052.7304688 5298.7495117 0.2011442 
1 79 16050.8398438 5298.5698242 0.2012016 
1 80 16048.1074219 5298.1035156 0.2013655 
1 81 16045.5761719 5297.7353516 0.2014843 
1 82 16043.8476562 5298.0390625 0.2013526 
1 83 16040.8105469 5297.7924805 0.2012976 
1 84 16037.9882812 5297.9565430 0.2012205 
1 85 16035.3339844 5298.0253906 0.2010996 
1 86 16032.7294922 5297.9711914 0.2009948 
1 87 16029.8613281 5298.0234375 0.2009196 
1 88 16027.4960938 5297.9873047 0.2008421 
1 89 16025.1230469 5297.7871094 0.2008437 
1 90 16023.2792969 5297.7841797 0.2008025 
1 91 16021.1796875 5297.7724609 0.2007322 
1 92 16018.7031250 5297.7509766 0.2007007 
1 93 16016.2226562 5297.9125977 0.2006005 
1 94 16013.4130859 5298.0034180 0.2005031 
1 95 16010.0156250 5298.2919922 0.2004209 
1 96 16006.8164062 5298.4770508 0.2003208 
1 97 16002.8574219 5298.6621094 0.2002474 
1 98 15998.7871094 5298.7851562 0.2002096 
1 99 15994.7021484 5299.0361328 0.2000990 
1 100 15990.0732422 5298.9555664 0.2000376 
1 101 15990.1054688 5298.9653320 0.2000354 
1 102 15985.7021484 5298.9580078 0.2000252 
1 103 15981.2880859 5298.8193359 0.2000000 
1 104 15977.1923828 5298.9936523 0.2000069 
1 105 15973.5361328 5298.9033203 0.2000095 
1 106 15970.8730469 5299.0996094 0.2000344 
1 107 15968.8769531 5299.0483398 0.2000376 
1 108 15966.9121094 5298.9604492 0.2000470 
1 109 15964.5253906 5298.9902344 0.2000799 
1 110 15962.0742188 5298.9790039 0.2000799 
1 111 15959.6728516 5298.8862305 0.2001246 
1 112 15957.7421875 5298.9814453 0.2001553 
1 113 15955.9121094 5298.8583984 0.2001854 
1 114 15954.0478516 5298.8642578 0.2002004 
1 115 15952.2265625 5298.8500977 0.2002366 
1 116 15950.7675781 5298.6240234 0.2002967 
1 117 15949.8251953 5298.5273438 0.2003426 
1 118 15949.7373047 5298.4575195 0.2003729 
1 119 15950.1035156 5298.4111328 0.2003885 
1 120 15950.2617188 5298.3876953 0.2003897 
1 121 15950.1181641 5298.5424805 0.2004260 
1 122 15950.4208984 5298.6191406 0.2004643 
1 123 15950.8945312 5298.5703125 0.2004959 
1 124 15951.9804688 5298.6699219 0.2005304 
1 125 15952.6181641 5298.6152344 0.2005728 
1 126 15952.6181641 5298.6152344 0.2005728 
1 127 15953.5019531 5298.4804688 0.2006198 
1 128 15954.9140625 5298.3637695 0.2006405 
1 129 15957.3486328 5298.3129883 0.2006935 
1 130 15960.0488281 5298.1181641 0.2007570 
1 131 15962.6367188 5297.8085938 0.2008162 
1 132 15965.3203125 5297.6816406 0.2008203 
1 133 15967.8564453 5297.5234375 0.2008281 
1 134 15970.1162109 5297.1738281 0.2009030 
1 135 15973.0361328 5296.8984375 0.2009991 
1 136 15976.0800781 5296.7617188 0.2010649 
1 137 15978.5527344 5296.5214844 0.2011308 
1 138 15981.1718750 5296.5307617 0.2011551 
1 139 15983.9472656 5296.2998047 0.2011974 
1 140 15985.9970703 5296.0864258 0.2012438 
1 141 15987.7558594 5296.0424805 0.2012618 
1 142 15989.2675781 5295.8984375 0.2012652 
1 143 15990.4580078 5295.7099609 0.2012703 
1 144 15991.2509766 5295.6230469 0.2013056 
1 145 15991.9121094 5295.5493164 0.2013541 
1 146 15992.7812500 5295.3037109 0.2014301 
1 147 15994.1113281 5295.3295898 0.2014560 
1 148 15995.2353516 5295.1733398 0.2015088 
1 149 15996.6005859 5295.1049805 0.2015582 
1 150 15997.7050781 5294.9101562 0.2016164 
1 151 15997.7050781 5294.9101562 0.2016164 
1 152 15998.6464844 5294.7656250 0.2016935 
1 153 15999.8730469 5294.4458008 0.2018023 
1 154 16001.2382812 5294.2700195 0.2018957 
1 155 16004.9921875 5294.9785156 0.2015763 
1 156 16007.2021484 5295.0874023 0.2015693 
1 157 16009.3476562 5295.2568359 0.2015229 
1 158 16011.0859375 5295.0371094 0.2015980 
1 159 16013.3691406 5294.9858398 0.2016277 
1 160 16015.3310547 5294.6245117 0.2017482 
1 161 16017.5605469 5294.4599609 0.2018016 
1 162 16019.3310547 5294.2294922 0.2018517 
1 163 16021.5908203 5294.1728516 0.2018751 
1 164 16023.9199219 5293.9531250 0.2019555 
1 165 16026.6562500 5293.6274414 0.2020531 
1 166 16029.5029297 5293.2656250 0.2021594 
1 167 16032.0097656 5292.9003906 0.2022890 
1 168 16033.9394531 5292.5185547 0.2024291 
1 169 16035.9453125 5292.0830078 0.2025635 
1 170 16038.2851562 5291.7817383 0.2026538 
1 171 16042.3623047 5292.4853516 0.2024162 
1 172 16045.4316406 5292.8437500 0.2022673 
1 173 16046.8710938 5291.6171875 0.2025607 
1 174 16047.1279297 5290.8881836 0.2028434 
1 175 16047.5244141 5290.3037109 0.2030231 
1 176 16047.5244141 5290.3037109 0.2030231 
1 177 16057.5781250 5293.4628906 0.2018854 
1 178 16059.1210938 5293.4467773 0.2018957 
1 179 16061.2089844 5293.6552734 0.2018684 
1 180 16063.6386719 5293.6289062 0.2018504 
1 181 16066.1445312 5293.5986328 0.2018641 
1 182 16068.6328125 5293.5786133 0.2018695 
1 183 16070.9355469 5293.6181641 0.2018843 
1 184 16073.3906250 5293.6474609 0.2018739 
1 185 16076.0605469 5293.8359375 0.2018848 
1 186 16079.2070312 5293.9658203 0.2018909 
1 187 16082.8554688 5294.0815430 0.2018991 
1 188 16086.6191406 5294.0966797 0.2019082 
1 189 16090.4013672 5294.1772461 0.2019179 
1 190 16093.7890625 5294.1606445 0.2019083 
1 191 16096.8798828 5294.1005859 0.2019320 
1 192 16099.7402344 5294.1069336 0.2019486 
1 193 16102.6572266 5294.0258789 0.2019674 
1 194 16105.9101562 5293.9931641 0.2019880 
1 195 16109.7382812 5293.9189453 0.2020039 
1 196 16113.9472656 5293.9257812 0.2020315 
1 197 16118.4814453 5293.8715820 0.2020495 
1 198 16123.4580078 5293.9160156 0.2020785 
1 199 16128.6152344 5293.7929688 0.2020994 
1 200 16133.7890625 5293.7226562 0.2021274 
1 201 16133.7890625 5293.7226562 0.2021273 
1 202 16139.3378906 5293.7763672 0.2020989 
1 203 16145.0986328 5293.7851562 0.2021281 
1 204 16151.0742188 5293.8847656 0.2021576 
1 205 16157.3457031 5293.8129883 0.2021767 
1 206 16163.7675781 5293.8320312 0.2021900 
1 207 16170.0693359 5293.7456055 0.2022123 
1 208 16176.3330078 5293.7363281 0.2022313 
1 209 16182.4277344 5293.6918945 0.2022382 
1 210 16188.0419922 5293.6044922 0.2022287 
1 211 16192.7167969 5293.5307617 0.2022403 
1 212 16196.6103516 5293.5175781 0.2022573 
1 213 16200.4101562 5293.4941406 0.2022728 
1 214 16204.6718750 5293.5986328 0.2022653 
1 215 16208.8369141 5293.4467773 0.2022986 
1 216 16213.7978516 5293.6503906 0.2022480 
1 217 16218.4941406 5293.5737305 0.2022518 
1 218 16223.2753906 5293.4692383 0.2022889 
1 219 16227.9433594 5293.4863281 0.2023145 
1 220 16232.8164062 5293.3476562 0.2023428 
1 221 16237.8427734 5293.2885742 0.2023764 
1 222 16242.9189453 5293.2197266 0.2024056 
1 223 16247.5283203 5293.2153320 0.2024172 
1 224 16251.7285156 5293.2006836 0.2024521 
1 225 16256.0048828 5293.2612305 0.2024624 
1 226 16256.0048828 5293.2612305 0.2024624 
1 227 16260.1474609 5293.2719727 0.2024791 
1 228 16264.9326172 5293.4189453 0.2024070 
1 229 16269.6630859 5293.9296875 0.2023027 
1 230 16272.7500000 5293.8544922 0.2023719 
1 231 16275.9951172 5293.8164062 0.2024173 
1 232 16279.5166016 5293.8339844 0.2024436 
1 233 16285.6738281 5293.9106445 0.2023131 
1 234 16289.7148438 5293.8256836 0.2023469 
1 235 16294.1298828 5293.8408203 0.2023688 
1 236 16298.8173828 5293.7578125 0.2023571 
1 237 16303.1953125 5293.7475586 0.2023575 
1 238 16307.5771484 5293.7978516 0.2023571 
1 239 16311.3330078 5293.6611328 0.2023707 
1 240 16314.8808594 5293.7734375 0.2023410 
1 241 16318.1425781 5293.7797852 0.2023636 
1 242 16321.4257812 5293.6855469 0.2023686 
1 243 16324.5595703 5293.7304688 0.2023900 
1 244 16327.7246094 5293.7539062 0.2024320 
1 245 16331.4599609 5293.8237305 0.2024258 
1 246 16335.1552734 5293.8017578 0.2024547 
1 247 16339.0683594 5293.7402344 0.2024881 
1 248 16342.9404297 5293.6884766 0.2025116 
1 249 16346.6191406 5293.5595703 0.2025603 
1 250 16350.5478516 5293.5297852 0.2025937 
1 251 16350.5566406 5293.5312500 0.2025917 
1 252 16354.7958984 5293.6337891 0.2026118 
1 253 16358.9072266 5293.5410156 0.2026476 
1 254 16364.5625000 5293.6186523 0.2025909 
1 255 16369.3183594 5293.6123047 0.2025610 
1 256 16373.7656250 5293.6289062 0.2025398 
1 257 16378.0507812 5293.9916992 0.2024204 
1 258 16381.8251953 5293.9218750 0.2024052 
1 259 16384.6503906 5293.6982422 0.2025137 
1 260 16387.4570312 5293.4404297 0.2025510 
1 261 16392.5332031 5294.0595703 0.2024297 
1 262 16395.7929688 5294.0566406 0.2024345 
1 263 16399.0371094 5294.1562500 0.2024447 
1 264 16402.4960938 5294.1235352 0.2024397 
1 265 16405.9335938 5294.2294922 0.2024425 
1 266 16409.1816406 5294.2431641 0.2024351 
1 267 16412.2636719 5294.2875977 0.2024364 
1 268 16415.3085938 5294.3286133 0.2024436 
1 269 16418.3242188 5294.2846680 0.2024612 
1 270 16421.2519531 5294.2851562 0.2024740 
1 271 16424.2929688 5294.2944336 0.2024972 
1 272 16427.5390625 5294.3208008 0.2025173 
1 273 16431.0878906 5294.4291992 0.2025237 
1 274 16434.8007812 5294.4848633 0.2025375 
1 275 16438.9765625 5294.4672852 0.2025537 
1 276 16438.9765625 5294.4672852 0.2025537 
1 277 16443.0507812 5294.4414062 0.2025501 
1 278 16446.8984375 5294.4482422 0.2025657 
1 279 16450.5703125 5294.4096680 0.2025688 
1 280 16454.0507812 5294.3447266 0.2025763 
1 281 16457.8144531 5294.4970703 0.2025800 
1 282 16461.7304688 5294.4970703 0.2025963 
1 283 16466.1992188 5294.4926758 0.2026226 
1 284 16471.0234375 5294.5234375 0.2026454 
1 285 16476.3496094 5294.5805664 0.2026551 
1 286 16481.8984375 5294.6328125 0.2026737 
1 287 16487.5781250 5294.6347656 0.2026895 
1 288 16493.1425781 5294.5722656 0.2027151 
1 289 16498.8164062 5294.6542969 0.2027289 
1 290 16504.6523438 5294.6630859 0.2027505 
1 291 16510.7246094 5294.5957031 0.2027655 
1 292 16516.6972656 5294.6591797 0.2027799 
1 293 16522.6718750 5294.6132812 0.2028112 
1 294 16529.4550781 5294.5874023 0.2028518 
1 295 16536.4394531 5294.5742188 0.2028774 
1 296 16542.6640625 5294.8369141 0.2029002 
1 297 16548.4804688 5294.8828125 0.2029154 
1 298 16554.6933594 5294.8730469 0.2029407 
1 299 16561.3476562 5294.8564453 0.2029537 
1 300 16568.2187500 5294.9296875 0.2029881 
1 301 16568.2187500 5294.9296875 0.2029881 
1 302 16575.2363281 5294.9467773 0.2030019 
1 303 16582.4550781 5295.1113281 0.2030066 
1 304 16589.6171875 5295.0058594 0.2030127 
1 305 16596.4042969 5294.9228516 0.2030535 
1 306 16603.2226562 5295.0385742 0.2030686 
1 307 16610.0136719 5294.9140625 0.2030863 
1 308 16616.5820312 5295.0019531 0.2030855 
1 309 16622.6875000 5294.9067383 0.2030209 
1 310 16627.7246094 5294.6723633 0.2030484 
1 311 16632.2187500 5294.6132812 0.2030874 
1 312 16636.3652344 5294.6489258 0.2031269 
1 313 16640.5390625 5294.5078125 0.2031514 
1 314 16645.1347656 5294.5356445 0.2031831 
1 315 16650.0351562 5294.3574219 0.2032156 
1 316 16655.2109375 5294.5336914 0.2032109 
1 317 16659.9628906 5294.5058594 0.2032387 
1 318 16665.1386719 5294.6879883 0.2032559 
1 319 16670.6718750 5294.7568359 0.2032968 
1 320 16677.5546875 5294.8334961 0.2033049 
1 321 16684.8242188 5294.8896484 0.2033319 
1 322 16691.8144531 5294.9804688 0.2033536 
1 323 16698.8437500 5295.2451172 0.2033691 
1 324 16706.0781250 5295.2246094 0.2033897 
1 325 16713.4941406 5295.4692383 0.2034134 
1 326 16713.4941406 5295.4692383 0.2034134 
1 327 16720.6992188 5295.7529297 0.2033303 
1 328 16727.7363281 5295.9912109 0.2032509 
1 329 16733.7148438 5296.2475586 0.2032356 
1 330 16738.6171875 5296.3305664 0.2032317 
1 331 16743.2246094 5296.2851562 0.2032629 
1 332 16747.7558594 5296.4458008 0.2032722 
1 333 16751.5273438 5296.4423828 0.2032897 
1 334 16755.1738281 5296.6093750 0.2033056 
1 335 16758.6523438 5296.4990234 0.2033390 
1 336 16762.0039062 5296.2666016 0.2033624 
1 337 16764.9296875 5296.0400391 0.2034153 
1 338 16767.0976562 5295.4111328 0.2034745 
1 339 16769.3066406 5295.1201172 0.2035002 
1 340 16771.5664062 5294.9609375 0.2035413 
1 341 16774.4121094 5294.9174805 0.2035903 
1 342 16777.8828125 5294.7700195 0.2036297 
1 343 16781.6054688 5294.5898438 0.2036564 
1 344 16785.0566406 5294.4604492 0.2036956 
1 345 16788.4589844 5294.2431641 0.2037572 
1 346 16791.6582031 5294.0820312 0.2038587 
1 347 16795.2832031 5293.9409180 0.2038576 
1 348 16798.8515625 5293.8208008 0.2038844 
1 349 16801.6718750 5293.6503906 0.2039769 
1 350 16804.2617188 5293.3710938 0.2040832 
1 351 16804.2734375 5293.3764648 0.2040820 
1 352 16808.0742188 5293.7153320 0.2040605 
1 353 16811.7480469 5293.5000000 0.2041883 
1 354 16815.5644531 5293.3925781 0.2042577 
1 355 16818.6425781 5293.2548828 0.2043094 
1 356 16821.2089844 5293.2329102 0.2043761 
1 357 16823.7910156 5293.0566406 0.2044244 
1 358 16827.8613281 5293.2939453 0.2042731 
1 359 16831.4453125 5293.4375000 0.2042101 
1 360 16834.1835938 5293.3583984 0.2042583 
1 361 16837.2343750 5293.4482422 0.2042834 
1 362 16840.4785156 5293.4843750 0.2043008 
1 363 16843.5761719 5293.3427734 0.2043859 
1 364 16847.1015625 5293.4853516 0.2044290 
1 365 16850.9531250 5293.4599609 0.2044715 
1 366 16855.0859375 5293.4345703 0.2045129 
1 367 16859.1816406 5293.4887695 0.2045380 
1 368 16862.8027344 5293.4326172 0.2045960 
1 369 16865.9941406 5293.3833008 0.2046586 
1 370 16869.2089844 5293.2856445 0.2046942 
1 371 16872.3046875 5293.2197266 0.2047664 
1 372 16875.5039062 5293.1865234 0.2047922 
1 373 16878.5722656 5293.0903320 0.2048465 
1 374 16881.5449219 5292.9926758 0.2049252 
1 375 16884.1933594 5292.9746094 0.2049532 
1 376 16884.1933594 5292.9746094 0.2049532 
1 377 16886.8535156 5293.0097656 0.2049584 
1 378 16889.3574219 5293.1640625 0.2049852 
1 379 16891.8789062 5293.1367188 0.2050032 
1 380 16894.5371094 5293.2705078 0.2050042 
1 381 16896.9082031 5293.0292969 0.2050555 
1 382 16899.7207031 5293.0571289 0.2050445 
1 383 16902.5292969 5293.0351562 0.2050721 
1 384 16905.6503906 5292.9599609 0.2051004 
1 385 16909.2246094 5293.1196289 0.2051121 
1 386 16912.5234375 5293.3076172 0.2051484 
1 387 16915.6679688 5293.3256836 0.2051948 
1 388 16918.7910156 5293.4091797 0.2052334 
1 389 16921.8222656 5293.5493164 0.2052098 
1 390 16924.3007812 5293.4218750 0.2052614 
1 391 16926.4824219 5293.6044922 0.2052938 
1 392 16928.5625000 5293.6518555 0.2052870 
1 393 16931.0351562 5293.6357422 0.2052932 
1 394 16933.3222656 5293.7607422 0.2053173 
1 395 16936.0390625 5293.8256836 0.2053265 
1 396 16939.1757812 5293.9960938 0.2053330 
1 397 16942.7617188 5294.3154297 0.2053320 
1 398 16946.1035156 5294.3378906 0.2053791 
1 399 16950.0078125 5294.5678711 0.2053328 
1 400 16953.5683594 5294.7500000 0.2053473 
1 401 16953.5683594 5294.7500000 0.2053473 
1 402 16957.2734375 5294.8295898 0.2053699 
1 403 16961.2265625 5294.9824219 0.2053743 
1 404 16965.0742188 5295.1660156 0.2053865 
1 405 16968.4257812 5295.0947266 0.2054756 
1 406 16971.5839844 5294.8173828 0.2055764 
1 407 16974.6699219 5294.7636719 0.2057003 
1 408 16977.7558594 5294.4873047 0.2058634 
1 409 16981.0781250 5293.9262695 0.2060807 
1 410 16984.4960938 5293.7309570 0.2062324 
1 411 16987.8437500 5293.4545898 0.2064192 
1 412 16991.7343750 5293.2119141 0.2065025 
1 413 17005.3867188 5297.2910156 0.2052081 
1 414 17009.5351562 5297.4458008 0.2051754 
1 415 17013.1269531 5297.4946289 0.2051795 
1 416 17016.7597656 5297.6132812 0.2051570 
1 417 17019.8867188 5297.5781250 0.2051968 
1 418 17022.9707031 5297.7148438 0.2051907 
1 419 17026.3828125 5297.9584961 0.2051901 
1 420 17030.0937500 5298.0244141 0.2052531 
1 421 17034.0156250 5298.2475586 0.2052705 
1 422 17037.7265625 5298.3051758 0.2052978 
1 423 17041.6132812 5298.4218750 0.2053087 
1 424 17045.4003906 5298.5004883 0.2053261 
1 425 17049.3066406 5298.6889648 0.2053044 
1 426 17049.2968750 5298.6835938 0.2053072 
1 427 17053.1992188 5298.8208008 0.2053404 
1 428 17057.4062500 5299.0478516 0.2053370 
1 429 17061.4921875 5299.2749023 0.2053986 
1 430 17066.2480469 5299.5419922 0.2053559 
1 431 17070.4082031 5299.6210938 0.2053805 
1 432 17074.5976562 5299.8413086 0.2053896 
1 433 17078.8125000 5299.9907227 0.2054069 
1 434 17083.0781250 5300.1308594 0.2054345 
1 435 17087.5058594 5300.2822266 0.2054421 
1 436 17091.6777344 5300.2978516 0.2054529 
1 437 17095.4687500 5300.3320312 0.2054566 
1 438 17098.8632812 5300.4077148 0.2054856 
1 439 17102.0625000 5300.4511719 0.2055018 
1 440 17105.4121094 5300.4956055 0.2055121 
1 441 17108.8398438 5300.6748047 0.2055311 
1 442 17112.0253906 5300.7021484 0.2055499 
1 443 17115.1640625 5300.8037109 0.2055664 
1 444 17118.5292969 5301.1005859 0.2054809 
1 445 17121.2128906 5301.0502930 0.2055157 
1 446 17123.6503906 5301.0605469 0.2054935 
1 447 17125.6875000 5301.0400391 0.2054909 
1 448 17127.4531250 5300.9838867 0.2055186 
1 449 17128.9433594 5300.7167969 0.2055498 
1 450 17130.4609375 5300.6357422 0.2055674 
1 451 17130.4609375 5300.6357422 0.2055674 
1 452 17132.0781250 5300.4082031 0.2055884 
1 453 17133.1796875 5300.2685547 0.2056286 
1 454 17134.4140625 5300.1357422 0.2056937 
1 455 17135.6953125 5299.9663086 0.2057383 
1 456 17136.9550781 5299.9150391 0.2057520 
1 457 17138.1445312 5299.7548828 0.2057746 
1 458 17139.6855469 5299.8120117 0.2057350 
1 459 17140.4960938 5299.4072266 0.2057996 
1 460 17141.5214844 5299.3496094 0.2058354 
1 461 17143.3046875 5299.4511719 0.2057390 
1 462 17143.9765625 5299.2407227 0.2058053 
1 463 17145.3750000 5299.1650391 0.2057829 
1 464 17146.6875000 5299.2470703 0.2057711 
1 465 17147.9140625 5299.2036133 0.2057706 
1 466 17148.8457031 5299.0986328 0.2058308 
1 467 17150.8457031 5299.2802734 0.2057555 
1 468 17152.0292969 5299.2309570 0.2057742 
1 469 17153.2226562 5299.2226562 0.2057755 
1 470 17154.3593750 5299.0380859 0.2057916 
1 471 17155.7050781 5299.0971680 0.2057776 
1 472 17156.8730469 5299.0439453 0.2057686 
1 473 17158.1035156 5299.1186523 0.2057517 
1 474 17159.0898438 5299.0400391 0.2057661 
1 475 17160.1718750 5299.0014648 0.2057705 
1 476 17160.1718750 5299.0014648 0.2057685 
1 477 17161.1777344 5299.0141602 0.2057701 
1 478 17162.0000000 5298.9677734 0.2057793 
1 479 17162.8437500 5299.0039062 0.2057337 
1 480 17163.4375000 5299.0678711 0.2057270 
1 481 17163.8066406 5299.0161133 0.2057145 
1 482 17164.2460938 5298.8710938 0.2057060 
1 483 17164.5488281 5298.8603516 0.2056902 
1 484 17164.7070312 5298.6630859 0.2057240 
1 485 17164.5761719 5298.4316406 0.2057412 
1 486 17164.5312500 5297.9238281 0.2057934 
1 487 17164.3574219 5297.5449219 0.2058246 
1 488 17164.3652344 5297.0566406 0.2058242 
1 489 17164.4941406 5296.5522461 0.2058252 
1 490 17164.7031250 5296.0771484 0.2058268 
1 491 17164.7363281 5295.5219727 0.2058326 
1 492 17164.5625000 5295.0283203 0.2058372 
1 493 17164.5839844 5294.4970703 0.2057924 
1 494 17164.6464844 5293.8159180 0.2057788 
1 495 17164.4121094 5293.0097656 0.2057428 
1 496 17164.3574219 5291.9667969 0.2057405 
1 497 17164.3671875 5291.0839844 0.2057320 
1 498 17164.5214844 5290.1225586 0.2057312 
1 499 17164.7871094 5289.4311523 0.2057059 
1 500 17164.9140625 5289.0371094 0.2057014 
1 501 17164.9492188 5289.0620117 0.2056886 
1 502 17165.1054688 5288.9218750 0.2056896 
1 503 17165.0234375 5288.7333984 0.2056935 
1 504 17165.0800781 5288.7089844 0.2056947 
1 505 17165.2207031 5288.6328125 0.2056923 
1 506 17165.2871094 5288.5146484 0.2057057 
1 507 17165.3632812 5288.6083984 0.2056925 
1 508 17165.3085938 5288.6386719 0.2056959 
1 509 17165.2851562 5288.6669922 0.2056945 
1 510 17165.3046875 5288.7431641 0.2056967 
1 511 17165.3261719 5288.7226562 0.2056959 
1 512 17165.1972656 5288.6845703 0.2057076 
1 513 17165.1777344 5288.7119141 0.2057204 
1 514 17165.0957031 5288.6582031 0.2057362 
1 515 17165.0312500 5288.6250000 0.2057515 
1 516 17165.0351562 5288.5834961 0.2057657 
1 517 17165.0839844 5288.5424805 0.2057760 
1 518 17165.2382812 5288.5200195 0.2057784 
1 519 17165.6269531 5288.5307617 0.2057720 
1 520 17165.6484375 5288.4331055 0.2057949 
1 521 17165.8359375 5288.4892578 0.2057969 
1 522 17166.1875000 5288.5009766 0.2058055 
1 523 17166.2617188 5288.4990234 0.2058188 
1 524 17166.8007812 5288.5976562 0.2057969 
1 525 17167.2578125 5288.6479492 0.2057893 
1 526 17167.2929688 5288.6743164 0.2057828 
1 527 17167.5214844 5288.5947266 0.2057747 
1 528 17167.8593750 5288.6240234 0.2057821 
1 529 17168.3789062 5288.6923828 0.2057902 
1 530 17168.7695312 5288.7275391 0.2057811 
1 531 17169.1914062 5288.7426758 0.2057872 
1 532 17169.7167969 5288.8203125 0.2057862 
1 533 17170.4824219 5288.9736328 0.2057699 
1 534 17171.1542969 5289.1083984 0.2057549 
1 535 17172.4453125 5289.3339844 0.2057485 
1 536 17173.8320312 5289.4277344 0.2057331 
1 537 17175.5527344 5289.4965820 0.2057362 
1 538 17177.4140625 5289.5893555 0.2057373 
1 539 17179.8066406 5289.7221680 0.2057433 
1 540 17182.7324219 5289.9433594 0.2057594 
1 541 17186.4414062 5290.2949219 0.2057258 
1 542 17190.7519531 5290.7099609 0.2057002 
1 543 17195.2128906 5291.0390625 0.2056939 
1 544 17199.8281250 5291.2641602 0.2057070 
1 545 17204.0546875 5291.5498047 0.2057118 
1 546 17207.9648438 5291.7216797 0.2057352 
1 547 17211.3242188 5291.8447266 0.2057472 
1 548 17213.6503906 5291.9765625 0.2057390 
1 549 17215.5859375 5292.0488281 0.2057522 
1 550 17217.6250000 5292.2119141 0.2057422 
1 551 17217.6250000 5292.2094727 0.2057440 
1 552 17219.5644531 5292.2509766 0.2057410 
1 553 17221.4628906 5292.2822266 0.2057539 
1 554 17223.4960938 5292.3706055 0.2057309 
1 555 17225.2539062 5292.4238281 0.2057504 
1 556 17226.7890625 5292.4433594 0.2057695 
1 557 17228.1738281 5292.4711914 0.2057814 
1 558 17229.5585938 5292.6406250 0.2057687 
1 559 17231.0722656 5292.8574219 0.2057552 
1 560 17232.8183594 5292.9536133 0.2057598 
1 561 17234.6972656 5293.0585938 0.2057606 
1 562 17236.9121094 5293.2543945 0.2057593 
1 563 17239.4453125 5293.3681641 0.2057627 
1 564 17242.4609375 5293.5551758 0.2057651 
1 565 17246.1015625 5293.8789062 0.2057612 
1 566 17249.7207031 5294.1064453 0.2057664 
1 567 17253.7519531 5294.3989258 0.2057402 
1 568 17258.2949219 5294.7875977 0.2057382 
1 569 17262.8828125 5295.0351562 0.2057664 
1 570 17267.4101562 5295.3750000 0.2057665 
1 571 17271.6640625 5295.5737305 0.2057808 
1 572 17275.5898438 5295.7802734 0.2057808 
1 573 17279.5664062 5296.0537109 0.2057791 
1 574 17283.5527344 5296.2460938 0.2057918 
1 575 17287.3671875 5296.4238281 0.2058059 
1 576 17287.3613281 5296.3769531 0.2058166 
1 577 17291.2871094 5296.6513672 0.2058306 
1 578 17295.1992188 5296.8852539 0.2058543 
1 579 17299.0742188 5297.0898438 0.2058548 
1 580 17303.2578125 5297.3964844 0.2058376 
1 581 17307.4101562 5297.4458008 0.2058440 
1 582 17311.8281250 5297.6367188 0.2058376 
1 583 17315.7988281 5297.7416992 0.2058472 
1 584 17320.0000000 5297.7910156 0.2058414 
1 585 17324.3339844 5298.0004883 0.2058492 
1 586 17328.1093750 5297.9433594 0.2058894 
1 587 17332.1328125 5298.1108398 0.2059004 
1 588 17336.4472656 5298.2460938 0.2059295 
1 589 17340.8144531 5298.3056641 0.2059319 
1 590 17345.4921875 5298.3105469 0.2059398 
1 591 17350.3242188 5298.1743164 0.2059710 
1 592 17355.2851562 5298.1582031 0.2059905 
1 593 17360.0976562 5297.8994141 0.2060463 
1 594 17364.7050781 5297.9873047 0.2060611 
1 595 17369.3281250 5298.1201172 0.2060515 
1 596 17374.1875000 5298.2954102 0.2060626 
1 597 17378.2382812 5298.2294922 0.2060952 
1 598 17381.6816406 5298.4882812 0.2061091 
1 599 17385.0156250 5298.6718750 0.2061021 
1 600 17388.0234375 5298.7553711 0.2060893 
1 601 17388.0234375 5298.7553711 0.2060893 
1 602 17390.8847656 5298.4526367 0.2062056 
1 603 17394.3339844 5298.4169922 0.2061712 
1 604 17397.9140625 5298.1162109 0.2061727 
1 605 17400.8046875 5297.9125977 0.2061760 
1 606 17404.1582031 5297.8476562 0.2061475 
1 607 17407.5351562 5297.6538086 0.2061372 
1 608 17411.1406250 5297.5390625 0.2061315 
1 609 17414.3242188 5296.7778320 0.2061283 
1 610 17417.8242188 5296.2744141 0.2061252 
1 611 17421.3750000 5295.7236328 0.2061285 
1 612 17424.9628906 5294.9589844 0.2061402 
1 613 17429.0664062 5293.9897461 0.2061160 
1 614 17433.5781250 5292.6787109 0.2061225 
1 615 17437.8476562 5290.2568359 0.2061494 
1 616 17442.8691406 5288.0292969 0.2061877 
1 617 17447.7031250 5285.5859375 0.2062168 
1 618 17452.8593750 5282.6826172 0.2062462 
1 619 17458.7773438 5280.3295898 0.2062923 
1 620 17464.5761719 5277.7563477 0.2063265 
1 621 17470.4570312 5275.2153320 0.2063671 
1 622 17476.7597656 5273.2412109 0.2064018 
1 623 17482.6445312 5271.5410156 0.2064391 
1 624 17488.8046875 5270.6147461 0.2064649 
1 625 17494.8164062 5269.6538086 0.2064956 
1 626 17494.8125000 5269.6542969 0.2064956 
1 627 17500.4121094 5268.6157227 0.2065184 
1 628 17505.8574219 5267.7382812 0.2065585 
1 629 17511.3300781 5267.2460938 0.2065759 
1 630 17516.9257812 5266.9658203 0.2065944 
1 631 17522.7597656 5266.7431641 0.2065949 
1 632 17528.9726562 5266.6650391 0.2065654 
1 633 17535.3242188 5266.5947266 0.2065680 
1 634 17541.1093750 5266.4541016 0.2065973 
1 635 17546.4863281 5266.4428711 0.2066136 
1 636 17551.5449219 5266.5390625 0.2066229 
1 637 17556.2812500 5266.6850586 0.2066436 
1 638 17561.0078125 5266.9589844 0.2066282 
1 639 17565.0625000 5266.9492188 0.2066652 
1 640 17568.7656250 5266.9755859 0.2066436 
1 641 17571.9628906 5266.7841797 0.2066685 
1 642 17574.7382812 5266.6347656 0.2067022 
1 643 17578.5117188 5266.7260742 0.2066155 
1 644 17581.6289062 5266.8110352 0.2066363 
1 645 17584.5527344 5266.9892578 0.2066531 
1 646 17587.4824219 5267.2509766 0.2066788 
1 647 17590.3261719 5267.5283203 0.2066845 
1 648 17593.0097656 5267.8071289 0.2066135 
1 649 17595.2890625 5268.0068359 0.2066316 
1 650 17597.4257812 5268.3115234 0.2066275 
1 651 17597.4257812 5268.3115234 0.2066275 
1 652 17599.7636719 5268.5991211 0.2065978 
1 653 17601.9492188 5268.9311523 0.2065935 
1 654 17604.2734375 5269.3090820 0.2065660 
1 655 17606.5429688 5269.5063477 0.2065573 
1 656 17608.5332031 5269.6328125 0.2065611 
1 657 17609.8945312 5269.5170898 0.2065845 
1 658 17611.3847656 5269.5380859 0.2065869 
1 659 17612.9531250 5269.4746094 0.2066063 
1 660 17614.3652344 5269.4648438 0.2066130 
1 661 17615.6875000 5269.4038086 0.2066046 
1 662 17617.1601562 5269.4287109 0.2066333 
1 663 17618.3378906 5269.3383789 0.2066636 
1 664 17619.7578125 5269.4687500 0.2066754 
1 665 17621.2539062 5269.4384766 0.2066938 
1 666 17622.6660156 5269.4667969 0.2067187 
1 667 17624.2421875 5269.5371094 0.2067371 
1 668 17626.3613281 5269.5678711 0.2067356 
1 669 17628.9257812 5269.8950195 0.2067271 
1 670 17631.6562500 5270.0917969 0.2067235 
1 671 17634.3183594 5270.2744141 0.2067171 
1 672 17637.2675781 5270.4433594 0.2067355 
1 673 17640.0566406 5270.7319336 0.2067606 
1 674 17642.5351562 5270.8540039 0.2067954 
1 675 17644.7753906 5270.9130859 0.2068474 
1 676 17644.7773438 5270.9155273 0.2068470 
1 677 17646.4414062 5270.9570312 0.2069134 
1 678 17647.7500000 5271.0898438 0.2069299 
1 679 17648.6933594 5271.0761719 0.2069367 
1 680 17649.8984375 5271.2788086 0.2069200 
1 681 17651.2539062 5271.3579102 0.2068818 
1 682 17652.4394531 5271.5043945 0.2068699 
1 683 17653.2089844 5271.5258789 0.2068686 
1 684 17653.8281250 5271.6220703 0.2068640 
1 685 17654.2675781 5271.7558594 0.2068478 
1 686 17654.8339844 5271.8549805 0.2068533 
1 687 17655.1367188 5271.8701172 0.2068383 
1 688 17655.5683594 5272.0214844 0.2068179 
1 689 17656.4335938 5272.2124023 0.2068124 
1 690 17656.9550781 5272.1191406 0.2068290 
1 690 17656.9550781 5272.1191406 0.2068290 
