1 2 1491.5576172 2328.4567871 0.6953018 
1 3 1486.0548096 2324.8388672 0.6972071 
1 4 1492.2102051 2327.5681152 0.6954883 
1 5 1499.7227783 2330.9177246 0.6932068 
1 6 1506.5131836 2333.9272461 0.6912524 
1 7 1511.3325195 2336.0227051 0.6899421 
1 8 1515.7708740 2337.9309082 0.6887181 
1 9 1522.1711426 2340.8254395 0.6868349 
1 10 1530.4918213 2344.0859375 0.6843317 
1 11 1537.7878418 2347.1130371 0.6822108 
1 12 1542.8405762 2349.2773438 0.6808426 
1 13 1547.3692627 2351.2258301 0.6796089 
1 14 1553.6712646 2353.8872070 0.6778491 
1 15 1561.3764648 2357.0791016 0.6755238 
1 16 1568.9665527 2360.4118652 0.6733984 
1 17 1573.7706299 2362.4638672 0.6720784 
1 18 1578.2841797 2364.3645020 0.6708317 
1 19 1584.5677490 2367.0092773 0.6690025 
1 20 1592.5981445 2370.2663574 0.6665854 
1 21 1599.5587158 2373.1645508 0.6645834 
1 22 1599.5587158 2373.1645508 0.6645834 
1 23 1604.7291260 2375.3603516 0.6631669 
1 24 1609.0773926 2377.0830078 0.6619565 
1 25 1615.3325195 2379.5444336 0.6601605 
1 26 1622.5075684 2382.3295898 0.6580709 
1 27 1628.6857910 2384.7934570 0.6563181 
1 28 1633.3826904 2386.7045898 0.6550182 
1 29 1637.5933838 2388.2897949 0.6538458 
1 30 1643.6096191 2390.7126465 0.6521095 
1 31 1651.3645020 2393.6623535 0.6497381 
1 32 1658.2456055 2396.3598633 0.6477798 
1 33 1663.0152588 2398.2583008 0.6464760 
1 34 1667.0766602 2399.7529297 0.6453524 
1 35 1672.5529785 2401.8115234 0.6437421 
1 36 1679.5815430 2404.3518066 0.6417121 
1 37 1684.7564697 2406.2258301 0.6402774 
1 38 1690.5280762 2408.5192871 0.6386987 
1 39 1694.5244141 2409.8315430 0.6376439 
1 40 1699.8133545 2411.5541992 0.6361043 
1 41 1707.0012207 2413.7983398 0.6341274 
1 42 1712.9400635 2415.6518555 0.6324970 
1 43 1717.3559570 2416.9284668 0.6313747 
1 44 1721.8564453 2418.6381836 0.6301587 
1 45 1727.4267578 2420.6467285 0.6286516 
1 46 1734.7832031 2423.4223633 0.6264399 
1 47 1734.7832031 2423.4223633 0.6264399 
1 48 1741.1639404 2425.7409668 0.6245678 
1 49 1745.9204102 2427.4228516 0.6232525 
1 50 1749.7651367 2428.9213867 0.6222041 
1 51 1755.4677734 2431.1479492 0.6205822 
1 52 1763.3786621 2434.1484375 0.6181862 
1 53 1769.8598633 2436.5639648 0.6162713 
1 54 1774.8439941 2438.2907715 0.6149109 
1 55 1779.1218262 2439.9101562 0.6136745 
1 56 1784.9604492 2441.9370117 0.6119873 
1 57 1793.5960693 2444.9653320 0.6094634 
1 58 1800.4196777 2447.4575195 0.6075116 
1 59 1805.5286865 2449.2514648 0.6061267 
1 60 1809.8095703 2451.0134277 0.6047975 
1 61 1815.8460693 2453.4140625 0.6029991 
1 62 1823.6823730 2456.3811035 0.6006464 
1 63 1830.1721191 2458.8146973 0.5987853 
1 64 1836.0699463 2461.3198242 0.5970017 
1 65 1840.1820068 2462.8750000 0.5958591 
1 66 1846.3637695 2465.2429199 0.5940866 
1 67 1855.0523682 2468.6591797 0.5913762 
1 68 1862.2858887 2471.5578613 0.5891998 
1 69 1867.3115234 2473.3168945 0.5878203 
1 70 1871.0808105 2474.6250000 0.5867671 
1 71 1876.5960693 2476.6232910 0.5851617 
1 72 1876.5960693 2476.6232910 0.5851617 
1 73 1884.3981934 2479.5708008 0.5827544 
1 74 1891.6132812 2482.2290039 0.5806809 
1 75 1895.9608154 2483.6225586 0.5795386 
1 76 1899.7031250 2484.9875488 0.5784572 
1 77 1905.5621338 2487.4143066 0.5766653 
1 78 1912.7525635 2489.9379883 0.5743709 
1 79 1919.1408691 2492.3391113 0.5725160 
1 80 1923.6424561 2493.8864746 0.5712611 
1 81 1927.2462158 2495.2646484 0.5701742 
1 82 1931.9680176 2496.9931641 0.5687874 
1 83 1939.1839600 2499.7617188 0.5665575 
1 84 1945.3735352 2502.0925293 0.5648198 
1 85 1949.8747559 2503.7412109 0.5635805 
1 86 1953.6218262 2505.1125488 0.5624775 
1 87 1959.1450195 2507.0981445 0.5608866 
1 88 1966.8255615 2509.9609375 0.5583740 
1 89 1973.8476562 2512.7294922 0.5563079 
1 90 1978.9991455 2514.4414062 0.5548951 
1 91 1982.8056641 2515.9470215 0.5537490 
1 92 1987.8952637 2518.0153809 0.5521763 
1 93 1996.0308838 2521.3574219 0.5496477 
1 94 2002.3076172 2524.1257324 0.5478024 
1 95 2006.3426514 2525.6059570 0.5466478 
1 96 2009.8669434 2526.9121094 0.5455897 
1 97 2009.8669434 2526.9121094 0.5455897 
1 98 2014.8631592 2529.1137695 0.5440425 
1 99 2021.4111328 2531.7888184 0.5420918 
1 100 2027.1120605 2534.2580566 0.5404238 
1 101 2031.7495117 2536.0544434 0.5389388 
1 102 2035.7292480 2537.1262207 0.5378017 
1 103 2040.6744385 2538.7529297 0.5363293 
1 104 2045.4965820 2540.3566895 0.5349264 
1 105 2052.6462402 2543.2509766 0.5327809 
1 106 2058.1611328 2545.3461914 0.5311862 
1 107 2061.5676270 2546.5681152 0.5301413 
1 108 2065.9768066 2548.2036133 0.5288292 
1 109 2072.3867188 2550.6677246 0.5268430 
1 110 2076.9421387 2552.3183594 0.5254705 
1 111 2080.2812500 2553.4592285 0.5245031 
1 112 2083.1252441 2554.4780273 0.5236835 
1 113 2087.4873047 2556.0593262 0.5224470 
1 114 2093.2541504 2558.3334961 0.5206398 
1 115 2097.6218262 2559.9301758 0.5193316 
1 116 2100.9396973 2561.1801758 0.5183858 
1 117 2103.8403320 2562.0727539 0.5175325 
1 118 2108.3750000 2563.5615234 0.5162185 
1 119 2113.6533203 2565.4260254 0.5145814 
1 120 2117.9875488 2566.9521484 0.5132731 
1 121 2120.8671875 2567.8842773 0.5124606 
1 122 2120.8671875 2567.8842773 0.5124606 
1 123 2123.6640625 2568.8427734 0.5116386 
1 124 2127.4853516 2570.2666016 0.5105105 
1 125 2132.6914062 2572.3156738 0.5088812 
1 126 2136.9702148 2573.8857422 0.5076268 
1 127 2140.7380371 2575.3894043 0.5065151 
1 128 2143.4111328 2576.2451172 0.5057598 
1 129 2147.3134766 2577.7006836 0.5045362 
1 130 2153.1860352 2579.9792480 0.5026511 
1 131 2157.9458008 2581.7851562 0.5011855 
1 132 2161.2104492 2582.9340820 0.5002351 
1 133 2163.8188477 2583.7636719 0.4994938 
1 134 2167.4631348 2585.0266113 0.4984058 
1 135 2172.5390625 2586.9062500 0.4968224 
1 136 2176.5263672 2588.2812500 0.4956143 
1 137 2179.5510254 2589.2915039 0.4947295 
1 138 2181.8671875 2589.9223633 0.4940830 
1 139 2185.5288086 2590.9028320 0.4930258 
1 140 2190.1191406 2592.5183105 0.4916075 
1 141 2194.4033203 2594.0209961 0.4903179 
1 142 2197.2626953 2594.9331055 0.4894868 
1 143 2199.6428223 2595.6201172 0.4887786 
1 144 2203.0146484 2596.7514648 0.4877774 
1 145 2207.1359863 2598.2529297 0.4864354 
1 146 2210.7001953 2599.4370117 0.4853548 
1 147 2210.7001953 2599.4370117 0.4853548 
1 148 2213.4794922 2600.3701172 0.4845167 
1 149 2215.8867188 2601.1181641 0.4838327 
1 150 2218.9265137 2602.1616211 0.4828856 
1 151 2222.7631836 2603.5400391 0.4817006 
1 152 2226.1960449 2604.7546387 0.4806585 
1 153 2228.6459961 2605.5910645 0.4799495 
1 154 2230.8896484 2606.3408203 0.4793026 
1 155 2234.0407715 2607.4326172 0.4783171 
1 156 2238.4006348 2609.2578125 0.4768905 
1 157 2242.2141113 2610.7106934 0.4757263 
1 158 2244.7812500 2611.6086426 0.4749664 
1 159 2246.9626465 2612.2812500 0.4743577 
1 160 2250.1203613 2613.4130859 0.4734208 
1 161 2254.8642578 2615.2446289 0.4719552 
1 162 2258.8867188 2616.8186035 0.4707264 
1 163 2261.5280762 2617.6904297 0.4699744 
1 164 2263.8066406 2618.3735352 0.4692743 
1 165 2267.3652344 2619.6604004 0.4680859 
1 166 2271.4890137 2621.1572266 0.4666946 
1 167 2275.1708984 2622.6616211 0.4655018 
1 168 2278.6801758 2624.4665527 0.4644092 
1 169 2281.1413574 2625.5373535 0.4636697 
1 170 2284.7246094 2627.2072754 0.4625670 
1 171 2289.4760742 2629.5952148 0.4610212 
1 172 2289.6882324 2629.6997070 0.4609624 
1 173 2294.0285645 2631.6938477 0.4596466 
1 174 2296.6135254 2632.7851562 0.4588790 
1 175 2299.0537109 2633.8833008 0.4581450 
1 176 2302.5141602 2635.5205078 0.4570543 
1 177 2307.1855469 2637.7551270 0.4555868 
1 178 2310.7785645 2639.3933105 0.4544952 
1 179 2313.3730469 2640.4895020 0.4537287 
1 180 2315.8645020 2641.5815430 0.4529801 
1 181 2319.1408691 2643.0278320 0.4519842 
1 182 2323.6398926 2645.1047363 0.4505954 
1 183 2327.5219727 2646.9177246 0.4493972 
1 184 2330.2707520 2648.0871582 0.4485814 
1 185 2332.7080078 2649.2175293 0.4478271 
1 186 2336.2805176 2650.9348145 0.4467191 
1 187 2341.2241211 2653.3217773 0.4451845 
1 188 2345.2939453 2655.2683105 0.4439550 
1 189 2347.8842773 2656.4245605 0.4431812 
1 190 2350.3854980 2657.5688477 0.4424139 
1 191 2353.9902344 2659.2626953 0.4413295 
1 192 2358.3449707 2661.3540039 0.4399846 
1 193 2362.2595215 2663.1862793 0.4388208 
1 194 2364.7893066 2664.2944336 0.4380829 
1 195 2367.0185547 2665.3186035 0.4374111 
1 196 2370.2338867 2666.8598633 0.4364221 
1 197 2370.2338867 2666.8598633 0.4364221 
1 198 2374.5590820 2668.9084473 0.4350764 
1 199 2378.1313477 2670.5927734 0.4340051 
1 200 2380.5849609 2671.6528320 0.4332873 
1 201 2382.9709473 2672.6865234 0.4325869 
1 202 2386.3266602 2674.2397461 0.4315399 
1 203 2390.7687988 2676.3764648 0.4301543 
1 204 2394.7746582 2678.2302246 0.4289403 
1 205 2397.8041992 2679.6411133 0.4280123 
1 206 2400.1540527 2680.7272949 0.4272678 
1 207 2403.6640625 2682.4497070 0.4261649 
1 208 2408.2744141 2684.7180176 0.4247376 
1 209 2412.2299805 2686.6171875 0.4235465 
1 210 2414.8830566 2687.9052734 0.4227539 
1 211 2417.1953125 2689.0917969 0.4220503 
1 212 2420.8222656 2691.0205078 0.4209313 
1 213 2425.7666016 2693.7822266 0.4192282 
1 214 2430.1713867 2696.1298828 0.4178542 
1 215 2433.2133789 2697.5988770 0.4169261 
1 216 2436.0991211 2698.8740234 0.4160926 
1 217 2439.7133789 2700.4790039 0.4150110 
1 218 2445.5161133 2703.3227539 0.4130887 
1 219 2449.9550781 2705.2558594 0.4117332 
1 220 2453.8247070 2707.0571289 0.4105769 
1 221 2456.5620117 2708.3569336 0.4097190 
1 222 2457.1694336 2708.7377930 0.4095547 
1 223 2461.2858887 2710.6481934 0.4082832 
1 224 2467.4348145 2713.7529297 0.4062909 
1 225 2471.5366211 2715.9326172 0.4049821 
1 226 2474.6162109 2717.3327637 0.4040971 
1 227 2497.5634766 2728.8256836 0.3969583 
1 228 2521.4899902 2740.5976562 0.3896609 
1 229 2545.3493652 2752.8442383 0.3823717 
1 230 2568.1484375 2763.6862793 0.3755535 
1 231 2588.8229980 2773.7854004 0.3693563 
1 232 2609.3845215 2783.5400391 0.3632853 
1 233 2629.5742188 2792.8896484 0.3573188 
1 234 2647.2705078 2801.4772949 0.3519886 
1 235 2666.1894531 2810.2636719 0.3463507 
1 236 2685.3320312 2819.6000977 0.3406037 
1 237 2706.5332031 2829.9077148 0.3342732 
1 238 2726.0395508 2838.9506836 0.3284051 
1 239 2743.0285645 2846.8891602 0.3232693 
1 240 2758.5112305 2853.4868164 0.3186833 
1 241 2775.6472168 2861.2690430 0.3135555 
1 242 2791.7272949 2868.0869141 0.3088143 
1 243 2806.4890137 2874.3664551 0.3043711 
1 244 2821.4838867 2880.3225098 0.2999279 
1 245 2834.5195312 2885.4665527 0.2959065 
1 246 2849.0605469 2891.7873535 0.2916302 
1 247 2849.0571289 2891.7797852 0.2916317 
1 248 2863.3581543 2897.5070801 0.2874591 
1 249 2876.9345703 2903.0859375 0.2834198 
1 250 2889.7927246 2907.9650879 0.2796794 
1 251 2902.6274414 2913.2629395 0.2758857 
1 252 2912.8981934 2916.7724609 0.2729087 
1 253 2923.0986328 2920.7290039 0.2698999 
1 254 2932.0180664 2924.0695801 0.2672579 
1 255 2940.9938965 2927.4672852 0.2645639 
1 256 2950.0119629 2931.0463867 0.2618706 
1 257 2959.3820801 2935.1381836 0.2590710 
1 258 2968.7602539 2939.0029297 0.2563068 
1 259 2979.2370605 2944.2416992 0.2531072 
1 260 2989.2565918 2948.8774414 0.2500353 
1 261 2997.9326172 2952.7517090 0.2474027 
1 262 3006.0898438 2956.8071289 0.2449174 
1 263 3014.4020996 2960.6687012 0.2424316 
1 264 3022.8974609 2964.8198242 0.2398855 
1 265 3030.6215820 2968.3989258 0.2375685 
1 266 3038.2788086 2971.9753418 0.2352889 
1 267 3045.0856934 2975.1501465 0.2332696 
1 268 3051.9340820 2978.4785156 0.2312358 
1 269 3059.5410156 2982.2912598 0.2290272 
1 270 3066.8344727 2986.1342773 0.2268882 
1 271 3073.7299805 2989.6633301 0.2248779 
1 272 3073.7299805 2989.6633301 0.2248779 
1 273 3080.6767578 2993.4091797 0.2228144 
1 274 3087.6625977 2997.1181641 0.2207138 
1 275 3093.5632324 2999.9653320 0.2189924 
1 276 3099.1088867 3002.9326172 0.2173165 
1 277 3105.0793457 3006.0268555 0.2155355 
1 278 3110.1674805 3008.5444336 0.2140325 
1 279 3114.7617188 3010.7285156 0.2126677 
1 280 3119.3657227 3012.9775391 0.2113609 
1 281 3124.2404785 3015.2441406 0.2099914 
1 282 3128.5566406 3017.3657227 0.2087459 
1 283 3132.9860840 3019.4624023 0.2074842 
1 284 3137.3791504 3021.6196289 0.2062093 
1 285 3141.3564453 3023.3947754 0.2051011 
1 286 3144.6242676 3024.9404297 0.2041743 
1 287 3147.3337402 3026.2082520 0.2034147 
1 288 3149.6994629 3027.3874512 0.2027778 
1 289 3151.5734863 3028.2451172 0.2022889 
1 290 3153.3557129 3028.9528809 0.2018328 
1 291 3155.3842773 3029.8222656 0.2012777 
1 292 3157.2375488 3030.6105957 0.2007982 
1 293 3158.2695312 3030.8205566 0.2005621 
1 294 3158.6708984 3030.8891602 0.2004928 
1 295 3159.0307617 3030.8725586 0.2004539 
1 296 3159.2182617 3030.8271484 0.2004455 
1 297 3159.2182617 3030.8271484 0.2004455 
1 298 3159.3212891 3030.7651367 0.2004458 
1 299 3159.4997559 3030.6791992 0.2004502 
1 300 3159.6340332 3030.5732422 0.2004525 
1 301 3159.7683105 3030.5236816 0.2004485 
1 302 3159.9301758 3030.4870605 0.2004413 
1 303 3160.0063477 3030.3906250 0.2004421 
1 304 3160.1103516 3030.3601074 0.2004481 
1 305 3160.2534180 3030.3234863 0.2004468 
1 306 3160.3608398 3030.2756348 0.2004492 
1 307 3160.4394531 3030.1318359 0.2004493 
1 308 3160.5031738 3030.0522461 0.2004492 
1 309 3160.5832520 3029.9497070 0.2004578 
1 310 3160.7204590 3029.8759766 0.2004539 
1 311 3160.7839355 3029.7412109 0.2004541 
1 312 3160.9101562 3029.6457520 0.2004547 
1 313 3161.0336914 3029.4870605 0.2004578 
1 314 3161.1621094 3029.3991699 0.2004614 
1 315 3161.2358398 3029.3312988 0.2004617 
1 316 3161.3398438 3029.1906738 0.2004686 
1 317 3161.4721680 3029.0932617 0.2004682 
1 318 3161.6293945 3029.0200195 0.2004628 
1 319 3161.8044434 3028.9458008 0.2004625 
1 320 3161.8525391 3028.8090820 0.2004757 
1 321 3161.9338379 3028.6975098 0.2004735 
1 322 3161.9338379 3028.6975098 0.2004735 
1 323 3161.9970703 3028.6181641 0.2004779 
1 324 3162.0983887 3028.5063477 0.2004779 
1 325 3162.2385254 3028.4272461 0.2004756 
1 326 3162.3662109 3028.3083496 0.2004793 
1 327 3162.4960938 3028.1357422 0.2004861 
1 328 3162.5891113 3028.0385742 0.2004868 
1 329 3162.6806641 3027.8662109 0.2004913 
1 330 3162.7778320 3027.7143555 0.2004959 
1 331 3162.9758301 3027.4711914 0.2004941 
1 332 3163.1601562 3027.3081055 0.2004920 
1 333 3163.3371582 3027.1447754 0.2004921 
1 334 3163.5000000 3026.9404297 0.2005010 
1 335 3163.6992188 3026.7517090 0.2004998 
1 336 3163.8676758 3026.4960938 0.2004925 
1 337 3164.1135254 3026.2993164 0.2004943 
1 338 3164.2370605 3026.1074219 0.2004942 
1 339 3164.3540039 3025.8701172 0.2004963 
1 340 3164.4916992 3025.6457520 0.2004943 
1 341 3164.5634766 3025.4128418 0.2005070 
1 342 3164.8784180 3025.3081055 0.2005014 
1 343 3165.0229492 3025.1967773 0.2004995 
1 344 3165.2661133 3024.9619141 0.2005063 
1 345 3165.4553223 3024.7778320 0.2005000 
1 346 3165.7019043 3024.6359863 0.2005085 
1 347 3165.7019043 3024.6359863 0.2005085 
1 348 3165.9301758 3024.4543457 0.2005110 
1 349 3165.9755859 3024.3642578 0.2005010 
1 350 3166.0534668 3024.2939453 0.2005004 
1 351 3166.1665039 3024.1442871 0.2005066 
1 352 3166.3696289 3023.9980469 0.2005097 
1 353 3166.7094727 3023.8432617 0.2005082 
1 354 3166.9533691 3023.7338867 0.2005054 
1 355 3167.0886230 3023.6767578 0.2005087 
1 356 3167.3437500 3023.5161133 0.2005062 
1 357 3167.5361328 3023.2685547 0.2005060 
1 358 3167.7475586 3023.1079102 0.2005132 
1 359 3168.0541992 3022.9404297 0.2004976 
1 360 3168.3217773 3022.7219238 0.2004984 
1 361 3168.5422363 3022.4926758 0.2005055 
1 362 3168.7690430 3022.2773438 0.2005050 
1 363 3168.9497070 3021.9982910 0.2005109 
1 364 3169.2602539 3021.7797852 0.2005011 
1 365 3169.5153809 3021.4890137 0.2004999 
1 366 3169.7326660 3021.2504883 0.2004956 
1 367 3169.9243164 3021.0791016 0.2004974 
1 368 3170.1313477 3020.8491211 0.2004971 
1 369 3170.3789062 3020.6418457 0.2004888 
1 370 3170.6835938 3020.3393555 0.2004889 
1 371 3170.8874512 3020.0776367 0.2004831 
1 372 3170.8874512 3020.0776367 0.2004831 
1 373 3171.2666016 3019.9082031 0.2004737 
1 374 3171.5212402 3019.6813965 0.2004744 
1 375 3171.7929688 3019.4721680 0.2004693 
1 376 3172.0341797 3019.2929688 0.2004685 
1 377 3172.2514648 3019.1313477 0.2004611 
1 378 3172.4638672 3018.9833984 0.2004563 
1 379 3172.6528320 3018.8427734 0.2004560 
1 380 3172.8330078 3018.7387695 0.2004503 
1 381 3173.0239258 3018.6013184 0.2004452 
1 382 3173.2036133 3018.3481445 0.2004456 
1 383 3173.4853516 3018.2238770 0.2004340 
1 384 3173.7045898 3018.1000977 0.2004365 
1 385 3173.8916016 3017.9204102 0.2004379 
1 386 3174.1069336 3017.7907715 0.2004364 
1 387 3174.3054199 3017.6379395 0.2004334 
1 388 3174.6030273 3017.5590820 0.2004355 
1 389 3174.8474121 3017.4489746 0.2004360 
1 390 3175.0581055 3017.3442383 0.2004323 
1 391 3175.2871094 3017.2856445 0.2004310 
1 392 3175.4980469 3017.2094727 0.2004324 
1 393 3175.7705078 3017.1352539 0.2004293 
1 394 3176.0336914 3017.0461426 0.2004316 
1 395 3176.2153320 3017.0180664 0.2004326 
1 396 3176.3940430 3016.9772949 0.2004380 
1 397 3176.3940430 3016.9772949 0.2004380 
1 398 3176.5822754 3016.9482422 0.2004344 
1 399 3176.7297363 3016.9125977 0.2004359 
1 400 3176.9104004 3016.8427734 0.2004378 
1 401 3177.1154785 3016.7612305 0.2004427 
1 402 3177.4084473 3016.7304688 0.2004391 
1 403 3177.5720215 3016.6953125 0.2004366 
1 404 3177.6826172 3016.6433105 0.2004416 
1 405 3177.8161621 3016.5549316 0.2004422 
1 406 3177.9389648 3016.4528809 0.2004436 
1 407 3178.0129395 3016.3527832 0.2004476 
1 408 3178.2133789 3016.3242188 0.2004501 
1 409 3178.4133301 3016.3183594 0.2004469 
1 410 3178.6533203 3016.3015137 0.2004471 
1 411 3178.8500977 3016.3520508 0.2004487 
1 412 3179.0478516 3016.3471680 0.2004550 
1 413 3179.2172852 3016.3669434 0.2004498 
1 414 3179.4438477 3016.2885742 0.2004598 
1 415 3179.6396484 3016.1806641 0.2004616 
1 416 3179.8620605 3016.0541992 0.2004641 
1 417 3180.2160645 3015.9321289 0.2004663 
1 418 3180.4438477 3015.9038086 0.2004565 
1 419 3180.4790039 3015.9160156 0.2004574 
1 420 3180.4760742 3015.8076172 0.2004660 
1 421 3180.4907227 3015.7497559 0.2004660 
1 422 3180.4907227 3015.7497559 0.2004660 
1 423 3180.5178223 3015.6918945 0.2004640 
1 424 3180.4765625 3015.7138672 0.2004691 
1 425 3180.4123535 3015.7692871 0.2004687 
1 426 3180.3027344 3015.7998047 0.2004699 
1 427 3180.1953125 3015.8498535 0.2004768 
1 428 3180.0451660 3015.9038086 0.2004763 
1 429 3179.8012695 3015.9838867 0.2004747 
1 430 3179.4641113 3016.0991211 0.2004726 
1 431 3179.1369629 3016.4497070 0.2004639 
1 432 3178.7333984 3016.8632812 0.2004627 
1 433 3178.2644043 3017.2912598 0.2004686 
1 434 3177.8798828 3017.7607422 0.2004577 
1 435 3177.4533691 3018.3549805 0.2004671 
1 436 3177.0537109 3019.0629883 0.2004599 
1 437 3176.5576172 3019.7329102 0.2004569 
1 438 3176.0004883 3020.5249023 0.2004507 
1 439 3175.4116211 3021.2780762 0.2004500 
1 440 3174.8364258 3022.1015625 0.2004470 
1 441 3174.2910156 3022.9428711 0.2004579 
1 442 3173.7070312 3023.7988281 0.2004558 
1 443 3173.0483398 3024.7563477 0.2004528 
1 444 3172.3383789 3025.7402344 0.2004516 
1 445 3171.5473633 3026.6894531 0.2004517 
1 446 3170.7622070 3027.5903320 0.2004489 
1 447 3170.7622070 3027.5903320 0.2004489 
1 448 3169.9890137 3028.6225586 0.2004427 
1 449 3169.2319336 3029.5805664 0.2004415 
1 450 3168.2749023 3030.6284180 0.2004526 
1 451 3167.4633789 3031.6010742 0.2004535 
1 452 3166.6540527 3032.6711426 0.2004464 
1 453 3165.7644043 3033.6794434 0.2004397 
1 454 3164.8972168 3034.6804199 0.2004378 
1 455 3164.0966797 3035.7312012 0.2004324 
1 456 3163.2280273 3036.8461914 0.2004367 
1 457 3162.3334961 3037.9873047 0.2004337 
1 458 3161.4326172 3039.1049805 0.2004302 
1 459 3160.4252930 3040.1979980 0.2004264 
1 460 3159.3935547 3041.3393555 0.2004221 
1 461 3158.4326172 3042.4489746 0.2004183 
1 462 3157.4389648 3043.5859375 0.2004115 
1 463 3156.2365723 3044.6691895 0.2004017 
1 464 3155.0541992 3045.7968750 0.2004069 
1 465 3154.0556641 3046.9348145 0.2004018 
1 466 3153.0310059 3048.0297852 0.2004011 
1 467 3151.9777832 3049.1604004 0.2003972 
1 468 3150.9069824 3050.2663574 0.2004015 
1 469 3149.9326172 3051.3828125 0.2003896 
1 470 3148.9067383 3052.6118164 0.2003797 
1 471 3147.7202148 3053.8491211 0.2003659 
1 472 3147.7202148 3053.8491211 0.2003659 
1 473 3146.4672852 3054.9663086 0.2003671 
1 474 3145.0434570 3056.0527344 0.2003573 
1 475 3143.5786133 3057.1984863 0.2003512 
1 476 3141.9843750 3058.3525391 0.2003488 
1 477 3140.4235840 3059.5605469 0.2003456 
1 478 3138.6748047 3060.7558594 0.2003394 
1 479 3136.8291016 3062.0263672 0.2003354 
1 480 3135.3774414 3063.2814941 0.2003410 
1 481 3133.8969727 3064.6425781 0.2003428 
1 482 3132.2343750 3065.8984375 0.2003444 
1 483 3130.4951172 3067.1787109 0.2003409 
1 484 3128.8205566 3068.5104980 0.2003370 
1 485 3127.1166992 3069.7934570 0.2003305 
1 486 3125.2648926 3071.0161133 0.2003391 
1 487 3123.4206543 3072.3361816 0.2003276 
1 488 3121.4294434 3073.7404785 0.2003311 
1 489 3119.5998535 3075.1965332 0.2003247 
1 490 3117.7297363 3076.6899414 0.2003300 
1 491 3115.8364258 3078.2199707 0.2003303 
1 492 3113.8146973 3079.7519531 0.2003240 
1 493 3111.7124023 3081.3540039 0.2003264 
1 494 3109.5861816 3082.8559570 0.2003412 
1 495 3107.5610352 3084.4584961 0.2003320 
1 496 3105.6953125 3086.0729980 0.2003292 
1 497 3105.6953125 3086.0729980 0.2003292 
1 498 3103.8132324 3087.8576660 0.2003267 
1 499 3101.8508301 3089.5927734 0.2003227 
1 500 3099.9069824 3091.4414062 0.2003177 
1 501 3098.0229492 3093.3020020 0.2003187 
1 502 3096.3439941 3095.3513184 0.2003143 
1 503 3094.5556641 3097.3950195 0.2003248 
1 504 3092.8186035 3099.3750000 0.2003265 
1 505 3091.1086426 3101.3732910 0.2003261 
1 506 3089.4462891 3103.3666992 0.2003291 
1 507 3087.6784668 3105.3212891 0.2003356 
1 508 3086.0241699 3107.2727051 0.2003378 
1 509 3084.2824707 3109.3798828 0.2003330 
1 510 3082.3950195 3111.3466797 0.2003413 
1 511 3080.8249512 3113.1884766 0.2003483 
1 512 3079.3911133 3115.1499023 0.2003388 
1 513 3077.9570312 3117.1032715 0.2003414 
1 514 3076.4174805 3119.0112305 0.2003453 
1 515 3074.9213867 3120.9985352 0.2003464 
1 516 3073.5422363 3122.9934082 0.2003432 
1 517 3072.2580566 3125.0693359 0.2003415 
1 518 3071.0534668 3127.1933594 0.2003437 
1 519 3069.6862793 3129.2333984 0.2003482 
1 520 3068.2897949 3131.1867676 0.2003441 
1 521 3066.9980469 3133.2678223 0.2003348 
1 522 3066.9980469 3133.2678223 0.2003348 
1 523 3065.7590332 3135.3266602 0.2003514 
1 524 3064.6042480 3137.4047852 0.2003522 
1 525 3063.4982910 3139.4584961 0.2003458 
1 526 3062.4204102 3141.5969238 0.2003408 
1 527 3061.3698730 3143.6572266 0.2003399 
1 528 3060.3500977 3145.7143555 0.2003379 
1 529 3059.3505859 3147.8227539 0.2003322 
1 530 3058.2958984 3149.8352051 0.2003379 
1 531 3057.3334961 3151.9282227 0.2003258 
1 532 3056.3449707 3153.9790039 0.2003211 
1 533 3055.3359375 3156.0405273 0.2003213 
1 534 3054.2895508 3158.0854492 0.2003183 
1 535 3053.3833008 3160.1486816 0.2003109 
1 536 3052.3630371 3162.2475586 0.2003015 
1 537 3051.2270508 3164.2858887 0.2002965 
1 538 3050.1279297 3166.3447266 0.2002905 
1 539 3048.9724121 3168.3239746 0.2002838 
1 540 3047.7998047 3170.1782227 0.2002750 
1 541 3046.5864258 3171.9746094 0.2002717 
1 542 3045.3518066 3173.7609863 0.2002587 
1 543 3044.1108398 3175.5078125 0.2002511 
1 544 3042.8796387 3177.2512207 0.2002557 
1 545 3041.7761230 3178.9716797 0.2002519 
1 546 3040.5893555 3180.6887207 0.2002383 
1 547 3040.5893555 3180.6887207 0.2002383 
1 548 3039.2226562 3182.5297852 0.2002417 
1 549 3037.8193359 3184.2541504 0.2002496 
1 550 3036.4477539 3186.1445312 0.2002306 
1 551 3035.0371094 3188.0734863 0.2002348 
1 552 3033.5974121 3189.9936523 0.2002268 
1 553 3032.0942383 3191.7687988 0.2002243 
1 554 3030.2634277 3193.5510254 0.2002139 
1 555 3028.5827637 3195.4272461 0.2002076 
1 556 3026.9829102 3197.3620605 0.2002098 
1 557 3025.0703125 3199.3168945 0.2002213 
1 558 3023.2495117 3201.2854004 0.2002148 
1 559 3021.2438965 3203.2326660 0.2002152 
1 560 3019.2087402 3205.2412109 0.2002226 
1 561 3017.2668457 3207.3569336 0.2002201 
1 562 3015.5356445 3209.4477539 0.2002168 
1 563 3013.6154785 3211.5212402 0.2002182 
1 564 3011.5549316 3213.6462402 0.2002117 
1 565 3009.4355469 3215.9013672 0.2002040 
1 566 3007.2407227 3218.1149902 0.2002203 
1 567 3005.1333008 3220.2612305 0.2002258 
1 568 3003.0576172 3222.4719238 0.2002263 
1 569 3001.0336914 3224.7084961 0.2002370 
1 570 2998.8720703 3227.0458984 0.2002183 
1 571 2996.5295410 3229.3798828 0.2002303 
1 572 2996.5295410 3229.3798828 0.2002303 
1 573 2994.3027344 3231.8022461 0.2002301 
1 574 2992.0300293 3234.2871094 0.2002279 
1 575 2989.5874023 3236.8105469 0.2002460 
1 576 2987.2924805 3239.2917480 0.2002504 
1 577 2985.0607910 3241.7001953 0.2002444 
1 578 2982.7416992 3244.0527344 0.2002641 
1 579 2980.3784180 3246.4650879 0.2002821 
1 580 2977.9384766 3248.8847656 0.2002714 
1 581 2975.5205078 3251.3989258 0.2002486 
1 582 2973.0600586 3253.8869629 0.2002572 
1 583 2970.5493164 3256.3037109 0.2002647 
1 584 2968.0397949 3258.7861328 0.2002716 
1 585 2965.5212402 3261.2985840 0.2002700 
1 586 2962.9982910 3263.7316895 0.2002874 
1 587 2960.5014648 3266.3408203 0.2002766 
1 588 2957.9907227 3269.0537109 0.2002667 
1 589 2955.4257812 3271.6733398 0.2002752 
1 590 2952.9335938 3274.2519531 0.2002588 
1 591 2950.5278320 3276.9213867 0.2002428 
1 592 2948.0847168 3279.6264648 0.2002317 
1 593 2945.6586914 3282.2783203 0.2002191 
1 594 2943.1630859 3284.9997559 0.2002202 
1 595 2940.6433105 3287.7910156 0.2002132 
1 596 2938.1420898 3290.5434570 0.2002139 
1 597 2938.1420898 3290.5434570 0.2002139 
1 598 2935.7353516 3293.3261719 0.2001967 
1 599 2933.3322754 3296.2592773 0.2001739 
1 600 2930.9494629 3299.0734863 0.2001805 
1 601 2928.5615234 3301.9892578 0.2001763 
1 602 2926.2333984 3304.8889160 0.2001644 
1 603 2923.9042969 3307.7575684 0.2001618 
1 604 2921.6420898 3310.5966797 0.2001826 
1 605 2919.3200684 3313.4372559 0.2001999 
1 606 2917.1035156 3316.3537598 0.2002043 
1 607 2914.8564453 3319.2551270 0.2001962 
1 608 2912.6965332 3322.2075195 0.2001873 
1 609 2910.5446777 3325.1533203 0.2001860 
1 610 2908.4250488 3328.1174316 0.2001743 
1 611 2906.2512207 3330.9648438 0.2001908 
1 612 2904.1467285 3333.9318848 0.2001815 
1 613 2901.9550781 3336.7250977 0.2002372 
1 614 2899.8857422 3339.6796875 0.2002610 
1 615 2897.9248047 3342.6901855 0.2002582 
1 616 2895.8520508 3345.6247559 0.2002787 
1 617 2893.8625488 3348.6552734 0.2002736 
1 618 2891.8005371 3351.6066895 0.2002768 
1 619 2889.8085938 3354.5590820 0.2003084 
1 620 2887.7377930 3357.4597168 0.2003490 
1 621 2885.8151855 3360.4577637 0.2003322 
1 622 2885.8151855 3360.4577637 0.2003322 
1 623 2883.8955078 3363.4536133 0.2003317 
1 624 2881.9511719 3366.4804688 0.2003136 
1 625 2880.0078125 3369.4658203 0.2003103 
1 626 2878.0595703 3372.2827148 0.2003399 
1 627 2876.2495117 3375.1682129 0.2003350 
1 628 2874.3994141 3377.9431152 0.2003425 
1 629 2872.6022949 3380.7565918 0.2003355 
1 630 2870.7141113 3383.4973145 0.2003550 
1 631 2868.9465332 3386.2548828 0.2003739 
1 632 2867.1413574 3388.8598633 0.2004191 
1 633 2865.3984375 3391.4790039 0.2004327 
1 634 2863.7382812 3394.1508789 0.2004260 
1 635 2862.0893555 3396.7504883 0.2004262 
1 636 2860.4626465 3399.3647461 0.2004225 
1 637 2858.8823242 3401.9252930 0.2004402 
1 638 2857.3251953 3404.6416016 0.2004191 
1 639 2855.7070312 3407.2497559 0.2004279 
1 640 2854.1533203 3409.8388672 0.2004258 
1 641 2852.7055664 3412.5095215 0.2003998 
1 642 2851.2670898 3415.1210938 0.2003918 
1 643 2849.6699219 3417.6215820 0.2003841 
1 644 2847.9331055 3420.0068359 0.2004117 
1 645 2846.2543945 3422.4719238 0.2003956 
1 646 2844.6154785 3424.8659668 0.2003977 
1 647 2844.6154785 3424.8659668 0.2003977 
1 648 2842.9912109 3427.2058105 0.2004480 
1 649 2841.4194336 3429.6201172 0.2004426 
1 650 2839.8940430 3432.0895996 0.2004348 
1 651 2838.2978516 3434.5004883 0.2004258 
1 652 2836.6923828 3436.8444824 0.2004158 
1 653 2835.1806641 3439.2968750 0.2004007 
1 654 2833.6403809 3441.6882324 0.2003855 
1 655 2832.1035156 3444.0385742 0.2003807 
1 656 2830.6083984 3446.3715820 0.2003693 
1 657 2828.9978027 3448.7268066 0.2003631 
1 658 2827.3620605 3451.1528320 0.2003540 
1 659 2825.8105469 3453.5991211 0.2003525 
1 660 2824.1018066 3456.0104980 0.2003618 
1 661 2822.5229492 3458.4426270 0.2003637 
1 662 2821.0366211 3460.8305664 0.2003738 
1 663 2819.5405273 3463.2988281 0.2004067 
1 664 2818.0834961 3465.8225098 0.2004011 
1 665 2816.5930176 3468.3474121 0.2003927 
1 666 2815.1049805 3470.8198242 0.2003899 
1 667 2813.7080078 3473.3981934 0.2003714 
1 668 2812.1166992 3475.9306641 0.2003914 
1 669 2810.5341797 3478.3857422 0.2004128 
1 670 2809.0874023 3480.7895508 0.2004403 
1 671 2807.6445312 3483.1628418 0.2004426 
1 672 2807.6445312 3483.1628418 0.2004426 
1 673 2806.1708984 3485.5585938 0.2004490 
1 674 2804.7983398 3487.9990234 0.2004509 
1 675 2803.5834961 3490.4465332 0.2004719 
1 676 2802.3603516 3492.9169922 0.2004727 
1 677 2801.0688477 3495.3808594 0.2004746 
1 678 2799.7912598 3497.8203125 0.2004797 
1 679 2798.5300293 3500.2246094 0.2004828 
1 680 2797.3278809 3502.7177734 0.2004694 
1 681 2796.1689453 3505.2729492 0.2004683 
1 682 2794.9750977 3507.5502930 0.2005065 
1 683 2793.9047852 3509.9897461 0.2005026 
1 684 2792.7744141 3512.4023438 0.2004980 
1 685 2791.6298828 3514.8339844 0.2005073 
1 686 2790.4912109 3517.3120117 0.2005008 
1 687 2789.3559570 3519.8041992 0.2005019 
1 688 2788.3642578 3522.1997070 0.2005222 
1 689 2787.2758789 3524.4519043 0.2005797 
1 690 2786.2124023 3526.7543945 0.2006001 
1 691 2785.2565918 3529.1442871 0.2005930 
1 692 2784.3981934 3531.5541992 0.2005843 
1 693 2783.4443359 3533.9975586 0.2005882 
1 694 2782.6198730 3536.4375000 0.2006027 
1 695 2781.7871094 3538.9091797 0.2005956 
1 696 2780.8469238 3541.3586426 0.2005769 
1 697 2780.8469238 3541.3586426 0.2005769 
1 698 2779.9604492 3543.9140625 0.2005682 
1 699 2779.0434570 3546.4667969 0.2005741 
1 700 2778.3217773 3549.1704102 0.2005549 
1 701 2777.6616211 3551.9016113 0.2005509 
1 702 2776.9948730 3554.5886230 0.2005545 
1 703 2776.3027344 3557.2739258 0.2005435 
1 704 2775.5935059 3559.9194336 0.2005467 
1 705 2774.8620605 3562.6337891 0.2005372 
1 706 2774.0957031 3565.3015137 0.2005323 
1 707 2773.3818359 3567.9406738 0.2005242 
1 708 2772.7233887 3570.6228027 0.2005196 
1 709 2772.1357422 3573.3239746 0.2005076 
1 710 2771.4208984 3576.0351562 0.2004985 
1 711 2770.7124023 3578.6647949 0.2005364 
1 712 2770.0888672 3581.3476562 0.2005125 
1 713 2769.3420410 3584.0336914 0.2005145 
1 714 2768.7058105 3586.5771484 0.2005159 
1 715 2768.0307617 3589.1704102 0.2005131 
1 716 2767.4248047 3591.6677246 0.2004970 
1 717 2766.8432617 3594.1298828 0.2004817 
1 718 2766.1569824 3596.4770508 0.2004846 
1 719 2765.4333496 3598.6843262 0.2004835 
1 720 2764.6806641 3600.9199219 0.2004673 
1 721 2763.9619141 3603.1552734 0.2004585 
1 722 2763.9619141 3603.1552734 0.2004585 
1 723 2763.3400879 3605.5400391 0.2004404 
1 724 2762.7377930 3607.9916992 0.2004496 
1 725 2762.0725098 3610.3244629 0.2004500 
1 726 2761.4426270 3612.6030273 0.2004443 
1 727 2760.7944336 3614.7827148 0.2004419 
1 728 2760.1943359 3616.9487305 0.2004344 
1 729 2759.4111328 3618.9912109 0.2004358 
1 730 2758.7753906 3620.9982910 0.2004389 
1 731 2758.1166992 3623.0668945 0.2004387 
1 732 2757.1813965 3624.8684082 0.2004368 
1 733 2756.2985840 3626.7360840 0.2004229 
1 734 2755.4709473 3628.7470703 0.2004148 
1 735 2754.5878906 3630.7641602 0.2004238 
1 736 2753.6767578 3632.7915039 0.2004137 
1 737 2752.8745117 3634.7612305 0.2004068 
1 738 2751.9965820 3636.6687012 0.2004065 
1 739 2751.0795898 3638.3803711 0.2004406 
1 740 2750.2768555 3640.0214844 0.2004392 
1 741 2749.4714355 3641.5676270 0.2004393 
1 742 2748.6938477 3643.2785645 0.2004280 
1 743 2747.6665039 3645.0522461 0.2004362 
1 744 2746.5502930 3646.7250977 0.2004458 
1 745 2745.4125977 3648.2026367 0.2004409 
1 746 2744.2817383 3649.6621094 0.2004388 
1 747 2744.2817383 3649.6621094 0.2004388 
1 748 2743.1625977 3651.2351074 0.2004370 
1 749 2742.0502930 3652.8657227 0.2004371 
1 750 2740.9882812 3654.3632812 0.2004418 
1 751 2739.9182129 3655.8669434 0.2004359 
1 752 2738.7670898 3657.3718262 0.2004352 
1 753 2737.5903320 3658.8317871 0.2004349 
1 754 2736.3994141 3660.3796387 0.2004327 
1 755 2735.1420898 3662.0080566 0.2004224 
1 756 2733.8454590 3663.6364746 0.2004207 
1 757 2732.5402832 3665.3022461 0.2004242 
1 758 2731.2700195 3667.0126953 0.2004210 
1 759 2730.0146484 3668.6330566 0.2004256 
1 760 2728.8105469 3670.3125000 0.2004144 
1 761 2727.6899414 3672.0737305 0.2003949 
1 762 2726.4482422 3673.9587402 0.2003807 
1 763 2725.1982422 3675.7612305 0.2003741 
1 764 2724.0100098 3677.4169922 0.2003929 
1 765 2722.5429688 3679.2185059 0.2004040 
1 766 2721.0532227 3681.2136230 0.2004137 
1 767 2719.8095703 3683.3803711 0.2003936 
1 768 2718.4843750 3685.5419922 0.2003848 
1 769 2717.1547852 3687.7292480 0.2003773 
1 770 2715.8522949 3689.8759766 0.2003548 
1 771 2714.4997559 3692.1926270 0.2003380 
1 772 2714.4997559 3692.1926270 0.2003380 
1 773 2713.1728516 3694.4487305 0.2003458 
1 774 2711.8720703 3696.8666992 0.2003408 
1 775 2710.6469727 3699.3518066 0.2003307 
1 776 2709.3627930 3701.7172852 0.2003322 
1 777 2708.0229492 3704.1770020 0.2003104 
1 778 2706.6589355 3706.4975586 0.2003247 
1 779 2705.4201660 3708.8488770 0.2003225 
1 780 2704.1855469 3711.2719727 0.2003071 
1 781 2702.8635254 3713.8188477 0.2002981 
1 782 2701.6254883 3716.3466797 0.2002646 
1 783 2700.2216797 3718.7915039 0.2002552 
1 784 2699.0302734 3721.3161621 0.2002317 
1 785 2697.8251953 3723.8666992 0.2002291 
1 786 2696.6660156 3726.4067383 0.2002400 
1 787 2695.4936523 3728.9575195 0.2002270 
1 788 2694.2641602 3731.4821777 0.2002443 
1 789 2693.1196289 3734.2075195 0.2002310 
1 790 2691.9274902 3736.8972168 0.2002243 
1 791 2690.7766113 3739.6804199 0.2002043 
1 792 2689.6276855 3742.4677734 0.2002010 
1 793 2688.5004883 3745.2185059 0.2001894 
1 794 2687.3789062 3748.0078125 0.2001748 
1 795 2686.2236328 3750.8142090 0.2001459 
1 796 2685.0996094 3753.6252441 0.2001281 
1 797 2685.0996094 3753.6252441 0.2001281 
1 798 2683.9814453 3756.3989258 0.2001200 
1 799 2682.9501953 3759.2426758 0.2000902 
1 800 2681.8803711 3762.0656738 0.2000802 
1 801 2680.8410645 3764.8195801 0.2000722 
1 802 2679.8312988 3767.6352539 0.2000512 
1 803 2678.8696289 3770.5273438 0.2000376 
1 804 2677.8127441 3773.3127441 0.2000691 
1 805 2676.7656250 3776.1560059 0.2000514 
1 806 2675.6042480 3778.7822266 0.2000899 
1 807 2674.6245117 3781.5981445 0.2000661 
1 808 2673.5327148 3784.2905273 0.2000602 
1 809 2672.4902344 3787.0507812 0.2000493 
1 810 2671.4172363 3789.7343750 0.2000457 
1 811 2670.4687500 3792.4411621 0.2000332 
1 812 2669.4389648 3795.0534668 0.2000359 
1 813 2668.3591309 3797.7124023 0.2000638 
1 814 2667.2668457 3800.3100586 0.2000702 
1 815 2666.3847656 3802.9636230 0.2000590 
1 816 2665.3835449 3805.6735840 0.2000341 
1 817 2664.4096680 3808.2810059 0.2000302 
1 818 2663.4868164 3810.8178711 0.2000302 
1 819 2662.4804688 3813.4694824 0.2000168 
1 820 2661.5541992 3815.9340820 0.2000000 
1 821 2660.3950195 3818.2280273 0.2000705 
1 822 2660.3950195 3818.2280273 0.2000705 
1 823 2659.2004395 3820.4511719 0.2001937 
1 824 2658.1909180 3822.9750977 0.2001538 
1 825 2657.1740723 3825.5212402 0.2001441 
1 826 2655.9958496 3828.0236816 0.2001798 
1 827 2654.8962402 3830.6247559 0.2001760 
1 828 2653.8623047 3833.1848145 0.2001624 
1 829 2652.7768555 3835.6467285 0.2001859 
1 830 2651.5322266 3838.0698242 0.2002659 
1 831 2650.3715820 3840.6057129 0.2003159 
1 832 2649.3100586 3843.2863770 0.2003283 
1 833 2648.1442871 3845.8706055 0.2003268 
1 834 2647.0156250 3848.5031738 0.2003185 
1 835 2645.8852539 3851.0717773 0.2003381 
1 836 2644.7602539 3853.8537598 0.2003382 
1 837 2643.7463379 3856.5014648 0.2004251 
1 838 2642.8054199 3859.3642578 0.2004409 
1 839 2641.7744141 3862.1865234 0.2004481 
1 840 2640.8491211 3865.2167969 0.2004183 
1 841 2640.0231934 3868.3288574 0.2004080 
1 842 2639.1870117 3871.5773926 0.2003669 
1 843 2638.0544434 3874.6435547 0.2004263 
1 844 2637.2226562 3877.6791992 0.2004149 
1 845 2636.3300781 3880.7839355 0.2004074 
1 846 2635.3666992 3883.9423828 0.2004107 
1 847 2635.3666992 3883.9423828 0.2004107 
1 848 2634.4680176 3887.0556641 0.2004011 
1 849 2633.3945312 3889.9904785 0.2004663 
1 850 2632.5620117 3893.1206055 0.2004514 
1 851 2631.6704102 3896.2692871 0.2004501 
1 852 2630.8237305 3899.2800293 0.2004545 
1 853 2629.8852539 3902.3950195 0.2004583 
1 854 2628.9521484 3905.5063477 0.2004572 
1 855 2628.2863770 3908.8041992 0.2004222 
1 856 2627.4218750 3911.8798828 0.2004453 
1 857 2626.7858887 3915.2065430 0.2004527 
1 858 2625.8862305 3918.4377441 0.2004569 
1 859 2625.1928711 3921.6342773 0.2004370 
1 860 2624.4079590 3924.7768555 0.2004568 
1 861 2623.4892578 3927.9538574 0.2004666 
1 862 2622.5463867 3931.1069336 0.2004752 
1 863 2621.6516113 3934.2514648 0.2004783 
1 864 2620.7458496 3937.6313477 0.2004048 
1 865 2619.7329102 3940.7492676 0.2004008 
1 866 2618.4575195 3943.6860352 0.2005239 
1 867 2617.5280762 3946.8999023 0.2005073 
1 868 2616.7077637 3950.1865234 0.2004971 
1 869 2615.9130859 3953.5598145 0.2004933 
1 870 2615.0429688 3956.8630371 0.2004844 
1 871 2614.2370605 3960.1840820 0.2004789 
1 872 2614.2370605 3960.1840820 0.2004789 
1 873 2613.3718262 3963.4877930 0.2004935 
1 874 2612.6381836 3966.7407227 0.2005453 
1 875 2611.8476562 3969.9726562 0.2005591 
1 876 2610.9628906 3973.3125000 0.2005779 
1 877 2610.1950684 3976.6213379 0.2005921 
1 878 2609.3447266 3980.0976562 0.2005833 
1 879 2608.3996582 3983.5874023 0.2005876 
1 880 2607.5971680 3987.0512695 0.2005828 
1 881 2606.6538086 3990.5502930 0.2006063 
1 882 2605.6523438 3994.2485352 0.2006073 
1 883 2604.7766113 3997.9934082 0.2005970 
1 884 2603.9694824 4001.7827148 0.2005921 
1 885 2603.0688477 4005.5224609 0.2005992 
1 886 2602.2192383 4009.2504883 0.2005981 
1 887 2601.3562012 4012.9584961 0.2006054 
1 888 2600.1599121 4016.6142578 0.2006175 
1 889 2598.9221191 4020.1098633 0.2006053 
1 890 2597.8417969 4023.5620117 0.2005928 
1 891 2597.0146484 4026.9716797 0.2005683 
1 892 2596.1926270 4030.5849609 0.2005640 
1 893 2595.2827148 4034.1394043 0.2005868 
1 894 2594.4902344 4037.8249512 0.2005777 
1 895 2593.3911133 4041.3869629 0.2005913 
1 896 2592.1914062 4044.9414062 0.2006016 
1 897 2592.1914062 4044.9414062 0.2006016 
1 898 2591.1145020 4048.6630859 0.2005761 
1 899 2590.0209961 4052.4252930 0.2005829 
1 900 2588.6132812 4056.2114258 0.2005981 
1 901 2586.6872559 4059.8706055 0.2006122 
1 902 2584.9289551 4063.5593262 0.2005855 
1 903 2583.4909668 4067.2861328 0.2005747 
1 904 2582.2438965 4071.3754883 0.2005126 
1 905 2580.6909180 4075.6826172 0.2005117 
1 906 2578.8627930 4080.0332031 0.2005254 
1 907 2576.9309082 4084.7287598 0.2004945 
1 908 2575.2697754 4089.3671875 0.2004877 
1 909 2573.4060059 4094.0986328 0.2004873 
1 910 2571.6777344 4098.8388672 0.2004718 
1 911 2569.8017578 4103.2905273 0.2004889 
1 912 2567.6223145 4107.1728516 0.2005035 
1 913 2565.3549805 4110.5341797 0.2004972 
1 914 2562.8852539 4113.6030273 0.2005458 
1 915 2560.4804688 4116.4643555 0.2005606 
1 916 2557.9587402 4119.2875977 0.2005698 
1 917 2555.2216797 4122.0839844 0.2005657 
1 918 2552.3327637 4124.6259766 0.2005604 
1 919 2549.6079102 4127.2314453 0.2005402 
1 920 2546.8347168 4129.9365234 0.2005300 
1 921 2543.4938965 4131.9921875 0.2006182 
1 922 2543.4938965 4131.9921875 0.2006182 
1 923 2540.4733887 4134.3344727 0.2006180 
1 924 2537.2690430 4136.4692383 0.2006146 
1 925 2534.2924805 4138.5019531 0.2005956 
1 926 2531.3686523 4140.6147461 0.2005789 
1 927 2528.3015137 4142.5117188 0.2006171 
1 928 2525.3618164 4144.5781250 0.2006071 
1 929 2522.1738281 4146.5087891 0.2006616 
1 930 2518.7795410 4148.4868164 0.2006727 
1 931 2515.5246582 4150.5332031 0.2006318 
1 932 2512.4741211 4152.3393555 0.2006585 
1 933 2509.7963867 4154.3823242 0.2006494 
1 934 2507.1274414 4156.3471680 0.2006482 
1 935 2504.6748047 4158.3603516 0.2006412 
1 936 2502.3122559 4160.3085938 0.2006229 
1 937 2500.2675781 4162.2666016 0.2005872 
1 938 2498.2458496 4164.3383789 0.2005783 
1 939 2496.3242188 4166.4409180 0.2005793 
1 940 2494.6481934 4168.6811523 0.2005527 
1 941 2493.2841797 4171.0996094 0.2005138 
1 942 2491.9487305 4173.6674805 0.2005073 
1 943 2490.4782715 4176.1694336 0.2005233 
1 944 2489.0009766 4178.9023438 0.2005199 
1 945 2487.4489746 4181.7348633 0.2005080 
1 946 2486.9101562 4184.6728516 0.2004606 
1 947 2486.9101562 4184.6728516 0.2004606 
1 948 2485.7983398 4187.7626953 0.2004838 
1 949 2484.9560547 4191.0688477 0.2004458 
1 950 2484.0603027 4194.1923828 0.2004699 
1 951 2483.5720215 4197.1684570 0.2004513 
1 952 2482.8579102 4200.1811523 0.2004631 
1 953 2482.1530762 4203.2011719 0.2004582 
1 954 2481.9191895 4206.2714844 0.2004371 
1 955 2481.0275879 4208.7128906 0.2004829 
1 956 2481.1132812 4210.6142578 0.2004959 
1 957 2481.3134766 4212.1201172 0.2005185 
1 958 2481.1276855 4213.6025391 0.2005503 
1 959 2480.4023438 4214.5859375 0.2005943 
1 960 2480.1069336 4215.7441406 0.2005519 
1 961 2480.2583008 4216.9062500 0.2005324 
1 962 2480.2792969 4217.7744141 0.2005521 
1 963 2480.7832031 4218.9140625 0.2004981 
1 964 2480.7211914 4219.8876953 0.2005310 
1 965 2480.6140137 4220.5092773 0.2005566 
1 966 2480.3940430 4220.9965820 0.2005573 
1 967 2480.3566895 4221.5336914 0.2005288 
1 968 2480.2080078 4222.0517578 0.2005404 
1 969 2480.1811523 4222.5917969 0.2005454 
1 970 2480.1516113 4223.0087891 0.2005516 
1 971 2480.1791992 4223.5390625 0.2005361 
1 972 2480.1791992 4223.5390625 0.2005361 
1 973 2480.1660156 4224.0249023 0.2005318 
1 974 2480.0541992 4224.3754883 0.2005415 
1 975 2480.0458984 4224.7934570 0.2005302 
1 976 2479.9619141 4225.1855469 0.2005416 
1 977 2479.9357910 4225.7382812 0.2005199 
1 978 2479.8320312 4226.3076172 0.2005198 
1 979 2479.7294922 4226.9331055 0.2005187 
1 980 2479.5556641 4227.5385742 0.2005393 
1 981 2479.4614258 4228.1718750 0.2005282 
1 982 2479.3286133 4228.9350586 0.2005217 
1 983 2479.2255859 4229.6918945 0.2005169 
1 984 2479.0703125 4230.4838867 0.2005191 
1 985 2478.6689453 4231.0932617 0.2005625 
1 986 2478.5683594 4231.9462891 0.2005474 
1 987 2478.1342773 4232.7568359 0.2005337 
1 988 2477.8520508 4233.5112305 0.2005427 
1 989 2478.0927734 4234.5781250 0.2004980 
1 990 2477.5861816 4235.5366211 0.2005411 
1 991 2477.0559082 4236.5844727 0.2005360 
1 992 2476.6916504 4237.6362305 0.2005119 
1 993 2475.5358887 4238.9970703 0.2005677 
1 994 2474.8876953 4240.1928711 0.2005704 
1 995 2474.0126953 4241.6206055 0.2005700 
1 996 2473.2143555 4242.7797852 0.2005869 
1 997 2473.2143555 4242.7797852 0.2005869 
1 998 2472.3708496 4243.9189453 0.2005979 
1 999 2471.3525391 4245.1005859 0.2005903 
1 1000 2470.4914551 4246.1738281 0.2005842 
1 1001 2469.4301758 4247.2773438 0.2006038 
1 1002 2468.3105469 4248.6044922 0.2006067 
1 1003 2466.7568359 4249.7456055 0.2006713 
1 1004 2465.6708984 4251.1215820 0.2006677 
1 1005 2464.6215820 4252.6640625 0.2006431 
1 1006 2463.3579102 4254.2939453 0.2006351 
1 1007 2461.9663086 4255.8583984 0.2006423 
1 1008 2460.4738770 4257.3193359 0.2006359 
1 1009 2458.6076660 4258.6757812 0.2006631 
1 1010 2456.8437500 4260.0332031 0.2006616 
1 1011 2455.2565918 4261.5429688 0.2006541 
1 1012 2453.8098145 4263.1357422 0.2006457 
1 1013 2452.0632324 4264.6098633 0.2006424 
1 1014 2450.3195801 4266.1943359 0.2006066 
1 1015 2448.2082520 4267.4687500 0.2006045 
1 1016 2446.1574707 4268.9414062 0.2005879 
1 1016 2446.1574707 4268.9414062 0.2005879 
