1 1 5749.9975586 3270.0012207 0.6953018 
1 2 5750.6010742 3269.8129883 0.6972071 
1 3 5751.2475586 3269.4482422 0.6954883 
1 4 5751.4477539 3268.6911621 0.6932068 
1 5 5751.9746094 3268.1826172 0.6912524 
1 6 5752.5937500 3267.9196777 0.6899421 
1 7 5753.1098633 3267.6247559 0.6887181 
1 8 5753.4741211 3267.1293945 0.6868349 
1 9 5753.7719727 3265.8840332 0.6843317 
1 10 5754.2705078 3265.0937500 0.6822108 
1 11 5754.9384766 3264.7951660 0.6808426 
1 12 5755.5126953 3264.5229492 0.6796089 
1 13 5756.1743164 3264.0170898 0.6778491 
1 14 5756.4267578 3263.0229492 0.6755238 
1 15 5757.2050781 3262.5302734 0.6733984 
1 16 5757.7783203 3262.2065430 0.6720784 
1 17 5758.2963867 3261.8627930 0.6708317 
1 18 5758.7177734 3261.2148438 0.6690025 
1 19 5759.0014648 3260.1215820 0.6665854 
1 20 5759.5458984 3259.4162598 0.6645834 
1 21 5759.5458984 3259.4162598 0.6645834 
1 22 5760.1762695 3259.0622559 0.6631669 
1 23 5760.6450195 3258.6059570 0.6619565 
1 24 5761.1435547 3257.8344727 0.6601605 
1 25 5761.6215820 3256.8583984 0.6580709 
1 26 5762.1826172 3256.1672363 0.6563181 
1 27 5762.7128906 3255.7385254 0.6550182 
1 28 5763.1665039 3255.2136230 0.6538458 
1 29 5763.6176758 3254.5107422 0.6521095 
1 30 5763.7719727 3253.1921387 0.6497381 
1 31 5764.3769531 3252.3647461 0.6477798 
1 32 5764.9682617 3251.9165039 0.6464760 
1 33 5765.4287109 3251.3886719 0.6453524 
1 34 5765.7431641 3250.5488281 0.6437421 
1 35 5766.2656250 3249.4348145 0.6417121 
1 36 5766.8427734 3248.7265625 0.6402774 
1 37 5767.5541992 3248.1782227 0.6386987 
1 38 5768.1699219 3247.5917969 0.6376439 
1 39 5768.5249023 3246.5432129 0.6361043 
1 40 5769.3769531 3245.2290039 0.6341274 
1 41 5770.0898438 3244.1477051 0.6324970 
1 42 5770.9086914 3243.4042969 0.6313747 
1 43 5771.5117188 3242.9250488 0.6301587 
1 44 5772.2519531 3242.2207031 0.6286516 
1 45 5772.5200195 3241.0153809 0.6264399 
1 46 5772.5200195 3241.0153809 0.6264399 
1 47 5772.9003906 3239.9643555 0.6245678 
1 48 5773.4414062 3239.2785645 0.6232525 
1 49 5773.9257812 3238.8901367 0.6222041 
1 50 5774.4296875 3238.1970215 0.6205822 
1 51 5774.6621094 3236.8850098 0.6181862 
1 52 5775.0053711 3235.8535156 0.6162713 
1 53 5775.6298828 3235.1315918 0.6149109 
1 54 5775.9448242 3234.5253906 0.6136745 
1 55 5776.3759766 3233.5153809 0.6119873 
1 56 5776.9218750 3232.0004883 0.6094634 
1 57 5777.4897461 3230.9794922 0.6075116 
1 58 5778.1596680 3230.2807617 0.6061267 
1 59 5778.1806641 3229.6503906 0.6047975 
1 60 5778.4531250 3228.8134766 0.6029991 
1 61 5778.7495117 3227.5458984 0.6006464 
1 62 5779.2744141 3226.6296387 0.5987853 
1 63 5779.4555664 3225.9240723 0.5970017 
1 64 5779.9052734 3225.4226074 0.5958591 
1 65 5780.4062500 3224.5998535 0.5940866 
1 66 5780.4082031 3223.1374512 0.5913762 
1 67 5780.6665039 3222.1188965 0.5891998 
1 68 5781.2705078 3221.3945312 0.5878203 
1 69 5781.6645508 3220.8068848 0.5867671 
1 70 5782.0351562 3219.9157715 0.5851617 
1 71 5782.0351562 3219.9157715 0.5851617 
1 72 5782.1215820 3218.5300293 0.5827544 
1 73 5782.6909180 3217.4558105 0.5806809 
1 74 5783.3779297 3216.7932129 0.5795386 
1 75 5783.6542969 3216.2119141 0.5784572 
1 76 5783.7700195 3215.4128418 0.5766653 
1 77 5783.6074219 3213.8066406 0.5743709 
1 78 5784.0507812 3212.8688965 0.5725160 
1 79 5784.5307617 3212.1577148 0.5712611 
1 80 5784.6508789 3211.5795898 0.5701742 
1 81 5784.9277344 3210.8117676 0.5687874 
1 82 5784.9970703 3209.5664062 0.5665575 
1 83 5785.6171875 3208.7695312 0.5648198 
1 84 5786.1464844 3208.1872559 0.5635805 
1 85 5786.3579102 3207.5732422 0.5624775 
1 86 5786.7822266 3206.6953125 0.5608866 
1 87 5786.4101562 3205.0354004 0.5583740 
1 88 5786.8105469 3204.0847168 0.5563079 
1 89 5787.4340820 3203.2539062 0.5548951 
1 90 5787.5673828 3202.6962891 0.5537490 
1 91 5787.6166992 3201.9338379 0.5521763 
1 92 5787.6484375 3200.7246094 0.5496477 
1 93 5788.0107422 3200.1711426 0.5478024 
1 94 5788.3452148 3199.5732422 0.5466478 
1 95 5788.4785156 3198.9748535 0.5455897 
1 96 5788.4785156 3198.9748535 0.5455897 
1 97 5788.5156250 3198.3913574 0.5440425 
1 98 5788.8115234 3197.5551758 0.5420918 
1 99 5789.1669922 3197.0219727 0.5404238 
1 100 5789.0449219 3196.1455078 0.5389388 
1 101 5789.3798828 3195.1706543 0.5378017 
1 102 5789.6064453 3194.1469727 0.5363293 
1 103 5789.9321289 3193.2253418 0.5349264 
1 104 5790.2055664 3192.2578125 0.5327809 
1 105 5790.6093750 3191.4824219 0.5311862 
1 106 5790.6669922 3190.8237305 0.5301413 
1 107 5790.8710938 3190.0974121 0.5288292 
1 108 5790.9150391 3188.9863281 0.5268430 
1 109 5791.0717773 3188.1665039 0.5254705 
1 110 5791.3105469 3187.5659180 0.5245031 
1 111 5791.5278320 3187.1096191 0.5236835 
1 112 5791.9267578 3186.4650879 0.5224470 
1 113 5791.9013672 3185.4860840 0.5206398 
1 114 5792.0761719 3184.7280273 0.5193316 
1 115 5792.3632812 3184.2758789 0.5183858 
1 116 5792.5292969 3183.6325684 0.5175325 
1 117 5792.8525391 3182.7561035 0.5162185 
1 118 5792.8837891 3181.6738281 0.5145814 
1 119 5793.0249023 3180.8449707 0.5132731 
1 120 5793.3007812 3180.3146973 0.5124606 
1 121 5793.3007812 3180.3146973 0.5124606 
1 122 5793.4628906 3179.7934570 0.5116386 
1 123 5793.6689453 3179.1867676 0.5105105 
1 124 5793.6528320 3178.3032227 0.5088812 
1 125 5793.9111328 3177.6152344 0.5076268 
1 126 5794.1157227 3177.1179199 0.5065151 
1 127 5794.3676758 3176.6140137 0.5057598 
1 128 5794.3481445 3175.8669434 0.5045362 
1 129 5794.1791992 3174.7524414 0.5026511 
1 130 5794.2412109 3173.9204102 0.5011855 
1 131 5794.4599609 3173.3581543 0.5002351 
1 132 5794.6928711 3172.8537598 0.4994938 
1 133 5794.8496094 3172.1582031 0.4984058 
1 134 5794.8510742 3171.1877441 0.4968224 
1 135 5794.9663086 3170.3881836 0.4956143 
1 136 5795.1552734 3169.8056641 0.4947295 
1 137 5795.3994141 3169.2729492 0.4940830 
1 138 5795.6718750 3168.3505859 0.4930258 
1 139 5795.7167969 3167.4130859 0.4916075 
1 140 5795.8671875 3166.5942383 0.4903179 
1 141 5796.0625000 3166.0104980 0.4894868 
1 142 5796.1728516 3165.4226074 0.4887786 
1 143 5796.3359375 3164.7519531 0.4877774 
1 144 5796.1567383 3163.8378906 0.4864354 
1 145 5796.2573242 3163.0766602 0.4853548 
1 146 5796.2573242 3163.0766602 0.4853548 
1 147 5796.3505859 3162.5014648 0.4845167 
1 148 5796.5654297 3162.0180664 0.4838327 
1 149 5796.5703125 3161.3569336 0.4828856 
1 150 5796.6088867 3160.6020508 0.4817006 
1 151 5796.7016602 3159.9411621 0.4806585 
1 152 5796.8793945 3159.5014648 0.4799495 
1 153 5797.0498047 3159.0869141 0.4793026 
1 154 5797.0419922 3158.4045410 0.4783171 
1 155 5796.8300781 3157.6616211 0.4768905 
1 156 5796.9116211 3157.0192871 0.4757263 
1 157 5797.0434570 3156.5493164 0.4749664 
1 158 5797.2744141 3156.1259766 0.4743577 
1 159 5797.4291992 3155.5717773 0.4734208 
1 160 5797.4755859 3154.7653809 0.4719552 
1 161 5797.5590820 3154.1271973 0.4707264 
1 162 5797.7905273 3153.6455078 0.4699744 
1 163 5797.8251953 3153.0686035 0.4692743 
1 164 5797.5751953 3152.2163086 0.4680859 
1 165 5797.2402344 3151.2087402 0.4666946 
1 166 5797.0991211 3150.5661621 0.4655018 
1 167 5797.1064453 3150.4042969 0.4644092 
1 168 5797.1972656 3150.1440430 0.4636697 
1 169 5797.2460938 3149.8291016 0.4625670 
1 170 5797.0434570 3149.4348145 0.4610212 
1 171 5797.0664062 3149.4333496 0.4609624 
1 172 5797.1894531 3149.0588379 0.4596466 
1 173 5797.3144531 3148.7685547 0.4588790 
1 174 5797.4023438 3148.5454102 0.4581450 
1 175 5797.3671875 3148.2197266 0.4570543 
1 176 5797.3349609 3147.8127441 0.4555868 
1 177 5797.4291992 3147.4858398 0.4544952 
1 178 5797.5673828 3147.2023926 0.4537287 
1 179 5797.6591797 3146.9467773 0.4529801 
1 180 5797.7436523 3146.6005859 0.4519842 
1 181 5797.7910156 3146.1777344 0.4505954 
1 182 5797.8330078 3145.8339844 0.4493972 
1 183 5797.9677734 3145.5349121 0.4485814 
1 184 5797.9873047 3145.3076172 0.4478271 
1 185 5798.0083008 3145.0302734 0.4467191 
1 186 5798.0341797 3144.6552734 0.4451845 
1 187 5798.1630859 3144.3884277 0.4439550 
1 188 5798.2734375 3144.1518555 0.4431812 
1 189 5798.3154297 3143.9150391 0.4424139 
1 190 5798.4448242 3143.6569824 0.4413295 
1 191 5798.4887695 3143.3276367 0.4399846 
1 192 5798.6728516 3143.0649414 0.4388208 
1 193 5798.8378906 3142.8447266 0.4380829 
1 194 5798.9140625 3142.6599121 0.4374111 
1 195 5798.9594727 3142.4208984 0.4364221 
1 196 5798.9594727 3142.4208984 0.4364221 
1 197 5798.9716797 3142.0471191 0.4350764 
1 198 5799.1103516 3141.8029785 0.4340051 
1 199 5799.2636719 3141.5712891 0.4332873 
1 200 5799.4047852 3141.3439941 0.4325869 
1 201 5799.4047852 3141.0129395 0.4315399 
1 202 5799.4062500 3140.6555176 0.4301543 
1 203 5799.5209961 3140.3242188 0.4289403 
1 204 5799.5756836 3140.0644531 0.4280123 
1 205 5799.5400391 3139.8105469 0.4272678 
1 206 5799.5146484 3139.5478516 0.4261649 
1 207 5799.5507812 3139.2468262 0.4247376 
1 208 5799.6894531 3139.0019531 0.4235465 
1 209 5799.8017578 3138.8635254 0.4227539 
1 210 5799.8588867 3138.7836914 0.4220503 
1 211 5799.8994141 3138.6982422 0.4209313 
1 212 5799.3852539 3138.3945312 0.4192282 
1 213 5799.3867188 3138.2685547 0.4178542 
1 214 5799.4541016 3138.0668945 0.4169261 
1 215 5799.6684570 3137.8417969 0.4160926 
1 216 5799.8164062 3137.5002441 0.4150110 
1 217 5799.4584961 3136.8835449 0.4130887 
1 218 5799.5527344 3136.3767090 0.4117332 
1 219 5799.7163086 3136.0966797 0.4105769 
1 220 5799.7041016 3135.8522949 0.4097190 
1 221 5799.7851562 3135.9375000 0.4095547 
1 222 5799.8266602 3135.5590820 0.4082832 
1 223 5799.5903320 3135.0778809 0.4062909 
1 224 5799.4975586 3134.9018555 0.4049821 
1 225 5799.7407227 3134.7089844 0.4040971 
1 226 5799.8076172 3133.3518066 0.3969583 
1 227 5800.3461914 3131.9882812 0.3896609 
1 228 5800.8437500 3131.1145020 0.3823717 
1 229 5801.7900391 3129.6838379 0.3755535 
1 230 5802.6025391 3128.6279297 0.3693563 
1 231 5803.7065430 3127.4548340 0.3632853 
1 232 5804.7734375 3126.0646973 0.3573188 
1 233 5805.3862305 3125.0581055 0.3519886 
1 234 5806.2363281 3123.6962891 0.3463507 
1 235 5806.9599609 3122.6879883 0.3406037 
1 236 5807.8715820 3121.6005859 0.3342732 
1 237 5808.5703125 3120.0810547 0.3284051 
1 238 5809.0991211 3118.7749023 0.3232693 
1 239 5809.8833008 3117.1179199 0.3186833 
1 240 5810.5849609 3115.6699219 0.3135555 
1 241 5811.4692383 3113.9538574 0.3088143 
1 242 5811.9902344 3112.2358398 0.3043711 
1 243 5812.7446289 3110.1940918 0.2999279 
1 244 5812.8916016 3108.0996094 0.2959065 
1 245 5813.7275391 3106.7231445 0.2916302 
1 246 5813.7280273 3106.7182617 0.2916317 
1 247 5814.6557617 3104.9345703 0.2874591 
1 248 5815.2861328 3103.2426758 0.2834198 
1 249 5816.1562500 3101.3891602 0.2796794 
1 250 5816.8315430 3099.8583984 0.2758857 
1 251 5817.5610352 3098.0092773 0.2729087 
1 252 5818.1181641 3096.5502930 0.2698999 
1 253 5818.5698242 3095.1347656 0.2672579 
1 254 5818.9111328 3093.6835938 0.2645639 
1 255 5819.2973633 3092.4147949 0.2618706 
1 256 5819.6948242 3091.4672852 0.2590710 
1 257 5820.2138672 3090.3564453 0.2563068 
1 258 5820.4355469 3089.8359375 0.2531072 
1 259 5820.6098633 3088.9426270 0.2500353 
1 260 5820.8486328 3088.0776367 0.2474027 
1 261 5821.0400391 3087.6599121 0.2449174 
1 262 5821.3857422 3087.0468750 0.2424316 
1 263 5821.7207031 3086.6152344 0.2398855 
1 264 5822.0190430 3086.0234375 0.2375685 
1 265 5822.3701172 3085.4968262 0.2352889 
1 266 5822.7050781 3085.0366211 0.2332696 
1 267 5823.0351562 3084.7041016 0.2312358 
1 268 5823.5634766 3084.5415039 0.2290272 
1 269 5824.0009766 3084.5341797 0.2268882 
1 270 5824.4531250 3084.4448242 0.2248779 
1 271 5824.4531250 3084.4448242 0.2248779 
1 272 5824.7861328 3084.4763184 0.2228144 
1 273 5825.0395508 3084.4042969 0.2207138 
1 274 5825.4238281 3084.1528320 0.2189924 
1 275 5825.5976562 3084.1037598 0.2173165 
1 276 5825.8598633 3083.9919434 0.2155355 
1 277 5826.1308594 3083.8039551 0.2140325 
1 278 5826.3505859 3083.5314941 0.2126677 
1 279 5826.7666016 3083.4282227 0.2113609 
1 280 5827.2519531 3083.2299805 0.2099914 
1 281 5827.5761719 3083.1093750 0.2087459 
1 282 5827.9619141 3082.9348145 0.2074842 
1 283 5828.2690430 3082.7976074 0.2062093 
1 284 5828.6943359 3082.5778809 0.2051011 
1 285 5828.9921875 3082.4555664 0.2041743 
1 286 5829.2670898 3082.3559570 0.2034147 
1 287 5829.5917969 3082.3886719 0.2027778 
1 288 5829.8984375 3082.3662109 0.2022889 
1 289 5830.2192383 3082.2531738 0.2018328 
1 290 5830.4682617 3082.1235352 0.2012777 
1 291 5830.7851562 3082.0485840 0.2007982 
1 292 5831.0600586 3081.8334961 0.2005621 
1 293 5831.2392578 3081.7775879 0.2004928 
1 294 5831.4741211 3081.6906738 0.2004539 
1 295 5831.6347656 3081.6298828 0.2004455 
1 296 5831.6347656 3081.6298828 0.2004455 
1 297 5831.7387695 3081.5686035 0.2004458 
1 298 5831.9316406 3081.4912109 0.2004502 
1 299 5832.0732422 3081.3889160 0.2004525 
1 300 5832.1948242 3081.3320312 0.2004485 
1 301 5832.3334961 3081.2827148 0.2004413 
1 302 5832.4125977 3081.1877441 0.2004421 
1 303 5832.5361328 3081.1679688 0.2004481 
1 304 5832.6748047 3081.1289062 0.2004468 
1 305 5832.7900391 3081.0854492 0.2004492 
1 306 5832.8691406 3080.9418945 0.2004493 
1 307 5832.9326172 3080.8618164 0.2004492 
1 308 5833.0400391 3080.7749023 0.2004578 
1 309 5833.1650391 3080.6943359 0.2004539 
1 310 5833.2294922 3080.5595703 0.2004541 
1 311 5833.3569336 3080.4653320 0.2004547 
1 312 5833.4907227 3080.3122559 0.2004578 
1 313 5833.6303711 3080.2307129 0.2004614 
1 314 5833.7055664 3080.1635742 0.2004617 
1 315 5833.8310547 3080.0354004 0.2004686 
1 316 5833.9624023 3079.9375000 0.2004682 
1 317 5834.1025391 3079.8544922 0.2004628 
1 318 5834.2768555 3079.7797852 0.2004625 
1 319 5834.3671875 3079.6667480 0.2004757 
1 320 5834.4414062 3079.5510254 0.2004735 
1 321 5834.4414062 3079.5510254 0.2004735 
1 322 5834.5190430 3079.4797363 0.2004779 
1 323 5834.6201172 3079.3679199 0.2004779 
1 324 5834.7529297 3079.2844238 0.2004756 
1 325 5834.8925781 3079.1723633 0.2004793 
1 326 5835.0439453 3079.0117188 0.2004861 
1 327 5835.1396484 3078.9160156 0.2004868 
1 328 5835.2460938 3078.7519531 0.2004913 
1 329 5835.3574219 3078.6081543 0.2004959 
1 330 5835.5498047 3078.3620605 0.2004941 
1 331 5835.7275391 3078.1948242 0.2004920 
1 332 5835.9052734 3078.0317383 0.2004921 
1 333 5836.0961914 3077.8432617 0.2005010 
1 334 5836.2915039 3077.6525879 0.2004998 
1 335 5836.4365234 3077.3837891 0.2004925 
1 336 5836.6884766 3077.1901855 0.2004943 
1 337 5836.8115234 3076.9982910 0.2004942 
1 338 5836.9345703 3076.7646484 0.2004963 
1 339 5837.0659180 3076.5368652 0.2004943 
1 340 5837.1787109 3076.3269043 0.2005070 
1 341 5837.4760742 3076.2119141 0.2005014 
1 342 5837.6147461 3076.0971680 0.2004995 
1 343 5837.8798828 3075.8742676 0.2005063 
1 344 5838.0488281 3075.6789551 0.2005000 
1 345 5838.3222656 3075.5522461 0.2005085 
1 346 5838.3222656 3075.5522461 0.2005085 
1 347 5838.5585938 3075.3754883 0.2005110 
1 348 5838.5712891 3075.2673340 0.2005010 
1 349 5838.6469727 3075.1955566 0.2005004 
1 350 5838.7792969 3075.0573730 0.2005066 
1 351 5838.9931641 3074.9167480 0.2005097 
1 352 5839.3281250 3074.7592773 0.2005082 
1 353 5839.5629883 3074.6447754 0.2005054 
1 354 5839.7089844 3074.5937500 0.2005087 
1 355 5839.9560547 3074.4284668 0.2005062 
1 356 5840.1474609 3074.1801758 0.2005060 
1 357 5840.3828125 3074.0329590 0.2005132 
1 358 5840.6396484 3073.8374023 0.2004976 
1 359 5840.9101562 3073.6203613 0.2004984 
1 360 5841.1528320 3073.4038086 0.2005055 
1 361 5841.3774414 3073.1875000 0.2005050 
1 362 5841.5771484 3072.9194336 0.2005109 
1 363 5841.8564453 3072.6831055 0.2005011 
1 364 5842.1074219 3072.3901367 0.2004999 
1 365 5842.3115234 3072.1437988 0.2004956 
1 366 5842.5087891 3071.9755859 0.2004974 
1 367 5842.7143555 3071.7451172 0.2004971 
1 368 5842.9355469 3071.5229492 0.2004888 
1 369 5843.2412109 3071.2207031 0.2004889 
1 370 5843.4257812 3070.9482422 0.2004831 
1 371 5843.4257812 3070.9482422 0.2004831 
1 372 5843.7749023 3070.7619629 0.2004737 
1 373 5844.0322266 3070.5366211 0.2004744 
1 374 5844.2871094 3070.3178711 0.2004693 
1 375 5844.5258789 3070.1372070 0.2004685 
1 376 5844.7192383 3069.9628906 0.2004611 
1 377 5844.9165039 3069.8061523 0.2004563 
1 378 5845.1044922 3069.6645508 0.2004560 
1 379 5845.2661133 3069.5505371 0.2004503 
1 380 5845.4404297 3069.4040527 0.2004452 
1 381 5845.6220703 3069.1513672 0.2004456 
1 382 5845.8666992 3069.0063477 0.2004340 
1 383 5846.0937500 3068.8867188 0.2004365 
1 384 5846.2851562 3068.7099609 0.2004379 
1 385 5846.4960938 3068.5776367 0.2004364 
1 386 5846.6845703 3068.4191895 0.2004334 
1 387 5846.9892578 3068.3444824 0.2004355 
1 388 5847.2353516 3068.2348633 0.2004360 
1 389 5847.4335938 3068.1237793 0.2004323 
1 390 5847.6586914 3068.0627441 0.2004310 
1 391 5847.8740234 3067.9892578 0.2004324 
1 392 5848.1357422 3067.9091797 0.2004293 
1 393 5848.4062500 3067.8244629 0.2004316 
1 394 5848.5913086 3067.7980957 0.2004326 
1 395 5848.7871094 3067.7666016 0.2004380 
1 396 5848.7871094 3067.7666016 0.2004380 
1 397 5848.9643555 3067.7314453 0.2004344 
1 398 5849.1162109 3067.6982422 0.2004359 
1 399 5849.3022461 3067.6318359 0.2004378 
1 400 5849.5234375 3067.5590820 0.2004427 
1 401 5849.8046875 3067.5219727 0.2004391 
1 402 5849.9604492 3067.4824219 0.2004366 
1 403 5850.0869141 3067.4392090 0.2004416 
1 404 5850.2226562 3067.3520508 0.2004422 
1 405 5850.3496094 3067.2524414 0.2004436 
1 406 5850.4370117 3067.1596680 0.2004476 
1 407 5850.6455078 3067.1357422 0.2004501 
1 408 5850.8354492 3067.1240234 0.2004469 
1 409 5851.0766602 3067.1074219 0.2004471 
1 410 5851.2783203 3067.1606445 0.2004487 
1 411 5851.4960938 3067.1674805 0.2004550 
1 412 5851.6494141 3067.1777344 0.2004498 
1 413 5851.9082031 3067.1171875 0.2004598 
1 414 5852.1093750 3067.0129395 0.2004616 
1 415 5852.3393555 3066.8908691 0.2004641 
1 416 5852.7001953 3066.7724609 0.2004663 
1 417 5852.8959961 3066.7270508 0.2004565 
1 418 5852.9345703 3066.7407227 0.2004574 
1 419 5852.9589844 3066.6474609 0.2004660 
1 420 5852.9736328 3066.5898438 0.2004660 
1 421 5852.9736328 3066.5898438 0.2004660 
1 422 5852.9941406 3066.5283203 0.2004640 
1 423 5852.9692383 3066.5595703 0.2004691 
1 424 5852.9033203 3066.6142578 0.2004687 
1 425 5852.7978516 3066.6469727 0.2004699 
1 426 5852.7124023 3066.7092285 0.2004768 
1 427 5852.5610352 3066.7624512 0.2004763 
1 428 5852.3120117 3066.8395996 0.2004747 
1 429 5851.9677734 3066.9511719 0.2004726 
1 430 5851.6132812 3067.2856445 0.2004639 
1 431 5851.2060547 3067.6975098 0.2004627 
1 432 5850.7563477 3068.1359863 0.2004686 
1 433 5850.3369141 3068.5859375 0.2004577 
1 434 5849.9404297 3069.1970215 0.2004671 
1 435 5849.5175781 3069.8920898 0.2004599 
1 436 5849.0117188 3070.5566406 0.2004569 
1 437 5848.4345703 3071.3374023 0.2004507 
1 438 5847.8437500 3072.0893555 0.2004500 
1 439 5847.2583008 3072.9072266 0.2004470 
1 440 5846.7480469 3073.7683105 0.2004579 
1 441 5846.1567383 3074.6203613 0.2004558 
1 442 5845.4882812 3075.5727539 0.2004528 
1 443 5844.7749023 3076.5541992 0.2004516 
1 444 5843.9838867 3077.5036621 0.2004517 
1 445 5843.1894531 3078.3996582 0.2004489 
1 446 5843.1894531 3078.3996582 0.2004489 
1 447 5842.3969727 3079.4204102 0.2004427 
1 448 5841.6357422 3080.3764648 0.2004415 
1 449 5840.7138672 3081.4440918 0.2004526 
1 450 5839.9052734 3082.4184570 0.2004535 
1 451 5839.0732422 3083.4760742 0.2004464 
1 452 5838.1621094 3084.4724121 0.2004397 
1 453 5837.2880859 3085.4697266 0.2004378 
1 454 5836.4702148 3086.5109863 0.2004324 
1 455 5835.6152344 3087.6337891 0.2004367 
1 456 5834.7109375 3088.7692871 0.2004337 
1 457 5833.7988281 3089.8803711 0.2004302 
1 458 5832.7792969 3090.9667969 0.2004264 
1 459 5831.7338867 3092.1005859 0.2004221 
1 460 5830.7607422 3093.2031250 0.2004183 
1 461 5829.7456055 3094.3276367 0.2004115 
1 462 5828.5112305 3095.3933105 0.2004017 
1 463 5827.3457031 3096.5305176 0.2004069 
1 464 5826.3305664 3097.6591797 0.2004018 
1 465 5825.3037109 3098.7529297 0.2004011 
1 466 5824.2382812 3099.8767090 0.2003972 
1 467 5823.1811523 3100.9902344 0.2004015 
1 468 5822.1684570 3102.0852051 0.2003896 
1 469 5821.1108398 3103.2963867 0.2003797 
1 470 5819.8798828 3104.5090332 0.2003659 
1 471 5819.8798828 3104.5090332 0.2003659 
1 472 5818.6308594 3105.6284180 0.2003671 
1 473 5817.1757812 3106.6972656 0.2003573 
1 474 5815.6914062 3107.8317871 0.2003512 
1 475 5814.0898438 3108.9816895 0.2003488 
1 476 5812.5195312 3110.1840820 0.2003456 
1 477 5810.7509766 3111.3681641 0.2003394 
1 478 5808.8920898 3112.6313477 0.2003354 
1 479 5807.4580078 3113.8964844 0.2003410 
1 480 5805.9833984 3115.2609863 0.2003428 
1 481 5804.3256836 3116.5195312 0.2003444 
1 482 5802.5751953 3117.7934570 0.2003409 
1 483 5800.8881836 3119.1184082 0.2003370 
1 484 5799.1630859 3120.3894043 0.2003305 
1 485 5797.3388672 3121.6279297 0.2003391 
1 486 5795.4580078 3122.9270020 0.2003276 
1 487 5793.4775391 3124.3378906 0.2003311 
1 488 5791.6279297 3125.7822266 0.2003247 
1 489 5789.7749023 3127.2851562 0.2003300 
1 490 5787.8828125 3128.8156738 0.2003303 
1 491 5785.8403320 3130.3364258 0.2003240 
1 492 5783.7456055 3131.9428711 0.2003264 
1 493 5781.6669922 3133.4711914 0.2003412 
1 494 5779.6123047 3135.0573730 0.2003320 
1 495 5777.7373047 3136.6669922 0.2003292 
1 496 5777.7373047 3136.6669922 0.2003292 
1 497 5775.8476562 3138.4470215 0.2003267 
1 498 5773.8725586 3140.1748047 0.2003227 
1 499 5771.9130859 3142.0144043 0.2003177 
1 500 5770.0322266 3143.8767090 0.2003187 
1 501 5768.3393555 3145.9182129 0.2003143 
1 502 5766.5844727 3147.9809570 0.2003248 
1 503 5764.8525391 3149.9638672 0.2003265 
1 504 5763.1416016 3151.9614258 0.2003261 
1 505 5761.4882812 3153.9602051 0.2003291 
1 506 5759.7412109 3155.9265137 0.2003356 
1 507 5758.0937500 3157.8818359 0.2003378 
1 508 5756.3374023 3159.9804688 0.2003330 
1 509 5754.4765625 3161.9624023 0.2003413 
1 510 5752.9287109 3163.8168945 0.2003483 
1 511 5751.4643555 3165.7607422 0.2003388 
1 512 5750.0385742 3167.7192383 0.2003414 
1 513 5748.5112305 3169.6337891 0.2003453 
1 514 5747.0190430 3171.6232910 0.2003464 
1 515 5745.6298828 3173.6123047 0.2003432 
1 516 5744.3403320 3175.6850586 0.2003415 
1 517 5743.1425781 3177.8129883 0.2003437 
1 518 5741.7900391 3179.8613281 0.2003482 
1 519 5740.3803711 3181.8076172 0.2003441 
1 520 5739.0585938 3183.8718262 0.2003348 
1 521 5739.0585938 3183.8718262 0.2003348 
1 522 5737.8730469 3185.9604492 0.2003514 
1 523 5736.7207031 3188.0397949 0.2003522 
1 524 5735.5937500 3190.0825195 0.2003458 
1 525 5734.5000000 3192.2116699 0.2003408 
1 526 5733.4467773 3194.2700195 0.2003399 
1 527 5732.4208984 3196.3237305 0.2003379 
1 528 5731.4023438 3198.4218750 0.2003322 
1 529 5730.3662109 3200.4445801 0.2003379 
1 530 5729.3647461 3202.5158691 0.2003258 
1 531 5728.3613281 3204.5581055 0.2003211 
1 532 5727.3530273 3206.6201172 0.2003213 
1 533 5726.2968750 3208.6594238 0.2003183 
1 534 5725.3671875 3210.7094727 0.2003109 
1 535 5724.3168945 3212.7917480 0.2003015 
1 536 5723.1645508 3214.8208008 0.2002965 
1 537 5722.0463867 3216.8688965 0.2002905 
1 538 5720.8696289 3218.8359375 0.2002838 
1 539 5719.6684570 3220.6743164 0.2002750 
1 540 5718.4448242 3222.4648438 0.2002717 
1 541 5717.1684570 3224.2280273 0.2002587 
1 542 5715.9028320 3225.9609375 0.2002511 
1 543 5714.6870117 3227.7126465 0.2002557 
1 544 5713.5712891 3229.4262695 0.2002519 
1 545 5712.3408203 3231.1186523 0.2002383 
1 546 5712.3408203 3231.1186523 0.2002383 
1 547 5710.9853516 3232.9663086 0.2002417 
1 548 5709.6069336 3234.7045898 0.2002496 
1 549 5708.1743164 3236.5605469 0.2002306 
1 550 5706.7773438 3238.4973145 0.2002348 
1 551 5705.3120117 3240.4030762 0.2002268 
1 552 5703.7998047 3242.1738281 0.2002243 
1 553 5701.9360352 3243.9375000 0.2002139 
1 554 5700.2353516 3245.8022461 0.2002076 
1 555 5698.6425781 3247.7407227 0.2002098 
1 556 5696.7670898 3249.7165527 0.2002213 
1 557 5694.9257812 3251.6733398 0.2002148 
1 558 5692.9208984 3253.6210938 0.2002152 
1 559 5690.9101562 3255.6430664 0.2002226 
1 560 5688.9604492 3257.7541504 0.2002201 
1 561 5687.2187500 3259.8391113 0.2002168 
1 562 5685.3032227 3261.9152832 0.2002182 
1 563 5683.2216797 3264.0285645 0.2002117 
1 564 5681.0771484 3266.2697754 0.2002040 
1 565 5678.9345703 3268.5126953 0.2002203 
1 566 5676.8447266 3270.6689453 0.2002258 
1 567 5674.7705078 3272.8806152 0.2002263 
1 568 5672.7807617 3275.1364746 0.2002370 
1 569 5670.5590820 3277.4401855 0.2002183 
1 570 5668.2548828 3279.7954102 0.2002303 
1 571 5668.2548828 3279.7954102 0.2002303 
1 572 5666.0273438 3282.2177734 0.2002301 
1 573 5663.7475586 3284.6984863 0.2002279 
1 574 5661.3632812 3287.2546387 0.2002460 
1 575 5659.0825195 3289.7436523 0.2002504 
1 576 5656.8315430 3292.1411133 0.2002444 
1 577 5654.5761719 3294.5292969 0.2002641 
1 578 5652.2705078 3296.9741211 0.2002821 
1 579 5649.7968750 3299.3747559 0.2002714 
1 580 5647.3051758 3301.8476562 0.2002486 
1 581 5644.8725586 3304.3510742 0.2002572 
1 582 5642.3852539 3306.7812500 0.2002647 
1 583 5639.8979492 3309.2761230 0.2002716 
1 584 5637.3740234 3311.7858887 0.2002700 
1 585 5634.9067383 3314.2502441 0.2002874 
1 586 5632.3754883 3316.8403320 0.2002766 
1 587 5629.8330078 3319.5349121 0.2002667 
1 588 5627.2949219 3322.1699219 0.2002752 
1 589 5624.7504883 3324.7192383 0.2002588 
1 590 5622.2939453 3327.3596191 0.2002428 
1 591 5619.8149414 3330.0449219 0.2002317 
1 592 5617.3481445 3332.6738281 0.2002191 
1 593 5614.8564453 3335.3974609 0.2002202 
1 594 5612.3139648 3338.1760254 0.2002132 
1 595 5609.8144531 3340.9296875 0.2002139 
1 596 5609.8144531 3340.9296875 0.2002139 
1 597 5607.3530273 3343.6813965 0.2001967 
1 598 5604.8769531 3346.5732422 0.2001739 
1 599 5602.5151367 3349.3994141 0.2001805 
1 600 5600.1142578 3352.3076172 0.2001763 
1 601 5597.7485352 3355.1860352 0.2001644 
1 602 5595.4111328 3358.0502930 0.2001618 
1 603 5593.2158203 3360.9265137 0.2001826 
1 604 5590.9492188 3363.7983398 0.2001999 
1 605 5588.7460938 3366.7226562 0.2002043 
1 606 5586.4741211 3369.6093750 0.2001962 
1 607 5584.2851562 3372.5461426 0.2001873 
1 608 5582.1289062 3375.4892578 0.2001860 
1 609 5579.9716797 3378.4323730 0.2001743 
1 610 5577.8515625 3381.3095703 0.2001908 
1 611 5575.7172852 3384.2600098 0.2001815 
1 612 5573.7041016 3387.1533203 0.2002372 
1 613 5571.7114258 3390.1503906 0.2002610 
1 614 5569.7416992 3393.1562500 0.2002582 
1 615 5567.7343750 3396.1276855 0.2002787 
1 616 5565.7294922 3399.1491699 0.2002736 
1 617 5563.6767578 3402.1059570 0.2002768 
1 618 5561.7861328 3405.1152344 0.2003084 
1 619 5559.8457031 3408.0893555 0.2003490 
1 620 5557.8691406 3411.0568848 0.2003322 
1 621 5557.8691406 3411.0568848 0.2003322 
1 622 5555.9482422 3414.0522461 0.2003317 
1 623 5553.9458008 3417.0461426 0.2003136 
1 624 5551.9921875 3420.0256348 0.2003103 
1 625 5550.1391602 3422.8957520 0.2003399 
1 626 5548.3129883 3425.7724609 0.2003350 
1 627 5546.4868164 3428.5607910 0.2003425 
1 628 5544.6669922 3431.3618164 0.2003355 
1 629 5542.8413086 3434.1376953 0.2003550 
1 630 5541.1337891 3436.9289551 0.2003739 
1 631 5539.4736328 3439.6154785 0.2004191 
1 632 5537.7744141 3442.2587891 0.2004327 
1 633 5536.0927734 3444.9191895 0.2004260 
1 634 5534.4438477 3447.5190430 0.2004262 
1 635 5532.8056641 3450.1264648 0.2004225 
1 636 5531.2817383 3452.7187500 0.2004402 
1 637 5529.6572266 3455.3974609 0.2004191 
1 638 5528.0668945 3458.0212402 0.2004279 
1 639 5526.5068359 3460.6066895 0.2004258 
1 640 5524.9760742 3463.2302246 0.2003998 
1 641 5523.5117188 3465.8276367 0.2003918 
1 642 5521.8896484 3468.3139648 0.2003841 
1 643 5520.2416992 3470.7490234 0.2004117 
1 644 5518.5107422 3473.1850586 0.2003956 
1 645 5516.8789062 3475.5832520 0.2003977 
1 646 5516.8789062 3475.5832520 0.2003977 
1 647 5515.4150391 3478.0131836 0.2004480 
1 648 5513.8261719 3480.4179688 0.2004426 
1 649 5512.2758789 3482.8735352 0.2004348 
1 650 5510.6499023 3485.2680664 0.2004258 
1 651 5509.0131836 3487.5939941 0.2004158 
1 652 5507.4531250 3490.0192871 0.2004007 
1 653 5505.8637695 3492.3830566 0.2003855 
1 654 5504.3115234 3494.7253418 0.2003807 
1 655 5502.7802734 3497.0373535 0.2003693 
1 656 5501.1499023 3499.3818359 0.2003631 
1 657 5499.4848633 3501.7915039 0.2003540 
1 658 5497.9287109 3504.2348633 0.2003525 
1 659 5496.2500000 3506.6628418 0.2003618 
1 660 5494.6767578 3509.0986328 0.2003637 
1 661 5493.2226562 3511.5048828 0.2003738 
1 662 5491.8320312 3514.0322266 0.2004067 
1 663 5490.3569336 3516.5456543 0.2004011 
1 664 5488.8388672 3519.0554199 0.2003927 
1 665 5487.3427734 3521.5229492 0.2003899 
1 666 5485.8862305 3524.0676270 0.2003714 
1 667 5484.3593750 3526.6367188 0.2003914 
1 668 5482.8457031 3529.1298828 0.2004128 
1 669 5481.4868164 3531.5832520 0.2004403 
1 670 5480.0512695 3533.9604492 0.2004426 
1 671 5480.0512695 3533.9604492 0.2004426 
1 672 5478.5981445 3536.3676758 0.2004490 
1 673 5477.2319336 3538.8120117 0.2004509 
1 674 5476.0839844 3541.2973633 0.2004719 
1 675 5474.8632812 3543.7690430 0.2004727 
1 676 5473.5781250 3546.2363281 0.2004746 
1 677 5472.3168945 3548.6850586 0.2004797 
1 678 5471.0649414 3551.0949707 0.2004828 
1 679 5469.8198242 3553.5642090 0.2004694 
1 680 5468.6572266 3556.1169434 0.2004683 
1 681 5467.5854492 3558.4633789 0.2005065 
1 682 5466.5029297 3560.8955078 0.2005026 
1 683 5465.3574219 3563.2998047 0.2004980 
1 684 5464.2426758 3565.7482910 0.2005073 
1 685 5463.0834961 3568.2148438 0.2005008 
1 686 5461.9521484 3570.7089844 0.2005019 
1 687 5461.0253906 3573.1408691 0.2005222 
1 688 5460.1215820 3575.4965820 0.2005797 
1 689 5459.1235352 3577.8359375 0.2006001 
1 690 5458.1445312 3580.2128906 0.2005930 
1 691 5457.2583008 3582.6071777 0.2005843 
1 692 5456.3173828 3585.0573730 0.2005882 
1 693 5455.5390625 3587.5234375 0.2006027 
1 694 5454.6831055 3589.9826660 0.2005956 
1 695 5453.6835938 3592.3979492 0.2005769 
1 696 5453.6835938 3592.3979492 0.2005769 
1 697 5452.7690430 3594.9379883 0.2005682 
1 698 5451.8710938 3597.5012207 0.2005741 
1 699 5451.0883789 3600.1706543 0.2005549 
1 700 5450.4150391 3602.8942871 0.2005509 
1 701 5449.7597656 3605.5881348 0.2005545 
1 702 5449.0327148 3608.2534180 0.2005435 
1 703 5448.3339844 3610.9045410 0.2005467 
1 704 5447.5722656 3613.6020508 0.2005372 
1 705 5446.7895508 3616.2609863 0.2005323 
1 706 5446.0498047 3618.8854980 0.2005242 
1 707 5445.3764648 3621.5595703 0.2005196 
1 708 5444.7504883 3624.2387695 0.2005076 
1 709 5444.0063477 3626.9335938 0.2004985 
1 710 5443.4189453 3629.6315918 0.2005364 
1 711 5442.7192383 3632.2714844 0.2005125 
1 712 5441.9785156 3634.9611816 0.2005145 
1 713 5441.3466797 3637.5070801 0.2005159 
1 714 5440.6630859 3640.0952148 0.2005131 
1 715 5440.0058594 3642.5634766 0.2004970 
1 716 5439.3750000 3644.9980469 0.2004817 
1 717 5438.6982422 3647.3505859 0.2004846 
1 718 5437.9707031 3649.5559082 0.2004835 
1 719 5437.1660156 3651.7622070 0.2004673 
1 720 5436.4184570 3653.9816895 0.2004585 
1 721 5436.4184570 3653.9816895 0.2004585 
1 722 5435.7382812 3656.3342285 0.2004404 
1 723 5435.1655273 3658.8022461 0.2004496 
1 724 5434.5014648 3661.1354980 0.2004500 
1 725 5433.8530273 3663.4042969 0.2004443 
1 726 5433.1977539 3665.5795898 0.2004419 
1 727 5432.5732422 3667.7319336 0.2004344 
1 728 5431.7944336 3669.7766113 0.2004358 
1 729 5431.1689453 3671.7895508 0.2004389 
1 730 5430.5097656 3673.8579102 0.2004387 
1 731 5429.5683594 3675.6562500 0.2004368 
1 732 5428.6406250 3677.4985352 0.2004229 
1 733 5427.7871094 3679.4946289 0.2004148 
1 734 5426.9326172 3681.5283203 0.2004238 
1 735 5425.9887695 3683.5373535 0.2004137 
1 736 5425.1640625 3685.4946289 0.2004068 
1 737 5424.2851562 3687.4018555 0.2004065 
1 738 5423.4775391 3689.1748047 0.2004406 
1 739 5422.6704102 3690.8129883 0.2004392 
1 740 5421.8652344 3692.3596191 0.2004393 
1 741 5421.0517578 3694.0500488 0.2004280 
1 742 5420.0507812 3695.8386230 0.2004362 
1 743 5418.9653320 3697.5288086 0.2004458 
1 744 5417.8120117 3698.9970703 0.2004409 
1 745 5416.6743164 3700.4531250 0.2004388 
1 746 5416.6743164 3700.4531250 0.2004388 
1 747 5415.5493164 3702.0227051 0.2004370 
1 748 5414.4375000 3703.6535645 0.2004371 
1 749 5413.3906250 3705.1599121 0.2004418 
1 750 5412.3017578 3706.6528320 0.2004359 
1 751 5411.1479492 3708.1564941 0.2004352 
1 752 5409.9707031 3709.6157227 0.2004349 
1 753 5408.7734375 3711.1596680 0.2004327 
1 754 5407.4829102 3712.7695312 0.2004224 
1 755 5406.1806641 3714.3950195 0.2004207 
1 756 5404.8867188 3716.0668945 0.2004242 
1 757 5403.6059570 3717.7714844 0.2004210 
1 758 5402.3652344 3719.4003906 0.2004256 
1 759 5401.1254883 3721.0598145 0.2004144 
1 760 5399.9418945 3722.7856445 0.2003949 
1 761 5398.6552734 3724.6455078 0.2003807 
1 762 5397.3847656 3726.4357910 0.2003741 
1 763 5396.2558594 3728.1252441 0.2003929 
1 764 5394.8247070 3729.9467773 0.2004040 
1 765 5393.3662109 3731.9594727 0.2004137 
1 766 5392.0581055 3734.0903320 0.2003936 
1 767 5390.7041016 3736.2358398 0.2003848 
1 768 5389.3505859 3738.4094238 0.2003773 
1 769 5387.9760742 3740.5161133 0.2003548 
1 770 5386.5698242 3742.8024902 0.2003380 
1 771 5386.5698242 3742.8024902 0.2003380 
1 772 5385.2680664 3745.0722656 0.2003458 
1 773 5383.9506836 3747.4814453 0.2003408 
1 774 5382.6933594 3749.9484863 0.2003307 
1 775 5381.4140625 3752.3164062 0.2003322 
1 776 5380.0048828 3754.7368164 0.2003104 
1 777 5378.6865234 3757.0830078 0.2003247 
1 778 5377.4409180 3759.4306641 0.2003225 
1 779 5376.1572266 3761.8261719 0.2003071 
1 780 5374.8066406 3764.3569336 0.2002981 
1 781 5373.4609375 3766.8242188 0.2002646 
1 782 5372.0268555 3769.2524414 0.2002552 
1 783 5370.7597656 3771.7346191 0.2002317 
1 784 5369.5463867 3774.2800293 0.2002291 
1 785 5368.4223633 3776.8403320 0.2002400 
1 786 5367.2080078 3779.3674316 0.2002270 
1 787 5366.0346680 3781.9233398 0.2002443 
1 788 5364.8476562 3784.6245117 0.2002310 
1 789 5363.6337891 3787.3022461 0.2002243 
1 790 5362.4189453 3790.0493164 0.2002043 
1 791 5361.2597656 3792.8308105 0.2002010 
1 792 5360.0952148 3795.5605469 0.2001894 
1 793 5358.9262695 3798.3237305 0.2001748 
1 794 5357.6787109 3801.0778809 0.2001459 
1 795 5356.4970703 3803.8571777 0.2001281 
1 796 5356.4970703 3803.8571777 0.2001281 
1 797 5355.3525391 3806.6162109 0.2001200 
1 798 5354.2265625 3809.4062500 0.2000902 
1 799 5353.1250000 3812.2114258 0.2000802 
1 800 5352.0600586 3814.9509277 0.2000722 
1 801 5350.9824219 3817.7285156 0.2000512 
1 802 5349.9775391 3820.5961914 0.2000376 
1 803 5349.0214844 3823.4384766 0.2000691 
1 804 5347.9174805 3826.2497559 0.2000514 
1 805 5346.8798828 3828.9455566 0.2000899 
1 806 5345.8242188 3831.7185059 0.2000661 
1 807 5344.7128906 3834.3999023 0.2000602 
1 808 5343.6357422 3837.1408691 0.2000493 
1 809 5342.5512695 3839.8181152 0.2000457 
1 810 5341.5625000 3842.5021973 0.2000332 
1 811 5340.5415039 3845.1193848 0.2000359 
1 812 5339.5507812 3847.8286133 0.2000638 
1 813 5338.4790039 3850.4375000 0.2000702 
1 814 5337.5610352 3853.0710449 0.2000590 
1 815 5336.4799805 3855.7360840 0.2000341 
1 816 5335.4936523 3858.3364258 0.2000302 
1 817 5334.5708008 3860.8735352 0.2000302 
1 818 5333.5209961 3863.5009766 0.2000168 
1 819 5332.5410156 3865.9353027 0.2000000 
1 820 5331.6069336 3868.3564453 0.2000705 
1 821 5331.6069336 3868.3564453 0.2000705 
1 822 5330.8076172 3870.8010254 0.2001937 
1 823 5329.6704102 3873.2531738 0.2001538 
1 824 5328.6225586 3875.7817383 0.2001441 
1 825 5327.5585938 3878.3483887 0.2001798 
1 826 5326.4472656 3880.9426270 0.2001760 
1 827 5325.3691406 3883.4785156 0.2001624 
1 828 5324.3593750 3885.9824219 0.2001859 
1 829 5323.3710938 3888.5495605 0.2002659 
1 830 5322.3706055 3891.1755371 0.2003159 
1 831 5321.3481445 3893.8789062 0.2003283 
1 832 5320.1777344 3896.4602051 0.2003268 
1 833 5319.0229492 3899.0776367 0.2003185 
1 834 5317.9550781 3901.6816406 0.2003381 
1 835 5316.8300781 3904.4638672 0.2003382 
1 836 5316.0942383 3907.2680664 0.2004251 
1 837 5315.2045898 3910.1589355 0.2004409 
1 838 5314.1962891 3912.9943848 0.2004481 
1 839 5313.1757812 3915.9711914 0.2004183 
1 840 5312.3168945 3919.0646973 0.2004080 
1 841 5311.3486328 3922.2390137 0.2003669 
1 842 5310.4072266 3925.4121094 0.2004263 
1 843 5309.5385742 3928.4272461 0.2004149 
1 844 5308.6220703 3931.5185547 0.2004074 
1 845 5307.6689453 3934.6828613 0.2004107 
1 846 5307.6689453 3934.6828613 0.2004107 
1 847 5306.7392578 3937.7788086 0.2004011 
1 848 5305.8750000 3940.8310547 0.2004663 
1 849 5304.9946289 3943.9343262 0.2004514 
1 850 5304.0991211 3947.0805664 0.2004501 
1 851 5303.2661133 3950.0996094 0.2004545 
1 852 5302.3398438 3953.2211914 0.2004583 
1 853 5301.4033203 3956.3305664 0.2004572 
1 854 5300.6250000 3959.5654297 0.2004222 
1 855 5299.8344727 3962.6826172 0.2004453 
1 856 5299.2226562 3966.0227051 0.2004527 
1 857 5298.3359375 3969.2614746 0.2004569 
1 858 5297.5791016 3972.4221191 0.2004370 
1 859 5296.8579102 3975.6005859 0.2004568 
1 860 5295.9707031 3978.7949219 0.2004666 
1 861 5295.0541992 3981.9633789 0.2004752 
1 862 5294.1694336 3985.1135254 0.2004783 
1 863 5293.0278320 3988.3613281 0.2004048 
1 864 5292.0024414 3991.4719238 0.2004008 
1 865 5291.1220703 3994.6301270 0.2005239 
1 866 5290.1386719 3997.8144531 0.2005073 
1 867 5289.2861328 4001.0825195 0.2004971 
1 868 5288.4790039 4004.4487305 0.2004933 
1 869 5287.5805664 4007.7363281 0.2004844 
1 870 5286.7573242 4011.0473633 0.2004789 
1 871 5286.7573242 4011.0473633 0.2004789 
1 872 5285.9384766 4014.3774414 0.2004935 
1 873 5285.3710938 4017.7233887 0.2005453 
1 874 5284.6245117 4020.9802246 0.2005591 
1 875 5283.7998047 4024.3535156 0.2005779 
1 876 5283.0781250 4027.6882324 0.2005921 
1 877 5282.1992188 4031.1486816 0.2005833 
1 878 5281.2685547 4034.6462402 0.2005876 
1 879 5280.4501953 4038.1018066 0.2005828 
1 880 5279.5825195 4041.6428223 0.2006063 
1 881 5278.5844727 4045.3430176 0.2006073 
1 882 5277.6757812 4049.0693359 0.2005970 
1 883 5276.8530273 4052.8496094 0.2005921 
1 884 5275.9755859 4056.6020508 0.2005992 
1 885 5275.1220703 4060.3283691 0.2005981 
1 886 5274.2822266 4064.0493164 0.2006054 
1 887 5273.1245117 4067.7270508 0.2006175 
1 888 5271.8466797 4071.2006836 0.2006053 
1 889 5270.7265625 4074.6301270 0.2005928 
1 890 5269.8203125 4077.9958496 0.2005683 
1 891 5268.9843750 4081.6013184 0.2005640 
1 892 5268.1474609 4085.1967773 0.2005868 
1 893 5267.3261719 4088.8662109 0.2005777 
1 894 5266.2700195 4092.4523926 0.2005913 
1 895 5265.1035156 4096.0253906 0.2006016 
1 896 5265.1035156 4096.0253906 0.2006016 
1 897 5263.9453125 4099.7011719 0.2005761 
1 898 5262.8735352 4103.4755859 0.2005829 
1 899 5261.5146484 4107.2895508 0.2005981 
1 900 5259.6342773 4110.9736328 0.2006122 
1 901 5257.7905273 4114.6142578 0.2005855 
1 902 5256.3178711 4118.3217773 0.2005747 
1 903 5254.8720703 4122.2993164 0.2005126 
1 904 5253.3159180 4126.6049805 0.2005117 
1 905 5251.5322266 4130.9804688 0.2005254 
1 906 5249.5009766 4135.6201172 0.2004945 
1 907 5247.8178711 4140.2460938 0.2004877 
1 908 5245.9526367 4144.9765625 0.2004873 
1 909 5244.1748047 4149.6894531 0.2004718 
1 910 5242.3535156 4154.1718750 0.2004889 
1 911 5240.2207031 4158.0805664 0.2005035 
1 912 5237.9335938 4161.4306641 0.2004972 
1 913 5235.6191406 4164.5869141 0.2005458 
1 914 5233.2617188 4167.4746094 0.2005606 
1 915 5230.7695312 4170.3144531 0.2005698 
1 916 5228.0195312 4173.1035156 0.2005657 
1 917 5225.1132812 4175.6357422 0.2005604 
1 918 5222.3242188 4178.2050781 0.2005402 
1 919 5219.5175781 4180.8916016 0.2005300 
1 920 5216.4594727 4183.1059570 0.2006182 
1 921 5216.4594727 4183.1059570 0.2006182 
1 922 5213.4379883 4185.4482422 0.2006180 
1 923 5210.2226562 4187.5771484 0.2006146 
1 924 5207.1850586 4189.5756836 0.2005956 
1 925 5204.2070312 4191.6582031 0.2005789 
1 926 5201.2622070 4193.6240234 0.2006171 
1 927 5198.2905273 4195.6718750 0.2006071 
1 928 5195.2773438 4197.7006836 0.2006616 
1 929 5191.9184570 4199.6992188 0.2006727 
1 930 5188.5327148 4201.6718750 0.2006318 
1 931 5185.5673828 4203.5258789 0.2006585 
1 932 5182.8603516 4205.5522461 0.2006494 
1 933 5180.1879883 4207.5151367 0.2006482 
1 934 5177.7124023 4209.5161133 0.2006412 
1 935 5175.2910156 4211.4311523 0.2006229 
1 936 5173.1318359 4213.3247070 0.2005872 
1 937 5171.0810547 4215.3803711 0.2005783 
1 938 5169.1625977 4217.4848633 0.2005793 
1 939 5167.4013672 4219.6772461 0.2005527 
1 940 5165.9125977 4222.0253906 0.2005138 
1 941 5164.5561523 4224.5820312 0.2005073 
1 942 5163.1367188 4227.1127930 0.2005233 
1 943 5161.6479492 4229.8393555 0.2005199 
1 944 5160.0581055 4232.6503906 0.2005080 
1 945 5159.3671875 4235.5029297 0.2004606 
1 946 5159.3671875 4235.5029297 0.2004606 
1 947 5158.3300781 4238.6347656 0.2004838 
1 948 5157.3657227 4241.8725586 0.2004458 
1 949 5156.5473633 4245.0395508 0.2004699 
1 950 5155.9990234 4247.9824219 0.2004513 
1 951 5155.3227539 4251.0161133 0.2004631 
1 952 5154.6020508 4254.0273438 0.2004582 
1 953 5154.3007812 4257.0595703 0.2004371 
1 954 5153.5556641 4259.5830078 0.2004829 
1 955 5153.6835938 4261.5083008 0.2004959 
1 956 5153.9560547 4263.0546875 0.2005185 
1 957 5153.8725586 4264.5942383 0.2005503 
1 958 5153.2885742 4265.6572266 0.2005943 
1 959 5152.8569336 4266.7387695 0.2005519 
1 960 5152.9462891 4267.8657227 0.2005324 
1 961 5153.0302734 4268.7695312 0.2005521 
1 962 5153.3613281 4269.8115234 0.2004981 
1 963 5153.4042969 4270.8447266 0.2005310 
1 964 5153.3793945 4271.5126953 0.2005566 
1 965 5153.1616211 4272.0009766 0.2005573 
1 966 5153.0332031 4272.4863281 0.2005288 
1 967 5152.9218750 4273.0263672 0.2005404 
1 968 5152.9106445 4273.5747070 0.2005454 
1 969 5152.9008789 4274.0029297 0.2005516 
1 970 5152.8789062 4274.5048828 0.2005361 
1 971 5152.8789062 4274.5048828 0.2005361 
1 972 5152.8515625 4274.9833984 0.2005318 
1 973 5152.7709961 4275.3515625 0.2005415 
1 974 5152.7265625 4275.7490234 0.2005302 
1 975 5152.6787109 4276.1616211 0.2005416 
1 976 5152.5830078 4276.6752930 0.2005199 
1 977 5152.4785156 4277.2441406 0.2005198 
1 978 5152.3725586 4277.8676758 0.2005187 
1 979 5152.2646484 4278.5107422 0.2005393 
1 980 5152.1342773 4279.1235352 0.2005282 
1 981 5151.9814453 4279.8750000 0.2005217 
1 982 5151.8627930 4280.6235352 0.2005169 
1 983 5151.7148438 4281.4199219 0.2005191 
1 984 5151.4526367 4282.1069336 0.2005625 
1 985 5151.3037109 4282.9326172 0.2005474 
1 986 5150.8256836 4283.7187500 0.2005337 
1 987 5150.5722656 4284.4892578 0.2005427 
1 988 5150.6694336 4285.4755859 0.2004980 
1 989 5150.3017578 4286.5117188 0.2005411 
1 990 5149.7548828 4287.5507812 0.2005360 
1 991 5149.3125000 4288.5585938 0.2005119 
1 992 5148.3359375 4290.0200195 0.2005677 
1 993 5147.6962891 4291.2207031 0.2005704 
1 994 5146.8203125 4292.6479492 0.2005700 
1 995 5146.0761719 4293.8374023 0.2005869 
1 996 5146.0761719 4293.8374023 0.2005869 
1 997 5145.2680664 4294.9960938 0.2005979 
1 998 5144.2255859 4296.1645508 0.2005903 
1 999 5143.3447266 4297.2270508 0.2005842 
1 1000 5142.3461914 4298.3652344 0.2006038 
1 1001 5141.2353516 4299.6977539 0.2006067 
1 1002 5139.8886719 4300.9550781 0.2006713 
1 1003 5138.7915039 4302.3247070 0.2006677 
1 1004 5137.6635742 4303.8227539 0.2006431 
1 1005 5136.3745117 4305.4384766 0.2006351 
1 1006 5135.0053711 4307.0156250 0.2006423 
1 1007 5133.4921875 4308.4648438 0.2006359 
1 1008 5131.7133789 4309.8706055 0.2006631 
1 1009 5129.9443359 4311.2250977 0.2006616 
1 1010 5128.3330078 4312.7216797 0.2006541 
1 1011 5126.8598633 4314.2998047 0.2006457 
1 1012 5125.1025391 4315.7670898 0.2006424 
1 1013 5123.2441406 4317.2871094 0.2006066 
1 1014 5121.1269531 4318.5585938 0.2006045 
1 1015 5119.0224609 4320.0009766 0.2005879 
