2 0 7368.321 1927.3309 0.4994749
2 1 7369.6924 1927.0835 0.49946287
2 2 7371.0127 1926.6881 0.49944907
2 3 7372.2607 1926.0869 0.49943423
2 4 7373.4067 1925.2687 0.49942034
2 5 7374.402 1924.2638 0.49940974
2 6 7375.1885 1923.1252 0.49940416
2 7 7375.725 1921.9144 0.49940428
2 8 7376.0034 1920.6835 0.4994097
2 9 7376.05 1919.5028 0.49941927
2 10 7375.9062 1918.3862 0.49943167
2 11 7375.6113 1917.3549 0.4994457
2 12 7375.19 1916.415 0.49946067
2 13 7374.6597 1915.5641 0.4994761
2 14 7374.041 1914.7992 0.49949175
2 15 7373.3643 1914.1257 0.49950734
2 16 7372.6465 1913.5582 0.4995226
2 17 7371.9077 1913.1127 0.49953732
2 18 7371.194 1912.7936 0.49955124
2 19 7370.5273 1912.5844 0.49956408
2 20 7369.8877 1912.4482 0.49957556
2 21 7369.304 1912.3373 0.49958542
2 22 7368.7686 1912.2175 0.49959373
2 23 7368.2593 1912.063 0.49960077
2 24 7367.801 1911.8899 0.49960664
2 25 7367.3657 1911.6843 0.49961123
2 26 7366.8784 1911.4524 0.49961436
2 27 7366.337 1911.1815 0.49961624
2 28 7365.7695 1910.863 0.4996176
2 29 7365.1514 1910.5067 0.49961966
2 30 7364.5293 1910.1364 0.49962342
2 31 7363.903 1909.741 0.49962947
2 32 7363.229 1909.3783 0.49963784
2 33 7362.533 1909.0709 0.49964833
2 34 7361.8623 1908.8068 0.4996607
2 35 7361.2646 1908.6127 0.4996746
2 36 7360.713 1908.5199 0.49968937
2 37 7360.208 1908.5552 0.49970406
2 38 7359.751 1908.7268 0.49971768
2 39 7359.3433 1909.018 0.49972963
2 40 7358.986 1909.3889 0.49973962
2 41 7358.681 1909.7875 0.49974734
2 42 7358.4316 1910.2052 0.49975237
2 43 7358.21 1910.5614 0.49975422
2 44 7358.0464 1910.8121 0.4997528
2 45 7357.867 1910.915 0.49974856
2 46 7357.6626 1910.8345 0.49974254
2 47 7357.4097 1910.5468 0.4997357
2 48 7357.1006 1910.0421 0.4997284
2 49 7356.8594 1909.3185 0.49971962
2 50 7356.7754 1908.3678 0.4997071
2 51 7356.9673 1907.1628 0.4996884
2 52 7357.5327 1905.6632 0.49966234
2 53 7358.5137 1903.8407 0.4996302
2 54 7359.871 1901.7083 0.4995955
2 55 7361.4863 1899.3323 0.49956268
2 56 7363.1924 1896.8242 0.4995362
2 57 7364.7715 1894.3246 0.4995196
2 58 7366.0625 1891.9868 0.49951535
2 59 7366.938 1889.9612 0.4995243
2 60 7367.3394 1888.3724 0.49954525
2 61 7367.2705 1887.2987 0.49957508
2 62 7366.7866 1886.7609 0.4996096
2 63 7365.9805 1886.7257 0.4996445
2 64 7364.971 1887.1165 0.49967635
2 65 7363.8936 1887.8257 0.49970287
2 66 7362.8276 1888.725 0.499723
2 67 7361.9272 1889.6848 0.4997368
2 68 7361.251 1890.5662 0.49974555
2 69 7360.7964 1891.3049 0.4997518
2 70 7360.499 1891.8823 0.49975902
2 71 7360.232 1892.3473 0.49977037
2 72 7359.8394 1892.7762 0.4997875
2 73 7359.177 1893.266 0.49980992
2 74 7358.1377 1893.8135 0.49983615
2 75 7356.733 1894.3884 0.4998654
2 76 7355.143 1894.8761 0.49989814
2 77 7353.64 1895.0223 0.49993336
2 78 7352.438 1894.5302 0.49996564
2 79 7351.6143 1893.3195 0.49998528
2 80 7351.1196 1891.6487 0.4999851
2 81 7350.8135 1889.9675 0.4999686
2 82 7350.521 1888.6775 0.49995136
2 83 7350.0894 1887.9971 0.4999525
2 84 7349.405 1887.9644 0.49998173
2 85 7348.368 1888.4641 0.50003326
2 86 7346.8667 1889.2563 0.5000911
2 87 7344.787 1890.0773 0.5001405
2 88 7342.0703 1890.7683 0.50017744
2 89 7338.7617 1891.2852 0.500209
2 90 7335.003 1891.5758 0.5002452
2 91 7330.976 1891.5156 0.50029105
2 92 7326.8164 1890.993 0.5003438
2 93 7322.612 1890.0046 0.50039846
2 94 7318.458 1888.6525 0.5004544
2 95 7314.546 1887.0953 0.50051606
2 96 7311.0776 1885.5104 0.50058687
2 97 7308.194 1884.0664 0.50066423
2 98 7305.915 1882.9055 0.5007395
2 99 7304.1562 1882.1311 0.500803
2 100 7302.789 1881.7987 0.50084835
2 101 7301.7 1881.9069 0.5008739
2 102 7300.8115 1882.3992 0.50088185
2 103 7300.0625 1883.1863 0.5008767
2 104 7299.396 1884.1808 0.50086474
2 105 7298.756 1885.3201 0.5008521
2 106 7298.0625 1886.5614 0.500843
2 107 7297.32 1887.8602 0.50083834
2 108 7296.6094 1889.1578 0.5008367
2 109 7295.9995 1890.3896 0.5008352
2 110 7295.561 1891.4915 0.50083154
2 111 7295.3438 1892.4092 0.5008249
2 112 7295.363 1893.1273 0.5008168
2 113 7295.5977 1893.6981 0.50081116
2 114 7295.9966 1894.2179 0.50081253
2 115 7296.4844 1894.7834 0.5008235
2 116 7296.9663 1895.3915 0.50084305
2 117 7297.3364 1895.9943 0.5008682
2 118 7297.495 1896.544 0.50089663
2 119 7297.386 1897.0414 0.5009271
2 120 7297.0312 1897.5208 0.50095797
2 121 7296.534 1898.0656 0.5009864
2 122 7296.043 1898.6556 0.5010089
2 123 7295.6875 1899.2654 0.5010231
2 124 7295.538 1899.8207 0.5010291
2 125 7295.6035 1900.2631 0.50102866
2 126 7295.8525 1900.5466 0.5010246
2 127 7296.244 1900.6395 0.501019
2 128 7296.737 1900.5066 0.5010133
2 129 7297.29 1900.1036 0.5010084
2 130 7297.8633 1899.3921 0.5010057
2 131 7298.496 1898.3577 0.5010069
2 132 7299.0825 1897.016 0.50101316
2 133 7299.6426 1895.3976 0.50102437
2 134 7300.263 1893.5205 0.5010391
2 135 7300.98 1891.3795 0.50105673
2 136 7301.827 1888.975 0.5010799
2 137 7302.788 1886.3647 0.5011154
2 138 7303.7935 1883.6769 0.50117207
2 139 7304.758 1881.1017 0.5012578
2 140 7305.53 1878.8289 0.5013761
2 141 7306.0044 1877.0026 0.5015251
2 142 7306.1387 1875.7053 0.5016983
2 143 7305.9824 1874.969 0.5018862
2 144 7305.658 1874.7896 0.5020775
2 145 7305.2866 1875.1334 0.50226104
2 146 7304.931 1875.9366 0.502427
2 147 7304.611 1877.0975 0.5025685
2 148 7304.2373 1878.4668 0.5026816
2 149 7303.884 1879.8531 0.5027641
2 150 7303.6997 1881.066 0.50281507
2 151 7303.8022 1881.9888 0.50283605
2 152 7304.2324 1882.626 0.5028321
2 153 7304.9126 1883.083 0.5028103
2 154 7305.6836 1883.4851 0.50274223
2 155 7306.41 1883.9298 0.50245225
2 156 7306.9326 1884.4 0.5015534
2 157 7307.1743 1884.8284 0.4996025
2 158 7307.08 1885.11 0.49630272
2 159 7306.6055 1885.1959 0.49147716
2 160 7305.726 1885.1229 0.4849142
2 161 7304.437 1884.9908 0.47636053
2 162 7302.728 1884.893 0.46567863
2 163 7300.5537 1884.9006 0.45296657
2 164 7297.8345 1884.963 0.438528
2 165 7294.488 1884.9069 0.42278242
2 166 7290.4834 1884.4224 0.4062197
2 167 7285.8896 1883.1978 0.389392
2 168 7280.903 1881.1163 0.37289396
2 169 7275.8213 1878.3403 0.3573111
2 170 7270.957 1875.2915 0.34314868
2 171 7266.5435 1872.5367 0.33076966
2 172 7262.717 1870.6406 0.32036644
2 173 7259.576 1869.915 0.31196684
2 174 7257.2485 1870.4209 0.30545858
2 175 7255.8735 1872.096 0.3006226
2 176 7255.523 1874.8348 0.29717416
2 177 7256.14 1878.4548 0.29480767
2 178 7257.547 1882.6335 0.2932313
2 179 7259.4863 1886.9309 0.29216567
2 180 7261.645 1890.9276 0.29129705
2 181 7263.676 1894.3546 0.2902408
2 182 7265.2505 1897.0901 0.28859907
2 183 7266.1514 1899.073 0.2861013
2 184 7266.3296 1900.2362 0.28271288
2 185 7265.895 1900.4801 0.27863497
2 186 7265.062 1899.6761 0.27421924
2 187 7264.0923 1897.7633 0.26985392
2 188 7263.016 1895.2145 0.26584315
2 189 7261.633 1892.788 0.2622797
2 190 7259.946 1890.7328 0.25895944
2 191 7258.3906 1889.1815 0.25544652
2 192 7257.286 1888.4529 0.25131208
2 193 7256.6235 1888.76 0.24638015
2 194 7256.287 1890.1599 0.24079065
2 195 7256.161 1892.5195 0.23487402
2 196 7256.141 1895.4941 0.22897266
2 197 7256.1494 1898.5894 0.22331788
2 198 7256.092 1901.315 0.21799266
2 199 7255.969 1903.3224 0.21296588
2 200 7255.792 1904.4259 0.20816632
2 201 7255.5938 1904.5503 0.20355716
2 202 7255.4106 1903.7175 0.19917719
2 203 7255.2617 1902.0778 0.1951344
2 204 7255.007 1899.8999 0.19156225
2 205 7254.457 1897.4811 0.1885662
2 206 7253.398 1895.046 0.1861879
2 207 7251.6855 1892.7244 0.18439946
2 208 7249.3115 1890.5858 0.18312177
2 209 7246.4185 1888.6405 0.18225156
2 210 7243.2607 1886.7844 0.18168409
2 211 7240.1104 1884.7573 0.18132667
2 212 7237.143 1882.3008 0.18110557
2 213 7234.354 1879.3344 0.18096982
2 214 7231.558 1876.0563 0.18089186
2 215 7228.4697 1872.8196 0.18086195
2 216 7224.797 1869.9323 0.18087721
2 217 7220.327 1867.5676 0.18093063
2 218 7215.019 1865.8151 0.18100718
2 219 7209.043 1864.7496 0.18108793
2 220 7202.721 1864.4302 0.18115713
2 221 7196.3774 1864.8539 0.18120599
2 222 7190.1924 1865.9275 0.18123174
2 223 7184.1514 1867.4791 0.18123496
2 224 7178.099 1869.3083 0.1812185
2 225 7171.845 1871.2266 0.18118782
2 226 7165.2646 1873.0966 0.18115035
2 227 7158.4116 1874.8652 0.18111338
2 228 7151.684 1876.5178 0.18108177
2 229 7145.86 1878.073 0.18105753
2 230 7141.769 1879.5692 0.1810414
2 231 7139.942 1881.0092 0.1810342
2 232 7140.543 1882.3174 0.18103585
2 233 7143.3467 1883.3408 0.18104273
2 234 7147.958 1883.9094 0.18104696
2 235 7154.207 1883.9626 0.18103962
2 236 7162.095 1883.6354 0.18101664
2 237 7171.503 1883.2627 0.18098235
2 238 7182.05 1883.286 0.18094777
2 239 7193.0967 1884.087 0.1809248
2 240 7203.851 1885.8644 0.18092036
2 241 7213.5234 1888.6284 0.18093376
2 242 7221.48 1892.2684 0.180958
2 243 7227.355 1896.6079 0.18098354
2 244 7231.0938 1901.4138 0.18100214
2 245 7232.9355 1906.3867 0.18100902
2 246 7233.3394 1911.1272 0.18100317
2 247 7232.8887 1915.3307 0.18098648
2 248 7232.185 1918.8003 0.18096265
2 249 7231.756 1921.4701 0.18093622
2 250 7231.9844 1923.3518 0.18091162
2 251 7233.08 1924.5123 0.18089232
2 252 7235.0957 1925.0682 0.18088019
2 253 7237.964 1925.171 0.1808755
2 254 7241.519 1924.9858 0.18087709
2 255 7245.508 1924.6757 0.18088287
2 256 7249.591 1924.3864 0.18089014
2 257 7253.385 1924.222 0.18089606
2 258 7256.5396 1924.2168 0.18089807
2 259 7258.832 1924.3207 0.18089458
2 260 7260.227 1924.4114 0.1808853
2 261 7260.8843 1924.3287 0.18087132
2 262 7261.102 1923.9165 0.18085475
2 263 7261.2275 1923.0524 0.18083785
2 264 7261.561 1921.6674 0.18082233
2 265 7262.289 1919.7659 0.18080918
2 266 7263.453 1917.436 0.1807992
2 267 7264.9663 1914.8308 0.18079315
2 268 7266.6543 1912.0879 0.18079129
2 269 7268.3096 1909.2712 0.18079293
2 270 7269.747 1906.3793 0.18079688
2 271 7270.853 1903.3861 0.18080254
2 272 7271.616 1900.3005 0.18081059
2 273 7272.131 1897.1964 0.18082236
2 274 7272.556 1894.1908 0.18083863
2 275 7273.1445 1891.3909 0.18085861
2 276 7274.013 1888.8429 0.18087983
2 277 7275.265 1886.4979 0.18089886
2 278 7276.929 1884.2456 0.1809127
2 279 7278.974 1881.9657 0.18091989
2 280 7281.3115 1879.5801 0.18092062
2 281 7283.801 1877.0847 0.18091598
2 282 7286.259 1874.5116 0.1809071
2 283 7288.4917 1871.8934 0.18089485
2 284 7290.34 1869.2601 0.18088047
2 285 7291.711 1866.6616 0.18086596
2 286 7292.578 1864.2152 0.18085366
2 287 7292.956 1862.0308 0.18084534
2 288 7292.8647 1860.1656 0.18084154
2 289 7292.322 1858.5933 0.18084215
2 290 7291.3535 1857.2178 0.18084729
2 291 7290.015 1855.9308 0.18085788
2 292 7288.397 1854.6433 0.18087544
2 293 7286.609 1853.3031 0.1809011
2 294 7284.7646 1851.9105 0.18093447
2 295 7282.9775 1850.4977 0.18097292
2 296 7281.321 1849.1248 0.18101178
2 297 7279.8945 1847.7953 0.18104613
2 298 7278.815 1846.486 0.18107273
2 299 7278.1904 1845.1571 0.18109117
2 300 7278.095 1843.7214 0.18110357
2 301 7278.556 1842.1224 0.18111324
2 302 7279.5645 1840.3342 0.18112372
2 303 7281.1016 1838.3756 0.18113816
2 304 7283.1567 1836.3123 0.1811591
2 305 7285.729 1834.2386 0.18118818
2 306 7288.8086 1832.2418 0.18122621
2 307 7292.3535 1830.3662 0.1812736
2 308 7296.278 1828.6041 0.18133098
2 309 7300.4595 1826.9159 0.18139905
2 310 7304.7676 1825.2527 0.18147758
2 311 7309.1064 1823.5309 0.18156445
2 312 7313.3877 1821.6829 0.18165551
2 313 7317.6475 1819.5804 0.18174599
2 314 7321.8594 1817.095 0.18183318
2 315 7326.079 1814.1445 0.18191896
2 316 7330.3467 1810.7242 0.18201028
2 317 7334.6055 1806.9104 0.18211676
2 318 7338.798 1802.8502 0.18224722
2 319 7342.892 1798.7394 0.18240711
2 320 7346.8335 1794.7941 0.18259785
2 321 7350.5547 1791.217 0.1828173
2 322 7353.988 1788.1566 0.1830607
2 323 7357.0757 1785.6682 0.1833217
2 324 7359.7705 1783.7065 0.18359353
2 325 7362.022 1782.1658 0.1838708
2 326 7363.7666 1780.9573 0.18415044
2 327 7364.9243 1780.0726 0.18443076
2 328 7365.4062 1779.5826 0.18470898
2 329 7365.132 1779.5747 0.18497849
2 330 7364.058 1780.0884 0.18522862
2 331 7362.2153 1781.0957 0.18544744
2 332 7359.72 1782.5221 0.18562582
2 333 7356.762 1784.2767 0.18575996
2 334 7353.579 1786.265 0.18585066
2 335 7350.431 1788.381 0.18590017
2 336 7347.579 1790.5012 0.18590885
2 337 7345.2476 1792.4963 0.18587367
2 338 7343.5903 1794.2539 0.18578917
2 339 7342.667 1795.7025 0.18565051
2 340 7342.4414 1796.825 0.18545671
2 341 7342.7983 1797.6536 0.18521209
2 342 7343.5654 1798.2502 0.18492588
2 343 7344.552 1798.6818 0.18461028
2 344 7345.5996 1799.0042 0.18427841
2 345 7346.543 1799.2617 0.1839429
2 346 7347.3477 1799.4819 0.18361501
2 347 7347.9907 1799.6869 0.18330428
2 348 7348.486 1799.9098 0.18301831
2 349 7348.858 1800.1498 0.1827629
2 350 7349.123 1800.4258 0.18254219
2 351 7349.2837 1800.736 0.18235853
2 352 7349.335 1801.0386 0.18221231
2 353 7349.2754 1801.3966 0.18210153
2 354 7349.112 1801.8608 0.18202177
2 355 7348.862 1802.4937 0.18196663
2 356 7348.575 1803.3269 0.18192923
2 357 7348.229 1804.3562 0.18190363
2 358 7347.854 1805.5504 0.18188551
2 359 7347.5044 1806.857 0.18187176
2 360 7347.2007 1808.2037 0.1818597
2 361 7346.9746 1809.5338 0.18184693
2 362 7346.801 1810.7174 0.18183166
2 363 7346.683 1811.6539 0.1818135
2 364 7346.6323 1812.2635 0.18179418
2 365 7346.6704 1812.5175 0.18177766
2 366 7346.834 1812.4619 0.18176913
2 367 7347.1665 1812.22 0.18177323
2 368 7347.696 1811.9556 0.18179193
2 369 7348.421 1811.8157 0.181824
2 370 7349.3164 1811.8853 0.18186598
2 371 7350.353 1812.1774 0.18191399
2 372 7351.511 1812.6469 0.18196532
2 373 7352.7827 1813.2074 0.18201898
2 374 7354.1636 1813.7455 0.1820755
2 375 7355.6504 1814.1476 0.1821361
2 376 7357.245 1814.3505 0.1822018
2 377 7358.9536 1814.3834 0.18227266
2 378 7360.7715 1814.3864 0.18234724
2 379 7362.64 1814.5602 0.18242255
2 380 7364.52 1815.1002 0.18249437
2 381 7366.245 1816.1616 0.18255839
2 382 7367.6904 1817.8248 0.1826115
2 383 7368.758 1820.0813 0.18265268
2 384 7369.397 1822.8411 0.18268274
2 385 7369.615 1825.9558 0.18270308
2 386 7369.4727 1829.246 0.18271464
2 387 7369.0737 1832.5195 0.18271749
2 388 7368.548 1835.5913 0.18271165
2 389 7368.0166 1838.3148 0.1826983
2 390 7367.5605 1840.618 0.18268019
2 391 7367.1914 1842.514 0.18266077
2 392 7366.8813 1844.0688 0.18264265
2 393 7366.5933 1845.3474 0.1826268
2 394 7366.2285 1846.374 0.18261288
2 395 7365.838 1847.1292 0.18260023
2 396 7365.391 1847.5692 0.18258831
2 397 7364.982 1847.6493 0.18257676
2 398 7364.6514 1847.3346 0.1825651
2 399 7364.421 1846.603 0.18255274
2 400 7364.2866 1845.4431 0.1825394
2 401 7364.229 1843.8547 0.1825254
2 402 7364.2256 1841.862 0.18251203
2 403 7364.2427 1839.5381 0.18250136
2 404 7364.16 1837.0195 0.18249543
2 405 7363.919 1834.488 0.18249506
2 406 7363.4214 1832.1193 0.18249926
2 407 7362.5967 1830.0333 0.18250589
2 408 7361.4185 1828.2788 0.1825131
2 409 7359.909 1826.8541 0.18252021
2 410 7358.1353 1825.7378 0.18252741
2 411 7356.183 1824.9038 0.18253478
2 412 7354.13 1824.3191 0.18254171
2 413 7352.044 1823.9363 0.18254709
2 414 7350.015 1823.6963 0.18255009
2 415 7348.08 1823.5386 0.18255073
2 416 7346.3 1823.4075 0.18254985
2 417 7344.73 1823.284 0.18254864
2 418 7343.412 1823.1453 0.1825481
2 419 7342.3667 1822.9701 0.18254893
2 420 7341.593 1822.8207 0.18255167
2 421 7341.0684 1822.7351 0.18255696
2 422 7340.7524 1822.7556 0.18256518
2 423 7340.589 1822.913 0.18257599
2 424 7340.516 1823.2139 0.18258801
2 425 7340.4727 1823.6383 0.18259941
2 426 7340.362 1824.1561 0.18260868
2 427 7340.191 1824.7542 0.18261507
2 428 7339.9263 1825.4559 0.18261847
2 429 7339.5415 1826.3192 0.18261896
2 430 7339.0264 1827.4115 0.1826166
2 431 7338.407 1828.7792 0.18261144
2 432 7337.7485 1830.4297 0.18260355
2 433 7337.0615 1832.3293 0.18259314
2 434 7336.456 1834.4119 0.1825805
2 435 7335.9585 1836.5896 0.18256612
2 436 7335.5635 1838.7676 0.18255076
2 437 7335.2456 1840.8625 0.18253544
2 438 7334.9893 1842.8242 0.18252137
2 439 7334.7983 1844.6478 0.18250953
2 440 7334.684 1846.3718 0.18250023
2 441 7334.6475 1848.0603 0.18249302
2 442 7334.6694 1849.7903 0.18248682
2 443 7334.7124 1851.6053 0.18248066
2 444 7334.6714 1853.5164 0.18247461
2 445 7334.477 1855.4983 0.18247011
2 446 7334.029 1857.5056 0.18246928
2 447 7333.2383 1859.474 0.18247347
2 448 7332.047 1861.3727 0.1824822
2 449 7330.439 1863.1594 0.18249348
2 450 7328.4434 1864.8102 0.18250498
2 451 7326.109 1866.3463 0.18251525
2 452 7323.4785 1867.8379 0.18252383
2 453 7320.5693 1869.3678 0.18253067
2 454 7317.376 1871.0496 0.18253542
2 455 7313.881 1872.9307 0.18253747
2 456 7310.0664 1874.9988 0.18253641
2 457 7305.9277 1877.1945 0.18253236
2 458 7301.4834 1879.4347 0.18252562
2 459 7296.788 1881.6182 0.18251626
2 460 7291.9326 1883.6556 0.1825042
2 461 7287.0234 1885.4434 0.18248996
2 462 7282.1934 1886.896 0.18247522
2 463 7277.4785 1887.9845 0.18246257
2 464 7272.913 1888.7653 0.18245442
2 465 7268.504 1889.3738 0.18245192
2 466 7264.2476 1889.982 0.18245435
2 467 7260.144 1890.7445 0.18245962
2 468 7256.204 1891.7585 0.18246515
2 469 7252.451 1893.0526 0.18246868
2 470 7248.9126 1894.5929 0.18246874
2 471 7245.6143 1896.2986 0.18246473
2 472 7242.5806 1898.0619 0.18245664
2 473 7239.8423 1899.7965 0.18244487
2 474 7237.449 1901.3517 0.18243016
2 475 7235.475 1902.6375 0.18241383
2 476 7234.0073 1903.6218 0.18239768
2 477 7233.136 1904.352 0.18238355
2 478 7232.941 1904.9474 0.18237258
2 479 7233.4785 1905.5618 0.1823649
2 480 7234.76 1906.335 0.18235986
2 481 7236.729 1907.3577 0.18235654
2 482 7239.257 1908.6586 0.18235408
2 483 7242.1655 1910.2081 0.18235175
2 484 7245.2627 1911.9272 0.18234882
2 485 7248.3794 1913.6837 0.1823444
2 486 7251.393 1915.3082 0.18233788
2 487 7254.2383 1916.6355 0.18232936
2 488 7256.895 1917.5487 0.18232012
2 489 7259.376 1918.0173 0.1823123
2 490 7261.709 1918.0925 0.18230799
2 491 7263.93 1917.8679 0.18230824
2 492 7266.0728 1917.4354 0.18231279
2 493 7268.182 1916.8569 0.18232027
2 494 7270.2324 1916.1559 0.18232873
2 495 7272.235 1915.3246 0.18233612
2 496 7274.1914 1914.3422 0.18234059
2 497 7276.149 1913.1948 0.18234062
2 498 7278.1743 1911.8849 0.18233514
2 499 7280.331 1910.4315 0.1823239
2 500 7282.691 1908.8755 0.18230791
2 501 7285.303 1907.2817 0.18228948
2 502 7288.1655 1905.7003 0.18227136
2 503 7291.2153 1904.2518 0.18225546
2 504 7294.3374 1903.001 0.182242
2 505 7297.4395 1901.9686 0.1822298
2 506 7300.3906 1901.1339 0.18221733
2 507 7303.13 1900.4535 0.18220364
2 508 7305.6333 1899.8796 0.18218854
2 509 7307.8965 1899.3679 0.18217236
2 510 7309.9224 1898.8767 0.18215565
2 511 7311.717 1898.3206 0.18213913
2 512 7313.297 1897.6968 0.18212357
2 513 7314.6924 1897.0005 0.1821096
2 514 7315.9434 1896.2717 0.18209724
2 515 7317.089 1895.5386 0.18208586
2 516 7318.1694 1894.861 0.18207407
2 517 7319.228 1894.2413 0.18206029
2 518 7320.389 1893.6307 0.18204314
2 519 7321.716 1892.9346 0.18202204
2 520 7323.32 1892.0328 0.18199757
2 521 7325.283 1890.8036 0.18197183
2 522 7327.616 1889.1547 0.1819484
2 523 7330.2275 1887.0568 0.1819317
2 524 7332.942 1884.5663 0.1819258
2 525 7335.5986 1881.8217 0.18193273
2 526 7337.9614 1879.0122 0.1819515
2 527 7339.8994 1876.3342 0.18197823
2 528 7341.3623 1873.9517 0.18200728
2 529 7342.38 1871.97 0.18203275
2 530 7343.043 1870.4236 0.18204987
2 531 7343.4824 1869.2764 0.18205604
2 532 7343.815 1868.4314 0.18205126
2 533 7344.1167 1867.7501 0.18203767
2 534 7344.4653 1867.0782 0.18201882
2 535 7344.868 1866.2732 0.18199915
2 536 7345.353 1865.225 0.18198457
2 537 7345.962 1863.8638 0.18198356
2 538 7346.736 1862.1599 0.18200648
2 539 7347.692 1860.1183 0.18206194
2 540 7348.8086 1857.7688 0.18215178
2 541 7350.0312 1855.1532 0.1822685
2 542 7351.32 1852.3151 0.1823978
2 543 7352.6646 1849.2992 0.18252414
2 544 7354.0635 1846.1587 0.18263575
2 545 7355.522 1842.9554 0.18272638
2 546 7357.045 1839.7369 0.18279436
2 547 7358.643 1836.5635 0.18284105
2 548 7360.346 1833.4414 0.18287006
2 549 7362.1963 1830.4164 0.18288696
2 550 7364.2227 1827.5786 0.18289827
2 551 7366.415 1825.0651 0.18290968
2 552 7368.721 1823.0242 0.18292437
2 553 7371.067 1821.5623 0.18294264
2 554 7373.3384 1820.7046 0.182963
2 555 7375.497 1820.3977 0.18298395
2 556 7377.4653 1820.5468 0.18300493
2 557 7379.1675 1821.057 0.183026
2 558 7380.5483 1821.8492 0.18304685
2 559 7381.5986 1822.8524 0.18306634
2 560 7382.359 1823.9972 0.18308306
2 561 7382.902 1825.2212 0.18309604
2 562 7383.313 1826.4703 0.18310493
2 563 7383.6797 1827.7188 0.1831093
2 564 7384.04 1828.9108 0.18310785
2 565 7384.463 1829.9891 0.1830987
2 566 7384.9917 1830.8939 0.18308072
2 567 7385.67 1831.5944 0.1830547
2 568 7386.539 1832.1102 0.18302329
2 569 7387.632 1832.5092 0.1829896
2 570 7388.9644 1832.8717 0.18295586
2 571 7390.5264 1833.3174 0.18292269
2 572 7392.2754 1833.8715 0.18288946
2 573 7394.1406 1834.5433 0.18285519
2 574 7396.0215 1835.3005 0.18281953
2 575 7397.819 1836.088 0.18278328
2 576 7399.455 1836.8812 0.1827482
2 577 7400.849 1837.6409 0.18271609
2 578 7401.9307 1838.3853 0.18268771
2 579 7402.6567 1839.1602 0.18266244
2 580 7403.0293 1839.9841 0.18263882
2 581 7403.105 1840.8656 0.18261561
2 582 7402.985 1841.7906 0.18259226
2 583 7402.7974 1842.7314 0.1825688
