14 0 22412.049 1840.4628 0.2400286
14 1 22399.756 1840.5659 0.24005798
14 2 22387.625 1840.6862 0.24008521
14 3 22375.729 1840.8455 0.24010874
14 4 22364.098 1841.0262 0.24012695
14 5 22352.727 1841.2124 0.24013829
14 6 22341.582 1841.4314 0.24014162
14 7 22330.617 1841.6864 0.24013634
14 8 22319.783 1841.9894 0.24012257
14 9 22309.045 1842.3694 0.24010126
14 10 22298.385 1842.8805 0.24007423
14 11 22287.797 1843.607 0.240044
14 12 22277.293 1844.6603 0.24001332
14 13 22266.883 1846.1646 0.23998454
14 14 22256.586 1848.2366 0.23995912
14 15 22246.43 1850.9601 0.2399376
14 16 22236.479 1854.3622 0.2399197
14 17 22226.832 1858.4097 0.23990463
14 18 22217.582 1863.0363 0.2398911
14 19 22208.766 1868.1887 0.23987731
14 20 22200.338 1873.8579 0.23986094
14 21 22192.19 1880.0765 0.23983939
14 22 22184.219 1886.8916 0.23981029
14 23 22176.385 1894.3356 0.23977189
14 24 22168.744 1902.4135 0.23972356
14 25 22161.447 1911.1031 0.23966624
14 26 22154.697 1920.3623 0.23960303
14 27 22148.7 1930.1306 0.23953934
14 28 22143.605 1940.326 0.23948176
14 29 22139.484 1950.8381 0.23943613
14 30 22136.309 1961.5284 0.23940545
14 31 22133.98 1972.243 0.2393888
14 32 22132.355 1982.8346 0.23938166
14 33 22131.273 1993.185 0.2393777
14 34 22130.584 2003.2179 0.23937102
14 35 22130.156 2012.8969 0.23935795
14 36 22129.895 2022.2168 0.23933826
14 37 22129.73 2031.1912 0.23931484
14 38 22129.63 2039.843 0.23929258
14 39 22129.59 2048.1978 0.23927666
14 40 22129.576 2056.2705 0.23927099
14 41 22129.617 2064.0522 0.2392768
14 42 22129.717 2071.5095 0.23929225
14 43 22129.828 2078.6055 0.23931283
14 44 22129.89 2085.3347 0.23933281
14 45 22129.922 2091.7395 0.23934703
14 46 22129.896 2097.8965 0.23935245
14 47 22129.88 2103.8872 0.23934902
14 48 22129.88 2109.7693 0.23933949
14 49 22129.94 2115.5654 0.23932822
14 50 22130.055 2121.2686 0.23931962
14 51 22130.2 2126.8547 0.2393163
14 52 22130.402 2132.297 0.23931809
14 53 22130.662 2137.5762 0.23932229
14 54 22130.922 2142.6853 0.23932518
14 55 22131.127 2147.6313 0.23932387
14 56 22131.275 2152.4316 0.23931742
14 57 22131.371 2157.1099 0.23930664
14 58 22131.441 2161.692 0.23929325
14 59 22131.486 2166.201 0.23927878
14 60 22131.559 2170.652 0.2392641
14 61 22131.686 2175.0498 0.23924945
14 62 22131.86 2179.3894 0.23923483
14 63 22132.084 2183.6616 0.23922029
14 64 22132.363 2187.8572 0.23920599
14 65 22132.643 2191.9695 0.23919207
14 66 22132.873 2195.9897 0.23917845
14 67 22133.059 2199.902 0.2391649
14 68 22133.223 2203.6838 0.23915128
14 69 22133.342 2207.3174 0.23913771
14 70 22133.412 2210.8093 0.23912455
14 71 22133.436 2214.1934 0.23911195
14 72 22133.5 2217.52 0.23909932
14 73 22133.613 2220.8318 0.23908539
14 74 22133.754 2224.195 0.23906864
14 75 22133.947 2227.5994 0.23904817
14 76 22134.115 2231.025 0.23902425
14 77 22134.234 2234.4875 0.23899814
14 78 22134.299 2237.902 0.23897147
14 79 22134.309 2241.2817 0.23894545
14 80 22134.293 2244.6267 0.23892064
14 81 22134.227 2247.9385 0.23889714
14 82 22134.182 2251.2168 0.23887525
14 83 22134.213 2254.478 0.23885594
14 84 22134.3 2257.7043 0.23884077
14 85 22134.463 2260.8794 0.23883142
14 86 22134.7 2264.0066 0.23882888
14 87 22134.969 2267.0522 0.23883305
14 88 22135.295 2269.9844 0.23884259
14 89 22135.61 2272.777 0.23885512
14 90 22135.871 2275.4102 0.23886766
14 91 22136.08 2277.8672 0.23887727
14 92 22136.24 2280.1301 0.23888183
14 93 22136.35 2282.1792 0.23888053
14 94 22136.434 2283.9983 0.23887388
14 95 22136.467 2285.5835 0.23886323
14 96 22136.469 2286.9482 0.23885006
14 97 22136.473 2288.1216 0.23883556
14 98 22136.447 2289.1418 0.23882042
14 99 22136.467 2290.0454 0.23880503
14 100 22136.535 2290.8606 0.23878993
14 101 22136.629 2291.6028 0.23877607
14 102 22136.795 2292.2764 0.2387647
14 103 22137.01 2292.8801 0.23875688
14 104 22137.283 2293.4116 0.23875307
14 105 22137.625 2293.871 0.23875271
14 106 22138.041 2294.2617 0.23875439
14 107 22138.53 2294.5894 0.23875634
14 108 22139.086 2294.8599 0.23875724
14 109 22139.7 2295.0781 0.23875712
14 110 22140.338 2295.2463 0.23875783
14 111 22141.03 2295.3652 0.23876256
14 112 22141.79 2295.434 0.23877436
14 113 22142.594 2295.4526 0.23879442
14 114 22143.451 2295.423 0.23882106
14 115 22144.363 2295.349 0.23885
14 116 22145.303 2295.2405 0.23887579
14 117 22146.3 2295.102 0.23889367
14 118 22147.354 2294.9304 0.23890099
14 119 22148.457 2294.7258 0.23889756
14 120 22149.588 2294.5054 0.23888522
14 121 22150.693 2294.2812 0.23886687
14 122 22151.84 2294.073 0.23884551
14 123 22153.035 2293.904 0.2388237
14 124 22154.283 2293.704 0.23880318
14 125 22155.557 2293.506 0.23878485
14 126 22156.885 2293.282 0.23876876
14 127 22158.22 2293.0215 0.23875436
14 128 22159.547 2292.744 0.23874088
14 129 22160.922 2292.506 0.23872772
14 130 22162.326 2292.3047 0.23871481
14 131 22163.787 2292.1401 0.23870263
14 132 22165.191 2291.9907 0.23869182
14 133 22166.576 2291.8633 0.23868293
14 134 22167.91 2291.7014 0.2386759
14 135 22169.295 2291.526 0.23867024
14 136 22170.654 2291.3423 0.23866512
14 137 22171.96 2291.1304 0.23865983
14 138 22173.213 2290.887 0.2386541
14 139 22174.443 2290.6257 0.23864822
14 140 22175.621 2290.3613 0.2386429
14 141 22176.826 2290.1306 0.23863898
14 142 22177.979 2289.8745 0.23863718
14 143 22179.076 2289.6196 0.23863786
14 144 22180.117 2289.3708 0.23864101
14 145 22181.098 2289.1055 0.2386462
14 146 22182.047 2288.8748 0.23865284
14 147 22182.94 2288.677 0.23866032
14 148 22183.775 2288.495 0.23866813
14 149 22184.553 2288.343 0.23867588
14 150 22185.389 2288.2268 0.23868321
14 151 22186.219 2288.0964 0.23868975
14 152 22187.074 2287.962 0.2386951
14 153 22187.965 2287.8196 0.23869887
14 154 22188.879 2287.684 0.23870094
14 155 22189.846 2287.5635 0.23870146
14 156 22190.797 2287.4304 0.23870072
14 157 22191.719 2287.3293 0.23869891
14 158 22192.582 2287.2427 0.23869605
14 159 22193.47 2287.1863 0.23869216
14 160 22194.336 2287.1462 0.23868763
14 161 22195.225 2287.0828 0.23868333
14 162 22196.16 2287.02 0.23868035
14 163 22197.123 2286.974 0.23867968
14 164 22198.139 2286.9673 0.2386818
14 165 22199.18 2286.9558 0.23868667
14 166 22200.148 2286.9065 0.23869392
14 167 22201.068 2286.819 0.23870285
14 168 22201.938 2286.6956 0.23871243
14 169 22202.781 2286.555 0.2387213
14 170 22203.572 2286.3796 0.23872805
14 171 22204.307 2286.2246 0.2387318
14 172 22204.988 2286.083 0.23873274
14 173 22205.645 2285.91 0.23873219
14 174 22206.354 2285.6877 0.23873208
14 175 22207.121 2285.383 0.23873399
14 176 22207.918 2284.964 0.23873837
14 177 22208.773 2284.402 0.2387445
14 178 22209.635 2283.6707 0.238751
14 179 22210.447 2282.7495 0.23875666
14 180 22211.21 2281.6284 0.23876101
14 181 22211.947 2280.3118 0.23876446
14 182 22212.63 2278.8208 0.23876798
14 183 22213.26 2277.193 0.23877251
14 184 22213.834 2275.479 0.23877837
14 185 22214.355 2273.7356 0.23878498
14 186 22214.832 2272.0474 0.23879124
14 187 22215.316 2270.4446 0.23879603
14 188 22215.762 2268.9639 0.23879881
14 189 22216.158 2267.62 0.23879978
14 190 22216.48 2266.4114 0.23879962
14 191 22216.754 2265.3257 0.23879915
14 192 22216.977 2264.349 0.23879907
14 193 22217.146 2263.4714 0.23879966
14 194 22217.258 2262.6853 0.23880094
14 195 22217.31 2261.9832 0.23880272
14 196 22217.303 2261.356 0.23880473
14 197 22217.236 2260.7927 0.23880672
14 198 22217.115 2260.2842 0.23880857
14 199 22216.941 2259.8247 0.23881026
14 200 22216.715 2259.4114 0.23881204
14 201 22216.426 2259.0442 0.2388145
14 202 22216.062 2258.7239 0.2388182
14 203 22215.598 2258.4502 0.2388235
14 204 22214.994 2258.2217 0.23883042
14 205 22214.21 2258.035 0.23883852
14 206 22213.197 2257.8867 0.23884697
14 207 22211.91 2257.7751 0.23885448
14 208 22210.312 2257.6814 0.23885956
14 209 22208.39 2257.623 0.23886083
14 210 22206.156 2257.5996 0.23885746
14 211 22203.643 2257.6108 0.2388496
14 212 22200.9 2257.658 0.23883832
14 213 22197.977 2257.7424 0.23882528
14 214 22194.916 2257.8154 0.2388121
14 215 22191.756 2257.9272 0.23879993
14 216 22188.533 2258.0535 0.2387892
14 217 22185.291 2258.2083 0.23877989
14 218 22182.045 2258.398 0.23877181
14 219 22178.877 2258.6196 0.23876488
14 220 22175.81 2258.8193 0.23875926
14 221 22172.842 2258.9802 0.23875523
14 222 22169.941 2259.15 0.23875299
14 223 22167.064 2259.353 0.23875248
14 224 22164.145 2259.5938 0.23875327
14 225 22161.148 2259.874 0.23875462
14 226 22158.094 2260.1907 0.23875567
14 227 22154.979 2260.542 0.23875588
14 228 22151.809 2260.9106 0.23875515
14 229 22148.611 2261.314 0.23875389
14 230 22145.361 2261.7476 0.23875275
14 231 22142.11 2262.1626 0.23875232
14 232 22138.904 2262.5522 0.23875271
14 233 22135.723 2262.966 0.2387536
14 234 22132.607 2263.3628 0.23875433
14 235 22129.537 2263.7207 0.23875424
14 236 22126.52 2264.063 0.23875289
14 237 22123.559 2264.3955 0.23875013
14 238 22120.662 2264.7004 0.23874608
14 239 22117.842 2265.0117 0.23874094
14 240 22115.107 2265.3088 0.23873492
14 241 22112.477 2265.5742 0.23872826
14 242 22109.969 2265.8115 0.23872128
14 243 22107.602 2266.035 0.23871438
14 244 22105.385 2266.2278 0.23870796
14 245 22103.305 2266.3904 0.23870221
14 246 22101.332 2266.518 0.23869705
14 247 22099.428 2266.6208 0.23869222
14 248 22097.545 2266.7378 0.23868744
14 249 22095.69 2266.8865 0.23868261
14 250 22093.805 2266.999 0.23867787
14 251 22091.87 2267.0735 0.23867343
14 252 22089.896 2267.185 0.23866948
14 253 22087.98 2267.3225 0.23866613
14 254 22086.137 2267.4785 0.23866348
14 255 22084.34 2267.6519 0.23866151
14 256 22082.596 2267.7942 0.23866008
14 257 22080.906 2267.9204 0.23865886
14 258 22079.281 2268.0115 0.23865731
14 259 22077.725 2268.0679 0.23865491
14 260 22076.242 2268.151 0.23865129
14 261 22074.836 2268.2349 0.23864627
14 262 22073.502 2268.3296 0.23863982
14 263 22072.234 2268.389 0.23863195
14 264 22071.031 2268.4175 0.23862281
14 265 22069.889 2268.4321 0.2386127
14 266 22068.809 2268.4739 0.23860209
14 267 22067.8 2268.5378 0.23859163
14 268 22066.873 2268.5967 0.23858194
14 269 22066.035 2268.623 0.23857345
14 270 22065.287 2268.6306 0.2385663
14 271 22064.623 2268.6096 0.23856042
14 272 22064.033 2268.6055 0.23855577
14 273 22063.498 2268.6055 0.23855242
14 274 22063.01 2268.5789 0.23855057
14 275 22062.572 2268.5215 0.23855054
14 276 22062.184 2268.4504 0.23855257
14 277 22061.82 2268.345 0.23855661
14 278 22061.516 2268.209 0.23856235
14 279 22061.232 2268.04 0.23856914
14 280 22061.002 2267.8545 0.23857626
14 281 22060.824 2267.6506 0.23858309
14 282 22060.668 2267.4773 0.23858933
14 283 22060.504 2267.3206 0.23859507
14 284 22060.336 2267.199 0.23860057
14 285 22060.195 2267.1096 0.23860607
14 286 22060.06 2267.0242 0.23861147
14 287 22059.951 2266.9104 0.23861629
14 288 22059.863 2266.782 0.2386196
14 289 22059.785 2266.623 0.23862043
14 290 22059.766 2266.5032 0.23861793
14 291 22059.775 2266.395 0.23861168
14 292 22059.83 2266.2722 0.23860182
14 293 22059.854 2266.1448 0.23858897
14 294 22059.93 2266.0515 0.23857403
14 295 22060.043 2265.957 0.23855776
14 296 22060.117 2265.8484 0.23854052
14 297 22060.137 2265.7708 0.2385223
14 298 22060.18 2265.7085 0.23850305
14 299 22060.264 2265.6562 0.23848301
14 300 22060.375 2265.6316 0.23846275
14 301 22060.49 2265.6365 0.23844293
14 302 22060.625 2265.6455 0.23842405
14 303 22060.723 2265.6394 0.23840664
14 304 22060.889 2265.5981 0.23839201
14 305 22061.117 2265.542 0.23838273
14 306 22061.445 2265.4895 0.23838218
14 307 22061.887 2265.4534 0.23839298
14 308 22062.436 2265.3828 0.23841535
14 309 22063.059 2265.2837 0.23844661
14 310 22063.707 2265.199 0.2384821
14 311 22064.365 2265.1414 0.2385169
14 312 22064.973 2265.0652 0.23854716
14 313 22065.531 2265.0151 0.23857087
14 314 22066.045 2264.9492 0.23858775
14 315 22066.533 2264.848 0.23859893
14 316 22067.012 2264.7292 0.23860635
14 317 22067.545 2264.6453 0.23861209
14 318 22068.137 2264.5828 0.23861767
14 319 22068.754 2264.5044 0.2386238
14 320 22069.402 2264.3967 0.23863046
14 321 22070.01 2264.2883 0.23863758
14 322 22070.596 2264.2126 0.23864537
14 323 22071.225 2264.1553 0.23865436
14 324 22071.904 2264.1272 0.23866501
14 325 22072.611 2264.1304 0.23867722
14 326 22073.371 2264.149 0.23869008
14 327 22074.188 2264.148 0.23870221
14 328 22075.062 2264.112 0.23871212
14 329 22075.916 2264.039 0.23871876
14 330 22076.713 2263.9353 0.23872176
14 331 22077.484 2263.8167 0.2387215
14 332 22078.227 2263.713 0.23871912
14 333 22079.02 2263.639 0.23871607
14 334 22079.838 2263.5183 0.23871368
14 335 22080.709 2263.3635 0.23871276
14 336 22081.584 2263.1636 0.23871323
14 337 22082.432 2262.9114 0.23871447
14 338 22083.229 2262.605 0.23871557
14 339 22083.979 2262.2476 0.23871587
14 340 22084.68 2261.8442 0.23871516
14 341 22085.326 2261.4194 0.23871356
14 342 22085.918 2260.955 0.23871136
14 343 22086.488 2260.4553 0.23870869
14 344 22087.006 2259.906 0.23870544
14 345 22087.494 2259.2756 0.23870113
14 346 22087.93 2258.3936 0.238695
14 347 22088.307 2256.9558 0.23868598
14 348 22088.652 2254.5747 0.23867305
14 349 22088.914 2250.8792 0.23865572
14 350 22089.102 2245.5918 0.23863487
14 351 22089.158 2238.535 0.23861301
14 352 22089.008 2229.5906 0.23859373
14 353 22088.545 2218.658 0.23858039
14 354 22087.633 2205.6416 0.23857485
14 355 22086.143 2190.4712 0.23857683
14 356 22083.98 2173.1438 0.23858456
14 357 22081.137 2153.761 0.23859607
14 358 22077.686 2132.5193 0.23861039
14 359 22073.775 2109.6404 0.23862797
14 360 22069.59 2085.3003 0.23865017
14 361 22065.336 2059.6262 0.23867843
14 362 22061.19 2032.7587 0.23871344
14 363 22057.268 2005.0254 0.23875493
14 364 22053.646 1977.009 0.23880167
14 365 22050.365 1949.2291 0.23885188
14 366 22047.426 1921.9764 0.23890331
14 367 22044.818 1896.2689 0.23895365
14 368 22042.521 1872.7263 0.23900077
14 369 22040.512 1850.1757 0.2390435
14 370 22038.756 1828.2017 0.23908193
14 371 22037.22 1807.4518 0.23911715
14 372 22035.867 1788.1741 0.2391503
14 373 22034.658 1770.4679 0.23918189
14 374 22033.559 1754.3602 0.2392115
14 375 22032.531 1739.8042 0.2392381
14 376 22031.559 1726.6545 0.2392607
14 377 22030.615 1714.6616 0.23927881
14 378 22029.61 1703.5038 0.23929247
14 379 22028.521 1692.8403 0.23930223
14 380 22027.299 1682.3871 0.23930886
14 381 22025.885 1671.9537 0.23931317
14 382 22024.201 1661.4496 0.23931584
14 383 22022.133 1650.8873 0.23931745
14 384 22019.516 1640.352 0.23931837
14 385 22016.14 1629.9706 0.23931889
14 386 22011.785 1619.8851 0.23931918
14 387 22006.248 1610.2334 0.23931934
14 388 21999.38 1601.1327 0.23931941
14 389 21991.102 1592.6699 0.23931946
14 390 21981.406 1584.8976 0.23931949
14 391 21970.355 1577.8347 0.2393195
14 392 21958.072 1571.472 0.2393195
14 393 21944.727 1565.7794 0.2393195
14 394 21930.516 1560.7126 0.2393195
14 395 21915.637 1556.2197 0.2393195
14 396 21900.244 1552.2465 0.2393195
14 397 21884.438 1548.7389 0.2393195
14 398 21868.252 1545.6462 0.2393195
14 399 21851.674 1542.9213 0.2393195
14 400 21834.662 1540.521 0.2393195
14 401 21817.172 1538.4048 0.2393195
14 402 21799.17 1536.5328 0.2393195
14 403 21780.664 1534.8643 0.2393195
14 404 21761.691 1533.3558 0.2393195
14 405 21742.309 1531.9624 0.2393195
14 406 21722.566 1530.6453 0.2393195
14 407 21702.496 1529.3752 0.2393195
14 408 21682.111 1528.1222 0.2393195
14 409 21661.447 1526.8688 0.2393195
14 410 21640.562 1525.5936 0.2393195
14 411 21619.537 1524.3257 0.2393195
14 412 21598.42 1523.0665 0.2393195
14 413 21577.193 1521.7372 0.2393195
14 414 21555.781 1520.2649 0.2393195
14 415 21534.05 1518.5604 0.2393195
14 416 21511.861 1516.5446 0.2393195
14 417 21489.113 1514.1709 0.2393195
14 418 21465.785 1511.4379 0.2393195
14 419 21441.936 1508.3851 0.2393195
14 420 21417.674 1505.0789 0.2393195
14 421 21393.127 1501.5944 0.2393195
14 422 21368.4 1498.0052 0.2393195
14 423 21343.582 1494.3817 0.2393195
14 424 21318.762 1490.8497 0.2393195
14 425 21294.04 1487.4935 0.2393195
14 426 21269.535 1484.4579 0.2393195
14 427 21245.412 1481.8909 0.2393195
14 428 21221.86 1479.9136 0.2393195
14 429 21199.096 1478.5968 0.2393195
14 430 21177.336 1477.9572 0.2393195
14 431 21156.771 1477.9716 0.2393195
14 432 21137.537 1478.6018 0.2393195
14 433 21119.7 1479.8223 0.2393195
14 434 21103.229 1481.6471 0.2393195
14 435 21088.01 1484.1552 0.2393195
14 436 21073.838 1487.4976 0.2393195
14 437 21060.443 1491.8816 0.2393195
14 438 21047.54 1497.5266 0.2393195
14 439 21034.854 1504.6072 0.2393195
14 440 21022.154 1513.2018 0.2393195
14 441 21009.268 1523.2631 0.2393195
14 442 20996.09 1534.6171 0.2393195
14 443 20982.59 1546.9893 0.2393195
14 444 20968.79 1560.0486 0.2393195
14 445 20954.75 1573.4585 0.2393195
14 446 20940.541 1586.922 0.2393195
14 447 20926.236 1600.2124 0.2393195
14 448 20911.87 1613.1859 0.2393195
14 449 20897.475 1625.7788 0.2393195
14 450 20883.074 1637.9933 0.2393195
14 451 20868.752 1649.8788 0.2393195
14 452 20854.58 1661.5144 0.2393195
14 453 20840.652 1672.9955 0.2393195
14 454 20827.08 1684.4071 0.2393195
14 455 20813.986 1695.8303 0.2393195
14 456 20801.492 1707.3468 0.2393195
14 457 20789.709 1719.0194 0.2393195
14 458 20778.723 1730.8953 0.2393195
14 459 20768.596 1743.0045 0.2393195
14 460 20759.355 1755.3583 0.2393195
14 461 20751.0 1767.9468 0.2393195
14 462 20743.496 1780.7394 0.2393195
14 463 20736.799 1793.6877 0.2393195
14 464 20730.848 1806.7328 0.2393195
14 465 20725.576 1819.8103 0.2393195
14 466 20720.916 1832.8363 0.2393195
14 467 20716.805 1845.7703 0.2393195
14 468 20713.18 1858.5503 0.2393195
14 469 20709.988 1871.114 0.2393195
14 470 20707.178 1883.4039 0.2393195
14 471 20704.703 1895.375 0.2393195
14 472 20702.525 1907.0009 0.2393195
14 473 20700.61 1918.275 0.2393195
14 474 20698.924 1929.2091 0.2393195
14 475 20697.44 1939.829 0.2393195
14 476 20696.133 1950.1709 0.2393195
14 477 20694.984 1960.2769 0.2393195
14 478 20693.973 1970.1879 0.2393195
14 479 20693.082 1979.938 0.2393195
14 480 20692.299 1989.5499 0.2393195
14 481 20691.607 1999.0339 0.2393195
14 482 20690.996 2008.389 0.2393195
14 483 20690.451 2017.605 0.2393195
14 484 20689.965 2026.6622 0.2393195
14 485 20689.53 2035.5325 0.2393195
14 486 20689.145 2044.1807 0.2393195
14 487 20688.783 2052.569 0.2393195
14 488 20688.475 2060.6646 0.2393195
14 489 20688.22 2068.446 0.2393195
14 490 20688.02 2075.9104 0.2393195
14 491 20687.844 2083.0723 0.2393195
14 492 20687.691 2089.9563 0.2393195
14 493 20687.555 2096.5886 0.2393195
14 494 20687.434 2102.987 0.2393195
14 495 20687.328 2109.1602 0.2393195
14 496 20687.236 2115.1096 0.2393195
14 497 20687.156 2120.8376 0.2393195
14 498 20687.086 2126.3506 0.2393195
14 499 20687.021 2131.6597 0.2393195
14 500 20686.965 2136.7798 0.2393195
14 501 20686.916 2141.723 0.2393195
14 502 20686.873 2146.4934 0.2393195
14 503 20686.834 2151.0842 0.2393195
14 504 20686.799 2155.475 0.2393195
14 505 20686.77 2159.6377 0.2393195
14 506 20686.742 2163.5415 0.2393195
14 507 20686.72 2167.1604 0.2393195
14 508 20686.701 2170.478 0.2393195
14 509 20686.684 2173.4895 0.2393195
14 510 20686.67 2176.2002 0.2393195
14 511 20686.656 2178.624 0.2393195
14 512 20686.643 2180.7805 0.2393195
14 513 20686.633 2182.692 0.2393195
14 514 20686.623 2184.3818 0.2393195
14 515 20686.617 2185.8735 0.2393195
14 516 20686.61 2187.1885 0.2393195
14 517 20686.602 2188.3467 0.2393195
14 518 20686.598 2189.3667 0.2393195
14 519 20686.592 2190.2646 0.2393195
14 520 20686.586 2191.0552 0.2393195
14 521 20686.582 2191.7507 0.2393195
14 522 20686.58 2192.363 0.2393195
14 523 20686.578 2192.9023 0.2393195
14 524 20686.574 2193.3774 0.2393195
14 525 20686.572 2193.7979 0.2393195
14 526 20686.57 2194.172 0.2393195
14 527 20686.566 2194.5073 0.2393195
14 528 20686.564 2194.8071 0.2393195
14 529 20686.562 2195.072 0.2393195
14 530 20686.562 2195.3196 0.2393195
14 531 20686.562 2195.5317 0.2393195
14 532 20686.562 2195.707 0.2393195
14 533 20686.562 2195.8445 0.2393195
14 534 20686.562 2195.9656 0.2393195
14 535 20686.562 2196.072 0.2393195
14 536 20686.562 2196.1658 0.2393195
14 537 20686.562 2196.248 0.2393195
14 538 20686.562 2196.3208 0.2393195
14 539 20686.562 2196.3845 0.2393195
14 540 20686.562 2196.4407 0.2393195
14 541 20686.562 2196.4902 0.2393195
14 542 20686.562 2196.5337 0.2393195
14 543 20686.562 2196.572 0.2393195
14 544 20686.562 2196.6057 0.2393195
14 545 20686.562 2196.6353 0.2393195
14 546 20686.562 2196.6614 0.2393195
14 547 20686.562 2196.6843 0.2393195
14 548 20686.562 2196.7046 0.2393195
14 549 20686.562 2196.7224 0.2393195
14 550 20686.562 2196.738 0.2393195
14 551 20686.562 2196.7517 0.2393195
14 552 20686.562 2196.7637 0.2393195
14 553 20686.562 2196.7744 0.2393195
14 554 20686.562 2196.7837 0.2393195
